Resource,ERC_REST_biomass_1,ERC_REST_conventional_hydroelectric_1,NaturalGas_CCAvgCF_Moderate,NaturalGas_CTAvgCF_Moderate,NaturalGas_CCCCSAvgCF_Moderate,NaturalGas_CCS100_Moderate,ERC_nuclear_1,LandbasedWind_Class3_Moderate_130,UtilityPV_Class1_Moderate_100_0.2,Liion_Moderate,TEGS
Zone,1,1,1,1,1,1,1,1,1,1,1
t1,0.0,0.0,0.0,0.0,0.0,0.0,0.0,0.0,0.0,0.0,0.0
t2,0.0,0.0,0.0,0.0,0.0,0.0,0.0,0.0,0.0,0.0,0.0
t3,0.0,0.0,0.0,0.0,0.0,0.0,0.0,0.0,0.0,0.0,0.0
t4,0.0,0.0,0.0,0.0,0.0,0.0,0.0,0.0,0.0,339.18071211689403,0.0
t5,0.0,0.0,0.0,0.0,0.0,0.0,0.0,0.0,0.0,3088.8253301564737,0.0
t6,0.0,0.0,0.0,0.0,0.0,0.0,0.0,0.0,0.0,3088.8253301564737,0.0
t7,0.0,0.0,0.0,0.0,0.0,0.0,0.0,0.0,0.0,3460.9594729935175,0.0
t8,0.0,0.0,0.0,0.0,0.0,0.0,0.0,0.0,0.0,2735.960277032193,0.0
t9,0.0,0.0,0.0,0.0,0.0,0.0,0.0,0.0,0.0,4.547473508864641e-13,0.0
t10,0.0,0.0,0.0,0.0,0.0,0.0,0.0,0.0,0.0,0.0,0.0
t11,0.0,0.0,0.0,0.0,0.0,0.0,0.0,0.0,0.0,26578.207124892666,0.0
t12,0.0,0.0,0.0,0.0,0.0,0.0,0.0,0.0,0.0,58663.026317129545,0.0
t13,0.0,0.0,0.0,0.0,0.0,0.0,0.0,0.0,0.0,82135.37361447707,0.0
t14,0.0,0.0,0.0,0.0,0.0,0.0,0.0,0.0,0.0,107414.3946870539,0.0
t15,0.0,0.0,0.0,0.0,0.0,0.0,0.0,0.0,0.0,139499.21387929076,0.0
t16,0.0,0.0,0.0,0.0,0.0,0.0,0.0,0.0,0.0,139499.21387929076,54887.156546140024
t17,0.0,0.0,0.0,0.0,0.0,0.0,0.0,0.0,0.0,139499.21387929076,87465.79397861703
t18,0.0,0.0,0.0,0.0,0.0,0.0,0.0,0.0,0.0,139499.21387929076,101834.0374917294
t19,0.0,0.0,0.0,0.0,0.0,0.0,0.0,0.0,0.0,139499.21387929076,88795.02130736799
t20,0.0,0.0,0.0,0.0,0.0,0.0,0.0,0.0,0.0,139499.21387929076,35488.83597631715
t21,0.0,0.0,0.0,0.0,0.0,0.0,0.0,0.0,0.0,137951.89244203473,0.0
t22,0.0,0.0,0.0,0.0,0.0,0.0,0.0,0.0,0.0,123584.51840188589,0.0
t23,0.0,0.0,0.0,0.0,0.0,0.0,0.0,0.0,0.0,109756.84388791195,0.0
t24,0.0,0.0,0.0,0.0,0.0,0.0,0.0,0.0,0.0,97586.57632628974,0.0
t25,0.0,0.0,0.0,0.0,0.0,0.0,0.0,0.0,0.0,87234.4947557137,0.0
t26,0.0,0.0,0.0,0.0,0.0,0.0,0.0,0.0,0.0,79683.9162752644,0.0
t27,0.0,0.0,0.0,0.0,0.0,0.0,0.0,0.0,0.0,74123.65835964648,0.0
t28,0.0,0.0,0.0,0.0,0.0,0.0,0.0,0.0,0.0,67687.00893117998,0.0
t29,0.0,0.0,0.0,0.0,0.0,0.0,0.0,0.0,0.0,61586.816769328674,0.0
t30,0.0,0.0,0.0,0.0,0.0,0.0,0.0,0.0,0.0,52462.204903871214,0.0
t31,0.0,0.0,0.0,0.0,0.0,0.0,0.0,0.0,0.0,40279.79172421356,0.0
t32,0.0,0.0,0.0,0.0,0.0,0.0,0.0,0.0,0.0,23565.00456896222,0.0
t33,0.0,0.0,0.0,0.0,0.0,0.0,0.0,0.0,0.0,3913.8657613724313,0.0
t34,0.0,0.0,0.0,0.0,0.0,0.0,0.0,0.0,0.0,0.0,0.0
t35,0.0,0.0,0.0,0.0,0.0,0.0,0.0,0.0,0.0,15269.989500408705,0.0
t36,0.0,0.0,0.0,0.0,0.0,0.0,0.0,0.0,0.0,44599.1511918074,0.0
t37,0.0,0.0,0.0,0.0,0.0,0.0,0.0,0.0,0.0,76683.97038404428,0.0
t38,0.0,0.0,0.0,0.0,0.0,0.0,0.0,0.0,0.0,108768.78957628115,0.0
t39,0.0,0.0,0.0,0.0,0.0,0.0,0.0,0.0,0.0,139499.21387929076,17781.291062318393
t40,0.0,0.0,0.0,0.0,0.0,0.0,0.0,0.0,0.0,139499.21387929076,61070.128390055164
t41,0.0,0.0,0.0,0.0,0.0,0.0,0.0,0.0,0.0,139499.21387929076,85827.9583250327
t42,0.0,0.0,0.0,0.0,0.0,0.0,0.0,0.0,0.0,139499.21387929076,90217.06878355985
t43,0.0,0.0,0.0,0.0,0.0,0.0,0.0,0.0,0.0,139499.21387929076,68268.04505130442
t44,0.0,0.0,0.0,0.0,0.0,0.0,0.0,0.0,0.0,139499.21387929076,13474.76161594598
t45,0.0,0.0,0.0,0.0,0.0,0.0,0.0,0.0,0.0,132227.74758473667,0.0
t46,0.0,0.0,0.0,0.0,0.0,0.0,0.0,0.0,0.0,119283.57614286414,0.0
t47,0.0,0.0,0.0,0.0,0.0,0.0,0.0,0.0,0.0,107067.56908103249,0.0
t48,0.0,0.0,0.0,0.0,0.0,0.0,0.0,0.0,0.0,97469.91677678941,0.0
t49,0.0,0.0,0.0,0.0,0.0,0.0,0.0,0.0,0.0,90870.5301846128,0.0
t50,0.0,0.0,0.0,0.0,0.0,0.0,0.0,0.0,0.0,86206.53459278421,0.0
t51,0.0,0.0,0.0,0.0,0.0,0.0,0.0,0.0,0.0,81972.80221577152,0.0
t52,0.0,0.0,0.0,0.0,0.0,0.0,0.0,0.0,0.0,77417.43316084979,0.0
t53,0.0,0.0,0.0,0.0,0.0,0.0,0.0,0.0,0.0,72139.87062313015,0.0
t54,0.0,0.0,0.0,0.0,0.0,0.0,0.0,0.0,0.0,64621.190753631694,0.0
t55,0.0,0.0,0.0,0.0,0.0,0.0,0.0,0.0,0.0,52084.081048276166,0.0
t56,0.0,0.0,0.0,0.0,0.0,0.0,0.0,0.0,0.0,30925.98443717311,0.0
t57,0.0,0.0,0.0,0.0,0.0,0.0,0.0,0.0,0.0,7795.091914621153,0.0
t58,0.0,0.0,0.0,0.0,0.0,0.0,0.0,0.0,0.0,0.0,0.0
t59,0.0,0.0,0.0,0.0,0.0,0.0,0.0,0.0,0.0,7157.51267982607,0.0
t60,0.0,0.0,0.0,0.0,0.0,0.0,0.0,0.0,0.0,30022.350080562755,0.0
t61,0.0,0.0,0.0,0.0,0.0,0.0,0.0,0.0,0.0,62107.169272799634,0.0
t62,0.0,0.0,0.0,0.0,0.0,0.0,0.0,0.0,0.0,94191.98846503651,0.0
t63,0.0,0.0,0.0,0.0,0.0,0.0,0.0,0.0,0.0,126276.8076572734,11308.315273627813
t64,0.0,0.0,0.0,0.0,0.0,0.0,0.0,0.0,0.0,139499.21387929076,39077.68060101801
t65,0.0,0.0,0.0,0.0,0.0,0.0,0.0,0.0,0.0,139499.21387929076,67570.15044403783
t66,0.0,0.0,0.0,0.0,0.0,0.0,0.0,0.0,0.0,139499.21387929076,75183.86221383377
t67,0.0,0.0,0.0,0.0,0.0,0.0,0.0,0.0,0.0,139499.21387929076,57568.20212913844
t68,0.0,0.0,0.0,0.0,0.0,0.0,0.0,0.0,0.0,139499.21387929076,0.0
t69,0.0,0.0,0.0,0.0,0.0,0.0,0.0,0.0,0.0,119222.05780019704,0.0
t70,0.0,0.0,0.0,0.0,0.0,0.0,0.0,0.0,0.0,100316.75595106793,0.0
t71,0.0,0.0,0.0,0.0,0.0,0.0,0.0,0.0,0.0,85211.5635989679,0.0
t72,0.0,0.0,0.0,0.0,0.0,0.0,0.0,0.0,0.0,74007.25049708775,0.0
t73,0.0,0.0,0.0,0.0,0.0,0.0,0.0,0.0,0.0,66471.28899104519,0.0
t74,0.0,0.0,0.0,0.0,0.0,0.0,0.0,0.0,0.0,62093.49966954633,0.0
t75,0.0,0.0,0.0,0.0,0.0,0.0,0.0,0.0,0.0,60299.93687285557,0.0
t76,0.0,0.0,0.0,0.0,0.0,0.0,0.0,0.0,0.0,58928.34512540769,0.0
t77,0.0,0.0,0.0,0.0,0.0,0.0,0.0,0.0,0.0,56968.20992357371,0.0
t78,0.0,0.0,0.0,0.0,0.0,0.0,0.0,0.0,0.0,51441.50439684558,0.0
t79,0.0,0.0,0.0,0.0,0.0,0.0,0.0,0.0,0.0,40665.2742732358,0.0
t80,0.0,0.0,0.0,0.0,0.0,0.0,0.0,0.0,0.0,22731.047055126764,0.0
t81,0.0,0.0,0.0,0.0,0.0,0.0,0.0,0.0,0.0,5168.232001122662,0.0
t82,0.0,0.0,0.0,0.0,0.0,0.0,0.0,0.0,0.0,0.0,0.0
t83,0.0,0.0,0.0,0.0,0.0,0.0,0.0,0.0,0.0,12866.507606198997,0.0
t84,0.0,0.0,0.0,0.0,0.0,0.0,0.0,0.0,0.0,37949.86686025376,0.0
t85,0.0,0.0,0.0,0.0,0.0,0.0,0.0,0.0,0.0,70034.68605249064,0.0
t86,0.0,0.0,0.0,0.0,0.0,0.0,0.0,0.0,0.0,102119.50524472751,0.0
t87,0.0,0.0,0.0,0.0,0.0,0.0,0.0,0.0,0.0,134204.32443696438,7897.790891513496
t88,0.0,0.0,0.0,0.0,0.0,0.0,0.0,0.0,0.0,139499.21387929076,40430.612945084984
t89,0.0,0.0,0.0,0.0,0.0,0.0,0.0,0.0,0.0,139499.21387929076,67794.03278291525
t90,0.0,0.0,0.0,0.0,0.0,0.0,0.0,0.0,0.0,139499.21387929076,74141.246438023
t91,0.0,0.0,0.0,0.0,0.0,0.0,0.0,0.0,0.0,139499.21387929076,57048.73415173308
t92,0.0,0.0,0.0,0.0,0.0,0.0,0.0,0.0,0.0,139499.21387929076,9670.701083294152
t93,0.0,0.0,0.0,0.0,0.0,0.0,0.0,0.0,0.0,128865.49005379157,0.0
t94,0.0,0.0,0.0,0.0,0.0,0.0,0.0,0.0,0.0,115716.9162041925,0.0
t95,0.0,0.0,0.0,0.0,0.0,0.0,0.0,0.0,0.0,103759.20671680891,0.0
t96,0.0,0.0,0.0,0.0,0.0,0.0,0.0,0.0,0.0,95410.73495923495,0.0
t97,0.0,0.0,0.0,0.0,0.0,0.0,0.0,0.0,0.0,89474.75791828347,0.0
t98,0.0,0.0,0.0,0.0,0.0,0.0,0.0,0.0,0.0,85582.00616863825,0.0
t99,0.0,0.0,0.0,0.0,0.0,0.0,0.0,0.0,0.0,82150.06959619655,0.0
t100,0.0,0.0,0.0,0.0,0.0,0.0,0.0,0.0,0.0,78303.05982598603,0.0
t101,0.0,0.0,0.0,0.0,0.0,0.0,0.0,0.0,0.0,73223.93781399689,0.0
t102,0.0,0.0,0.0,0.0,0.0,0.0,0.0,0.0,0.0,66184.28340937458,0.0
t103,0.0,0.0,0.0,0.0,0.0,0.0,0.0,0.0,0.0,54247.290607417526,0.0
t104,0.0,0.0,0.0,0.0,0.0,0.0,0.0,0.0,0.0,34977.02669064276,0.0
t105,0.0,0.0,0.0,0.0,0.0,0.0,0.0,0.0,0.0,13500.578207321742,0.0
t106,0.0,0.0,0.0,0.0,0.0,0.0,0.0,0.0,0.0,1.8189894035458565e-12,0.0
t107,0.0,0.0,0.0,0.0,0.0,0.0,0.0,0.0,0.0,6347.859008773408,0.0
t108,0.0,0.0,0.0,0.0,0.0,0.0,0.0,0.0,0.0,26833.814287013687,0.0
t109,0.0,0.0,0.0,0.0,0.0,0.0,0.0,0.0,0.0,51100.98344148721,0.0
t110,0.0,0.0,0.0,0.0,0.0,0.0,0.0,0.0,0.0,81808.62762751366,0.0
t111,0.0,0.0,0.0,0.0,0.0,0.0,0.0,0.0,0.0,111363.72765163433,0.0
t112,0.0,0.0,0.0,0.0,0.0,0.0,0.0,0.0,0.0,139499.21387929076,0.0
t113,0.0,0.0,0.0,0.0,0.0,0.0,0.0,0.0,0.0,139499.21387929076,23640.392059512615
t114,0.0,0.0,0.0,0.0,0.0,0.0,0.0,0.0,0.0,139499.21387929076,30303.66803278928
t115,0.0,0.0,0.0,0.0,0.0,0.0,0.0,0.0,0.0,139499.21387929076,9452.564762426415
t116,0.0,0.0,0.0,0.0,0.0,0.0,0.0,0.0,0.0,124788.93792467372,0.0
t117,0.0,0.0,0.0,0.0,0.0,0.0,0.0,0.0,0.0,106522.65244916119,0.0
t118,0.0,0.0,0.0,0.0,0.0,0.0,0.0,0.0,0.0,87642.60912895802,0.0
t119,0.0,0.0,0.0,0.0,0.0,0.0,0.0,0.0,0.0,72630.06344838072,0.0
t120,0.0,0.0,0.0,0.0,0.0,0.0,0.0,0.0,0.0,62288.93833565949,0.0
t121,0.0,0.0,0.0,0.0,0.0,0.0,0.0,0.0,0.0,55472.25009454736,0.0
t122,0.0,0.0,0.0,0.0,0.0,0.0,0.0,0.0,0.0,51188.230900102746,0.0
t123,0.0,0.0,0.0,0.0,0.0,0.0,0.0,0.0,0.0,49621.79354830478,0.0
t124,0.0,0.0,0.0,0.0,0.0,0.0,0.0,0.0,0.0,48542.701117093085,0.0
t125,0.0,0.0,0.0,0.0,0.0,0.0,0.0,0.0,0.0,47551.30306555525,0.0
t126,0.0,0.0,0.0,0.0,0.0,0.0,0.0,0.0,0.0,44571.686445712076,0.0
t127,0.0,0.0,0.0,0.0,0.0,0.0,0.0,0.0,0.0,37780.12839188359,0.0
t128,0.0,0.0,0.0,0.0,0.0,0.0,0.0,0.0,0.0,23203.18774145821,0.0
t129,0.0,0.0,0.0,0.0,0.0,0.0,0.0,0.0,0.0,5974.837689180051,0.0
t130,0.0,0.0,0.0,0.0,0.0,0.0,0.0,0.0,0.0,0.0,0.0
t131,0.0,0.0,0.0,0.0,0.0,0.0,0.0,0.0,0.0,0.0,0.0
t132,0.0,0.0,0.0,0.0,0.0,0.0,0.0,0.0,0.0,13753.856163464236,0.0
t133,0.0,0.0,0.0,0.0,0.0,0.0,0.0,0.0,0.0,36099.4962732326,0.0
t134,0.0,0.0,0.0,0.0,0.0,0.0,0.0,0.0,0.0,57143.029176607575,0.0
t135,0.0,0.0,0.0,0.0,0.0,0.0,0.0,0.0,0.0,89227.84836884445,0.0
t136,0.0,0.0,0.0,0.0,0.0,0.0,0.0,0.0,0.0,119127.19482798711,0.0
t137,0.0,0.0,0.0,0.0,0.0,0.0,0.0,0.0,0.0,139499.21387929076,19898.716452523382
t138,0.0,0.0,0.0,0.0,0.0,0.0,0.0,0.0,0.0,139499.21387929076,43531.30553768826
t139,0.0,0.0,0.0,0.0,0.0,0.0,0.0,0.0,0.0,139499.21387929076,39123.93507589104
t140,0.0,0.0,0.0,0.0,0.0,0.0,0.0,0.0,0.0,136462.4403622142,0.0
t141,0.0,0.0,0.0,0.0,0.0,0.0,0.0,0.0,0.0,118497.04263973152,0.0
t142,0.0,0.0,0.0,0.0,0.0,0.0,0.0,0.0,0.0,101856.09687661176,0.0
t143,0.0,0.0,0.0,0.0,0.0,0.0,0.0,0.0,0.0,86507.88239167441,0.0
t144,0.0,0.0,0.0,0.0,0.0,0.0,0.0,0.0,0.0,73519.20667062183,0.0
t145,0.0,0.0,0.0,0.0,0.0,0.0,0.0,0.0,0.0,63658.20167698693,0.0
t146,0.0,0.0,0.0,0.0,0.0,0.0,0.0,0.0,0.0,56449.97898804788,0.0
t147,0.0,0.0,0.0,0.0,0.0,0.0,0.0,0.0,0.0,50451.081033189694,0.0
t148,0.0,0.0,0.0,0.0,0.0,0.0,0.0,0.0,0.0,45585.35490237458,0.0
t149,0.0,0.0,0.0,0.0,0.0,0.0,0.0,0.0,0.0,40265.33777423613,0.0
t150,0.0,0.0,0.0,0.0,0.0,0.0,0.0,0.0,0.0,34378.94998425491,0.0
t151,0.0,0.0,0.0,0.0,0.0,0.0,0.0,0.0,0.0,26290.83350884091,0.0
t152,0.0,0.0,0.0,0.0,0.0,0.0,0.0,0.0,0.0,15315.814539201023,0.0
t153,0.0,0.0,0.0,0.0,0.0,0.0,0.0,0.0,0.0,1546.6696167791288,0.0
t154,0.0,0.0,0.0,0.0,0.0,0.0,0.0,0.0,0.0,0.0,0.0
t155,0.0,0.0,0.0,0.0,0.0,0.0,0.0,0.0,0.0,13633.4061698999,0.0
t156,0.0,0.0,0.0,0.0,0.0,0.0,0.0,0.0,0.0,43244.75630258014,0.0
t157,0.0,0.0,0.0,0.0,0.0,0.0,0.0,0.0,0.0,75329.57549481702,0.0
t158,0.0,0.0,0.0,0.0,0.0,0.0,0.0,0.0,0.0,107414.3946870539,0.0
t159,0.0,0.0,0.0,0.0,0.0,0.0,0.0,0.0,0.0,139499.21387929076,0.0
t160,0.0,0.0,0.0,0.0,0.0,0.0,0.0,0.0,0.0,139499.21387929076,45405.37386972818
t161,0.0,0.0,0.0,0.0,0.0,0.0,0.0,0.0,0.0,139499.21387929076,71606.91718517533
t162,0.0,0.0,0.0,0.0,0.0,0.0,0.0,0.0,0.0,139499.21387929076,77748.14387911791
t163,0.0,0.0,0.0,0.0,0.0,0.0,0.0,0.0,0.0,139499.21387929076,60389.34600202956
t164,0.0,0.0,0.0,0.0,0.0,0.0,0.0,0.0,0.0,139499.21387929076,5690.232420514672
t165,0.0,0.0,0.0,0.0,0.0,0.0,0.0,0.0,0.0,121732.43897578276,0.0
t166,0.0,0.0,0.0,0.0,0.0,0.0,0.0,0.0,0.0,103555.10449809898,0.0
t167,0.0,0.0,0.0,0.0,0.0,0.0,0.0,0.0,0.0,86898.59376212105,0.0
t168,0.0,0.0,0.0,0.0,0.0,0.0,0.0,0.0,0.0,73740.75294581178,0.0
t169,0.0,0.0,0.0,0.0,0.0,0.0,0.0,0.0,0.0,64427.98997002316,0.0
t170,0.0,0.0,0.0,0.0,0.0,0.0,0.0,0.0,0.0,57477.99048917547,0.0
t171,0.0,0.0,0.0,0.0,0.0,0.0,0.0,0.0,0.0,52740.59838373038,0.0
t172,0.0,0.0,0.0,0.0,0.0,0.0,0.0,0.0,0.0,49039.94316771972,0.0
t173,0.0,0.0,0.0,0.0,0.0,0.0,0.0,0.0,0.0,45605.047420649134,0.0
t174,0.0,0.0,0.0,0.0,0.0,0.0,0.0,0.0,0.0,40989.12322657066,0.0
t175,0.0,0.0,0.0,0.0,0.0,0.0,0.0,0.0,0.0,33619.46447955706,0.0
t176,0.0,0.0,0.0,0.0,0.0,0.0,0.0,0.0,0.0,23098.733142774247,0.0
t177,0.0,0.0,0.0,0.0,0.0,0.0,0.0,0.0,0.0,9430.807241691591,0.0
t178,0.0,0.0,0.0,0.0,0.0,0.0,0.0,0.0,0.0,0.0,0.0
t179,0.0,0.0,0.0,0.0,0.0,0.0,0.0,0.0,0.0,7702.243644949489,0.0
t180,0.0,0.0,0.0,0.0,0.0,0.0,0.0,0.0,0.0,27591.575647208527,0.0
t181,0.0,0.0,0.0,0.0,0.0,0.0,0.0,0.0,0.0,55110.93576015132,0.0
t182,0.0,0.0,0.0,0.0,0.0,0.0,0.0,0.0,0.0,82337.01976833271,0.0
t183,0.0,0.0,0.0,0.0,0.0,0.0,0.0,0.0,0.0,113624.5215244963,0.0
t184,0.0,0.0,0.0,0.0,0.0,0.0,0.0,0.0,0.0,135553.52586375404,0.0
t185,0.0,0.0,0.0,0.0,0.0,0.0,0.0,0.0,0.0,139499.21387929076,10424.537050096724
t186,0.0,0.0,0.0,0.0,0.0,0.0,0.0,0.0,0.0,139499.21387929076,12891.45499419942
t187,0.0,0.0,0.0,0.0,0.0,0.0,0.0,0.0,0.0,136464.02291059785,0.0
t188,0.0,0.0,0.0,0.0,0.0,0.0,0.0,0.0,0.0,123399.90633319243,0.0
t189,0.0,0.0,0.0,0.0,0.0,0.0,0.0,0.0,0.0,112025.00547509245,0.0
t190,0.0,0.0,0.0,0.0,0.0,0.0,0.0,0.0,0.0,100552.68725863684,0.0
t191,0.0,0.0,0.0,0.0,0.0,0.0,0.0,0.0,0.0,91532.95556657815,0.0
t192,0.0,0.0,0.0,0.0,0.0,0.0,0.0,0.0,0.0,86109.82161266908,0.0
t193,0.0,0.0,0.0,0.0,0.0,0.0,0.0,0.0,0.0,82272.77577478011,0.0
t194,0.0,0.0,0.0,0.0,0.0,0.0,0.0,0.0,0.0,81003.45841382317,0.0
t195,0.0,0.0,0.0,0.0,0.0,0.0,0.0,0.0,0.0,81003.45841382317,0.0
t196,0.0,0.0,0.0,0.0,0.0,0.0,0.0,0.0,0.0,81003.45841382317,0.0
t197,0.0,0.0,0.0,0.0,0.0,0.0,0.0,0.0,0.0,81003.45841382317,0.0
t198,0.0,0.0,0.0,0.0,0.0,0.0,0.0,0.0,0.0,78805.34090691572,0.0
t199,0.0,0.0,0.0,0.0,0.0,0.0,0.0,0.0,0.0,72662.05611446663,0.0
t200,0.0,0.0,0.0,0.0,0.0,0.0,0.0,0.0,0.0,59938.6859984965,0.0
t201,0.0,0.0,0.0,0.0,0.0,0.0,0.0,0.0,0.0,44868.95954843791,0.0
t202,0.0,0.0,0.0,0.0,0.0,0.0,0.0,0.0,0.0,27857.02140507478,0.0
t203,0.0,0.0,0.0,0.0,0.0,0.0,0.0,0.0,0.0,21223.15322347917,0.0
t204,0.0,0.0,0.0,0.0,0.0,0.0,0.0,0.0,0.0,22399.39968160279,0.0
t205,0.0,0.0,0.0,0.0,0.0,0.0,0.0,0.0,0.0,34175.6235296033,0.0
t206,0.0,0.0,0.0,0.0,0.0,0.0,0.0,0.0,0.0,54585.27875572021,0.0
t207,0.0,0.0,0.0,0.0,0.0,0.0,0.0,0.0,0.0,78198.9030866602,0.0
t208,0.0,0.0,0.0,0.0,0.0,0.0,0.0,0.0,0.0,102408.25347152185,0.0
t209,0.0,0.0,0.0,0.0,0.0,0.0,0.0,0.0,0.0,123838.62605438528,0.0
t210,0.0,0.0,0.0,0.0,0.0,0.0,0.0,0.0,0.0,136319.0359869716,0.0
t211,0.0,0.0,0.0,0.0,0.0,0.0,0.0,0.0,0.0,131725.01369103818,0.0
t212,0.0,0.0,0.0,0.0,0.0,0.0,0.0,0.0,0.0,113660.67648258097,0.0
t213,0.0,0.0,0.0,0.0,0.0,0.0,0.0,0.0,0.0,96859.79852548896,0.0
t214,0.0,0.0,0.0,0.0,0.0,0.0,0.0,0.0,0.0,82276.42661177396,0.0
t215,0.0,0.0,0.0,0.0,0.0,0.0,0.0,0.0,0.0,69111.63152870195,0.0
t216,0.0,0.0,0.0,0.0,0.0,0.0,0.0,0.0,0.0,60883.02529442733,0.0
t217,0.0,0.0,0.0,0.0,0.0,0.0,0.0,0.0,0.0,56478.78365474372,0.0
t218,0.0,0.0,0.0,0.0,0.0,0.0,0.0,0.0,0.0,54814.85273413777,0.0
t219,0.0,0.0,0.0,0.0,0.0,0.0,0.0,0.0,0.0,53366.924406281454,0.0
t220,0.0,0.0,0.0,0.0,0.0,0.0,0.0,0.0,0.0,52257.40690477786,0.0
t221,0.0,0.0,0.0,0.0,0.0,0.0,0.0,0.0,0.0,50902.02952305938,0.0
t222,0.0,0.0,0.0,0.0,0.0,0.0,0.0,0.0,0.0,48250.68420609951,0.0
t223,0.0,0.0,0.0,0.0,0.0,0.0,0.0,0.0,0.0,39040.16042884339,0.0
t224,0.0,0.0,0.0,0.0,0.0,0.0,0.0,0.0,0.0,24907.194442478947,0.0
t225,0.0,0.0,0.0,0.0,0.0,0.0,0.0,0.0,0.0,7159.5496201942415,0.0
t226,0.0,0.0,0.0,0.0,0.0,0.0,0.0,0.0,0.0,0.0,0.0
t227,0.0,0.0,0.0,0.0,0.0,0.0,0.0,0.0,0.0,9511.974383013829,0.0
t228,0.0,0.0,0.0,0.0,0.0,0.0,0.0,0.0,0.0,30936.528122292075,0.0
t229,0.0,0.0,0.0,0.0,0.0,0.0,0.0,0.0,0.0,62208.78005413302,0.0
t230,0.0,0.0,0.0,0.0,0.0,0.0,0.0,0.0,0.0,94293.59924636991,3935.5064573753993
t231,0.0,0.0,0.0,0.0,0.0,0.0,0.0,0.0,0.0,126378.41843860678,6998.023438716248
t232,0.0,0.0,0.0,0.0,0.0,0.0,0.0,0.0,0.0,139499.21387929076,28107.73330637519
t233,0.0,0.0,0.0,0.0,0.0,0.0,0.0,0.0,0.0,139499.21387929076,51044.632278031546
t234,0.0,0.0,0.0,0.0,0.0,0.0,0.0,0.0,0.0,139499.21387929076,56323.73765947936
t235,0.0,0.0,0.0,0.0,0.0,0.0,0.0,0.0,0.0,139499.21387929076,44051.85233274289
t236,0.0,0.0,0.0,0.0,0.0,0.0,0.0,0.0,0.0,137183.11738608792,0.0
t237,0.0,0.0,0.0,0.0,0.0,0.0,0.0,0.0,0.0,117314.34301688605,0.0
t238,0.0,0.0,0.0,0.0,0.0,0.0,0.0,0.0,0.0,97924.15440333016,0.0
t239,0.0,0.0,0.0,0.0,0.0,0.0,0.0,0.0,0.0,80999.50526590901,0.0
t240,0.0,0.0,0.0,0.0,0.0,0.0,0.0,0.0,0.0,68899.01934027906,0.0
t241,0.0,0.0,0.0,0.0,0.0,0.0,0.0,0.0,0.0,61088.7480047032,0.0
t242,0.0,0.0,0.0,0.0,0.0,0.0,0.0,0.0,0.0,55997.92470673961,0.0
t243,0.0,0.0,0.0,0.0,0.0,0.0,0.0,0.0,0.0,53978.73636693663,0.0
t244,0.0,0.0,0.0,0.0,0.0,0.0,0.0,0.0,0.0,53318.82857945499,0.0
t245,0.0,0.0,0.0,0.0,0.0,0.0,0.0,0.0,0.0,52173.421736598786,0.0
t246,0.0,0.0,0.0,0.0,0.0,0.0,0.0,0.0,0.0,48462.89959446339,0.0
t247,0.0,0.0,0.0,0.0,0.0,0.0,0.0,0.0,0.0,39133.52551986453,0.0
t248,0.0,0.0,0.0,0.0,0.0,0.0,0.0,0.0,0.0,21500.586379874265,0.0
t249,0.0,0.0,0.0,0.0,0.0,0.0,0.0,0.0,0.0,2410.905868448892,0.0
t250,0.0,0.0,0.0,0.0,0.0,0.0,0.0,0.0,0.0,0.0,0.0
t251,0.0,0.0,0.0,0.0,0.0,0.0,0.0,0.0,0.0,13890.556404215713,0.0
t252,0.0,0.0,0.0,0.0,0.0,0.0,0.0,0.0,0.0,41505.70075229895,0.0
t253,0.0,0.0,0.0,0.0,0.0,0.0,0.0,0.0,0.0,73590.51994453583,0.0
t254,0.0,0.0,0.0,0.0,0.0,0.0,0.0,0.0,0.0,105675.3391367727,0.0
t255,0.0,0.0,0.0,0.0,0.0,0.0,0.0,0.0,0.0,137760.15832900957,0.0
t256,0.0,0.0,0.0,0.0,0.0,0.0,0.0,0.0,0.0,139499.21387929076,44591.55248033767
t257,0.0,0.0,0.0,0.0,0.0,0.0,0.0,0.0,0.0,139499.21387929076,73352.62355583145
t258,0.0,0.0,0.0,0.0,0.0,0.0,0.0,0.0,0.0,139499.21387929076,81768.94739603302
t259,0.0,0.0,0.0,0.0,0.0,0.0,0.0,0.0,0.0,139499.21387929076,67042.08717901577
t260,0.0,0.0,0.0,0.0,0.0,0.0,0.0,0.0,0.0,139499.21387929076,7256.684826496108
t261,0.0,0.0,0.0,0.0,0.0,0.0,0.0,0.0,0.0,124774.12276038645,0.0
t262,0.0,0.0,0.0,0.0,0.0,0.0,0.0,0.0,0.0,110157.68866001404,0.0
t263,0.0,0.0,0.0,0.0,0.0,0.0,0.0,0.0,0.0,96479.0085693295,0.0
t264,0.0,0.0,0.0,0.0,0.0,0.0,0.0,0.0,0.0,86531.3565651522,0.0
t265,0.0,0.0,0.0,0.0,0.0,0.0,0.0,0.0,0.0,81809.3498121376,0.0
t266,0.0,0.0,0.0,0.0,0.0,0.0,0.0,0.0,0.0,78075.57599418088,0.0
t267,0.0,0.0,0.0,0.0,0.0,0.0,0.0,0.0,0.0,71669.95915126105,0.0
t268,0.0,0.0,0.0,0.0,0.0,0.0,0.0,0.0,0.0,66887.12457403887,0.0
t269,0.0,0.0,0.0,0.0,0.0,0.0,0.0,0.0,0.0,63211.41524609998,0.0
t270,0.0,0.0,0.0,0.0,0.0,0.0,0.0,0.0,0.0,58527.947786973375,0.0
t271,0.0,0.0,0.0,0.0,0.0,0.0,0.0,0.0,0.0,48896.16411051867,0.0
t272,0.0,0.0,0.0,0.0,0.0,0.0,0.0,0.0,0.0,31603.17721851404,0.0
t273,0.0,0.0,0.0,0.0,0.0,0.0,0.0,0.0,0.0,10448.007488462932,0.0
t274,0.0,0.0,0.0,0.0,0.0,0.0,0.0,0.0,0.0,0.0,0.0
t275,0.0,0.0,0.0,0.0,0.0,0.0,0.0,0.0,0.0,8657.820104520655,0.0
t276,0.0,0.0,0.0,0.0,0.0,0.0,0.0,0.0,0.0,33656.60403166706,0.0
t277,0.0,0.0,0.0,0.0,0.0,0.0,0.0,0.0,0.0,65741.42322390393,3286.5928740785653
t278,0.0,0.0,0.0,0.0,0.0,0.0,0.0,0.0,0.0,97826.2424161408,3662.637962803528
t279,0.0,0.0,0.0,0.0,0.0,0.0,0.0,0.0,0.0,128700.72574563464,2746.978472102646
t280,0.0,0.0,0.0,0.0,0.0,0.0,0.0,0.0,0.0,139499.21387929076,20380.024509194474
t281,0.0,0.0,0.0,0.0,0.0,0.0,0.0,0.0,0.0,139499.21387929076,42694.760374327794
t282,0.0,0.0,0.0,0.0,0.0,0.0,0.0,0.0,0.0,139499.21387929076,58011.05979160486
t283,0.0,0.0,0.0,0.0,0.0,0.0,0.0,0.0,0.0,139499.21387929076,53013.54835866951
t284,0.0,0.0,0.0,0.0,0.0,0.0,0.0,0.0,0.0,139499.21387929076,13144.54663728499
t285,0.0,0.0,0.0,0.0,0.0,0.0,0.0,0.0,0.0,127569.28680823687,0.0
t286,0.0,0.0,0.0,0.0,0.0,0.0,0.0,0.0,0.0,110056.86045147362,0.0
t287,0.0,0.0,0.0,0.0,0.0,0.0,0.0,0.0,0.0,94736.66295601772,0.0
t288,0.0,0.0,0.0,0.0,0.0,0.0,0.0,0.0,0.0,83797.09042096882,0.0
t289,0.0,0.0,0.0,0.0,0.0,0.0,0.0,0.0,0.0,75859.47460740847,0.0
t290,0.0,0.0,0.0,0.0,0.0,0.0,0.0,0.0,0.0,70174.7674030758,0.0
t291,0.0,0.0,0.0,0.0,0.0,0.0,0.0,0.0,0.0,65804.82323768387,0.0
t292,0.0,0.0,0.0,0.0,0.0,0.0,0.0,0.0,0.0,61685.28255889284,0.0
t293,0.0,0.0,0.0,0.0,0.0,0.0,0.0,0.0,0.0,57016.35307300455,0.0
t294,0.0,0.0,0.0,0.0,0.0,0.0,0.0,0.0,0.0,51421.11139578913,0.0
t295,0.0,0.0,0.0,0.0,0.0,0.0,0.0,0.0,0.0,40767.92665158771,0.0
t296,0.0,0.0,0.0,0.0,0.0,0.0,0.0,0.0,0.0,21922.85301991341,0.0
t297,0.0,0.0,0.0,0.0,0.0,0.0,0.0,0.0,0.0,2141.898257519573,0.0
t298,0.0,0.0,0.0,0.0,0.0,0.0,0.0,0.0,0.0,0.0,0.0
t299,0.0,0.0,0.0,0.0,0.0,0.0,0.0,0.0,0.0,7401.543975384517,0.0
t300,0.0,0.0,0.0,0.0,0.0,0.0,0.0,0.0,0.0,22402.951998205528,0.0
t301,0.0,0.0,0.0,0.0,0.0,0.0,0.0,0.0,0.0,51714.14360003037,0.0
t302,0.0,0.0,0.0,0.0,0.0,0.0,0.0,0.0,0.0,83798.96279226725,0.0
t303,0.0,0.0,0.0,0.0,0.0,0.0,0.0,0.0,0.0,115883.78198450412,8899.387961206206
t304,0.0,0.0,0.0,0.0,0.0,0.0,0.0,0.0,0.0,139499.21387929076,25249.556334375382
t305,0.0,0.0,0.0,0.0,0.0,0.0,0.0,0.0,0.0,139499.21387929076,55848.94178557283
t306,0.0,0.0,0.0,0.0,0.0,0.0,0.0,0.0,0.0,139499.21387929076,65979.2538987962
t307,0.0,0.0,0.0,0.0,0.0,0.0,0.0,0.0,0.0,139499.21387929076,51679.588329653394
t308,0.0,0.0,0.0,0.0,0.0,0.0,0.0,0.0,0.0,139499.21387929076,0.0
t309,0.0,0.0,0.0,0.0,0.0,0.0,0.0,0.0,0.0,125704.91514487226,0.0
t310,0.0,0.0,0.0,0.0,0.0,0.0,0.0,0.0,0.0,111696.22704310642,0.0
t311,0.0,0.0,0.0,0.0,0.0,0.0,0.0,0.0,0.0,97560.96709644744,0.0
t312,0.0,0.0,0.0,0.0,0.0,0.0,0.0,0.0,0.0,85893.73069779424,0.0
t313,0.0,0.0,0.0,0.0,0.0,0.0,0.0,0.0,0.0,77095.5118363959,0.0
t314,0.0,0.0,0.0,0.0,0.0,0.0,0.0,0.0,0.0,70059.50246630004,0.0
t315,0.0,0.0,0.0,0.0,0.0,0.0,0.0,0.0,0.0,63723.12574811235,0.0
t316,0.0,0.0,0.0,0.0,0.0,0.0,0.0,0.0,0.0,57634.97264048064,0.0
t317,0.0,0.0,0.0,0.0,0.0,0.0,0.0,0.0,0.0,51072.481952014554,0.0
t318,0.0,0.0,0.0,0.0,0.0,0.0,0.0,0.0,0.0,43244.56020294086,0.0
t319,0.0,0.0,0.0,0.0,0.0,0.0,0.0,0.0,0.0,33167.562967348524,0.0
t320,0.0,0.0,0.0,0.0,0.0,0.0,0.0,0.0,0.0,19988.21112616749,0.0
t321,0.0,0.0,0.0,0.0,0.0,0.0,0.0,0.0,0.0,4344.168883563885,0.0
t322,0.0,0.0,0.0,0.0,0.0,0.0,0.0,0.0,0.0,0.0,0.0
t323,0.0,0.0,0.0,0.0,0.0,0.0,0.0,0.0,0.0,9534.434664954442,0.0
t324,0.0,0.0,0.0,0.0,0.0,0.0,0.0,0.0,0.0,35302.198212257244,0.0
t325,0.0,0.0,0.0,0.0,0.0,0.0,0.0,0.0,0.0,67387.01740449412,0.0
t326,0.0,0.0,0.0,0.0,0.0,0.0,0.0,0.0,0.0,99471.83659673101,0.0
t327,0.0,0.0,0.0,0.0,0.0,0.0,0.0,0.0,0.0,131556.65578896788,0.0
t328,0.0,0.0,0.0,0.0,0.0,0.0,0.0,0.0,0.0,139499.21387929076,41818.65295468602
t329,0.0,0.0,0.0,0.0,0.0,0.0,0.0,0.0,0.0,139499.21387929076,75242.65870597276
t330,0.0,0.0,0.0,0.0,0.0,0.0,0.0,0.0,0.0,139499.21387929076,87668.13139276346
t331,0.0,0.0,0.0,0.0,0.0,0.0,0.0,0.0,0.0,139499.21387929076,75504.83019251216
t332,0.0,0.0,0.0,0.0,0.0,0.0,0.0,0.0,0.0,139499.21387929076,20507.06259723301
t333,0.0,0.0,0.0,0.0,0.0,0.0,0.0,0.0,0.0,134210.01791099174,0.0
t334,0.0,0.0,0.0,0.0,0.0,0.0,0.0,0.0,0.0,120526.5742659297,0.0
t335,0.0,0.0,0.0,0.0,0.0,0.0,0.0,0.0,0.0,107385.15773887462,0.0
t336,0.0,0.0,0.0,0.0,0.0,0.0,0.0,0.0,0.0,94987.29419045695,0.0
t337,0.0,0.0,0.0,0.0,0.0,0.0,0.0,0.0,0.0,84336.26310024735,0.0
t338,0.0,0.0,0.0,0.0,0.0,0.0,0.0,0.0,0.0,75520.90931720776,0.0
t339,0.0,0.0,0.0,0.0,0.0,0.0,0.0,0.0,0.0,67269.866661496,0.0
t340,0.0,0.0,0.0,0.0,0.0,0.0,0.0,0.0,0.0,59496.09160710167,0.0
t341,0.0,0.0,0.0,0.0,0.0,0.0,0.0,0.0,0.0,51431.73497506219,0.0
t342,0.0,0.0,0.0,0.0,0.0,0.0,0.0,0.0,0.0,42638.17823272293,0.0
t343,0.0,0.0,0.0,0.0,0.0,0.0,0.0,0.0,0.0,32334.784854174777,0.0
t344,0.0,0.0,0.0,0.0,0.0,0.0,0.0,0.0,0.0,19207.568598170656,0.0
t345,0.0,0.0,0.0,0.0,0.0,0.0,0.0,0.0,0.0,4085.1036548543884,0.0
t346,0.0,0.0,0.0,0.0,0.0,0.0,0.0,0.0,0.0,0.0,0.0
t347,0.0,0.0,0.0,0.0,0.0,0.0,0.0,0.0,0.0,11296.357824552688,0.0
t348,0.0,0.0,0.0,0.0,0.0,0.0,0.0,0.0,0.0,32710.661669405923,0.0
t349,0.0,0.0,0.0,0.0,0.0,0.0,0.0,0.0,0.0,40939.663741853285,0.0
t350,0.0,0.0,0.0,0.0,0.0,0.0,0.0,0.0,0.0,64881.792184538426,0.0
t351,0.0,0.0,0.0,0.0,0.0,0.0,0.0,0.0,0.0,88801.95824625397,0.0
t352,0.0,0.0,0.0,0.0,0.0,0.0,0.0,0.0,0.0,120886.77743849086,0.0
t353,0.0,0.0,0.0,0.0,0.0,0.0,0.0,0.0,0.0,139499.21387929076,10304.552506478705
t354,0.0,0.0,0.0,0.0,0.0,0.0,0.0,0.0,0.0,139499.21387929076,24787.702381296134
t355,0.0,0.0,0.0,0.0,0.0,0.0,0.0,0.0,0.0,139499.21387929076,17870.01775107556
t356,0.0,0.0,0.0,0.0,0.0,0.0,0.0,0.0,0.0,130919.18617920608,0.0
t357,0.0,0.0,0.0,0.0,0.0,0.0,0.0,0.0,0.0,116166.61094343184,0.0
t358,0.0,0.0,0.0,0.0,0.0,0.0,0.0,0.0,0.0,101045.92687512895,0.0
t359,0.0,0.0,0.0,0.0,0.0,0.0,0.0,0.0,0.0,88383.62866067306,0.0
t360,0.0,0.0,0.0,0.0,0.0,0.0,0.0,0.0,0.0,78421.38763548143,0.0
t361,0.0,0.0,0.0,0.0,0.0,0.0,0.0,0.0,0.0,70296.99955025171,0.0
t362,0.0,0.0,0.0,0.0,0.0,0.0,0.0,0.0,0.0,63425.72109654835,0.0
t363,0.0,0.0,0.0,0.0,0.0,0.0,0.0,0.0,0.0,58425.18850503198,0.0
t364,0.0,0.0,0.0,0.0,0.0,0.0,0.0,0.0,0.0,53797.63848051112,0.0
t365,0.0,0.0,0.0,0.0,0.0,0.0,0.0,0.0,0.0,50037.09172199166,0.0
t366,0.0,0.0,0.0,0.0,0.0,0.0,0.0,0.0,0.0,44908.472990453905,0.0
t367,0.0,0.0,0.0,0.0,0.0,0.0,0.0,0.0,0.0,37549.8412124132,0.0
t368,0.0,0.0,0.0,0.0,0.0,0.0,0.0,0.0,0.0,26603.455064183996,0.0
t369,0.0,0.0,0.0,0.0,0.0,0.0,0.0,0.0,0.0,13826.260822252836,0.0
t370,0.0,0.0,0.0,0.0,0.0,0.0,0.0,0.0,0.0,0.0,0.0
t371,0.0,0.0,0.0,0.0,0.0,0.0,0.0,0.0,0.0,0.0,0.0
t372,0.0,0.0,0.0,0.0,0.0,0.0,0.0,0.0,0.0,20066.129725301485,0.0
t373,0.0,0.0,0.0,0.0,0.0,0.0,0.0,0.0,0.0,44735.304136084625,0.0
t374,0.0,0.0,0.0,0.0,0.0,0.0,0.0,0.0,0.0,73167.78885122127,0.0
t375,0.0,0.0,0.0,0.0,0.0,0.0,0.0,0.0,0.0,93848.42180284197,0.0
t376,0.0,0.0,0.0,0.0,0.0,0.0,0.0,0.0,0.0,115557.57217884871,0.0
t377,0.0,0.0,0.0,0.0,0.0,0.0,0.0,0.0,0.0,133930.52088278596,0.0
t378,0.0,0.0,0.0,0.0,0.0,0.0,0.0,0.0,0.0,139499.21387929076,0.0
t379,0.0,0.0,0.0,0.0,0.0,0.0,0.0,0.0,0.0,136657.31597593526,0.0
t380,0.0,0.0,0.0,0.0,0.0,0.0,0.0,0.0,0.0,119218.86909469453,0.0
t381,0.0,0.0,0.0,0.0,0.0,0.0,0.0,0.0,0.0,98517.99688984423,0.0
t382,0.0,0.0,0.0,0.0,0.0,0.0,0.0,0.0,0.0,81303.70301414035,0.0
t383,0.0,0.0,0.0,0.0,0.0,0.0,0.0,0.0,0.0,66561.22967064177,0.0
t384,0.0,0.0,0.0,0.0,0.0,0.0,0.0,0.0,0.0,55991.0312117116,0.0
t385,0.0,0.0,0.0,0.0,0.0,0.0,0.0,0.0,0.0,50858.55170546218,0.0
t386,0.0,0.0,0.0,0.0,0.0,0.0,0.0,0.0,0.0,51095.940603150244,0.0
t387,0.0,0.0,0.0,0.0,0.0,0.0,0.0,0.0,0.0,52491.22195576438,0.0
t388,0.0,0.0,0.0,0.0,0.0,0.0,0.0,0.0,0.0,53958.60183820369,0.0
t389,0.0,0.0,0.0,0.0,0.0,0.0,0.0,0.0,0.0,54738.14748019336,0.0
t390,0.0,0.0,0.0,0.0,0.0,0.0,0.0,0.0,0.0,53291.341037860984,0.0
t391,0.0,0.0,0.0,0.0,0.0,0.0,0.0,0.0,0.0,47519.079522164204,0.0
t392,0.0,0.0,0.0,0.0,0.0,0.0,0.0,0.0,0.0,35796.5232958943,0.0
t393,0.0,0.0,0.0,0.0,0.0,0.0,0.0,0.0,0.0,20128.18190717733,0.0
t394,0.0,0.0,0.0,0.0,0.0,0.0,0.0,0.0,0.0,12732.420575644315,0.0
t395,0.0,0.0,0.0,0.0,0.0,0.0,0.0,0.0,0.0,28312.003102062277,0.0
t396,0.0,0.0,0.0,0.0,0.0,0.0,0.0,0.0,0.0,58164.066332291484,0.0
t397,0.0,0.0,0.0,0.0,0.0,0.0,0.0,0.0,0.0,90248.88552452836,0.0
t398,0.0,0.0,0.0,0.0,0.0,0.0,0.0,0.0,0.0,122333.70471676523,6277.10291663291
t399,0.0,0.0,0.0,0.0,0.0,0.0,0.0,0.0,0.0,139499.21387929076,17160.432367510908
t400,0.0,0.0,0.0,0.0,0.0,0.0,0.0,0.0,0.0,139499.21387929076,45798.4676557789
t401,0.0,0.0,0.0,0.0,0.0,0.0,0.0,0.0,0.0,139499.21387929076,61549.84034135131
t402,0.0,0.0,0.0,0.0,0.0,0.0,0.0,0.0,0.0,139499.21387929076,65956.78963888428
t403,0.0,0.0,0.0,0.0,0.0,0.0,0.0,0.0,0.0,139499.21387929076,53160.763901414866
t404,0.0,0.0,0.0,0.0,0.0,0.0,0.0,0.0,0.0,139499.21387929076,0.0
t405,0.0,0.0,0.0,0.0,0.0,0.0,0.0,0.0,0.0,121024.84008349877,0.0
t406,0.0,0.0,0.0,0.0,0.0,0.0,0.0,0.0,0.0,104158.45181670389,0.0
t407,0.0,0.0,0.0,0.0,0.0,0.0,0.0,0.0,0.0,90744.11784242383,0.0
t408,0.0,0.0,0.0,0.0,0.0,0.0,0.0,0.0,0.0,80808.35453603594,0.0
t409,0.0,0.0,0.0,0.0,0.0,0.0,0.0,0.0,0.0,75992.68731967353,0.0
t410,0.0,0.0,0.0,0.0,0.0,0.0,0.0,0.0,0.0,73151.62574146263,0.0
t411,0.0,0.0,0.0,0.0,0.0,0.0,0.0,0.0,0.0,71419.03738187063,0.0
t412,0.0,0.0,0.0,0.0,0.0,0.0,0.0,0.0,0.0,70647.15966670722,0.0
t413,0.0,0.0,0.0,0.0,0.0,0.0,0.0,0.0,0.0,68219.75944366265,0.0
t414,0.0,0.0,0.0,0.0,0.0,0.0,0.0,0.0,0.0,63957.215587332634,0.0
t415,0.0,0.0,0.0,0.0,0.0,0.0,0.0,0.0,0.0,53040.64843049577,0.0
t416,0.0,0.0,0.0,0.0,0.0,0.0,0.0,0.0,0.0,32950.426802244714,0.0
t417,0.0,0.0,0.0,0.0,0.0,0.0,0.0,0.0,0.0,8357.325658772155,0.0
t418,0.0,0.0,0.0,0.0,0.0,0.0,0.0,0.0,0.0,0.0,0.0
t419,0.0,0.0,0.0,0.0,0.0,0.0,0.0,0.0,0.0,10764.716288565622,0.0
t420,0.0,0.0,0.0,0.0,0.0,0.0,0.0,0.0,0.0,35943.96576464245,0.0
t421,0.0,0.0,0.0,0.0,0.0,0.0,0.0,0.0,0.0,68028.78495687933,0.0
t422,0.0,0.0,0.0,0.0,0.0,0.0,0.0,0.0,0.0,100113.6041491162,0.0
t423,0.0,0.0,0.0,0.0,0.0,0.0,0.0,0.0,0.0,132198.42334135307,8803.267121951962
t424,0.0,0.0,0.0,0.0,0.0,0.0,0.0,0.0,0.0,139499.21387929076,41876.87223324563
t425,0.0,0.0,0.0,0.0,0.0,0.0,0.0,0.0,0.0,139499.21387929076,65552.29323467336
t426,0.0,0.0,0.0,0.0,0.0,0.0,0.0,0.0,0.0,139499.21387929076,71382.3140763946
t427,0.0,0.0,0.0,0.0,0.0,0.0,0.0,0.0,0.0,139499.21387929076,56297.37038636101
t428,0.0,0.0,0.0,0.0,0.0,0.0,0.0,0.0,0.0,139499.21387929076,42.58447577264451
t429,0.0,0.0,0.0,0.0,0.0,0.0,0.0,0.0,0.0,121534.3847304497,0.0
t430,0.0,0.0,0.0,0.0,0.0,0.0,0.0,0.0,0.0,104044.64943434701,0.0
t431,0.0,0.0,0.0,0.0,0.0,0.0,0.0,0.0,0.0,89003.89385623991,0.0
t432,0.0,0.0,0.0,0.0,0.0,0.0,0.0,0.0,0.0,77811.12084512827,0.0
t433,0.0,0.0,0.0,0.0,0.0,0.0,0.0,0.0,0.0,70705.61767633434,0.0
t434,0.0,0.0,0.0,0.0,0.0,0.0,0.0,0.0,0.0,65512.29382333525,0.0
t435,0.0,0.0,0.0,0.0,0.0,0.0,0.0,0.0,0.0,61035.789021540644,0.0
t436,0.0,0.0,0.0,0.0,0.0,0.0,0.0,0.0,0.0,57009.32035825511,0.0
t437,0.0,0.0,0.0,0.0,0.0,0.0,0.0,0.0,0.0,52987.90720348361,0.0
t438,0.0,0.0,0.0,0.0,0.0,0.0,0.0,0.0,0.0,47153.57687498258,0.0
t439,0.0,0.0,0.0,0.0,0.0,0.0,0.0,0.0,0.0,37556.97110166305,0.0
t440,0.0,0.0,0.0,0.0,0.0,0.0,0.0,0.0,0.0,21831.448363114738,0.0
t441,0.0,0.0,0.0,0.0,0.0,0.0,0.0,0.0,0.0,4354.838668044686,0.0
t442,0.0,0.0,0.0,0.0,0.0,0.0,0.0,0.0,0.0,0.0,0.0
t443,0.0,0.0,0.0,0.0,0.0,0.0,0.0,0.0,0.0,12791.897601524564,0.0
t444,0.0,0.0,0.0,0.0,0.0,0.0,0.0,0.0,0.0,39198.8496619639,0.0
t445,0.0,0.0,0.0,0.0,0.0,0.0,0.0,0.0,0.0,71283.66885420078,0.0
t446,0.0,0.0,0.0,0.0,0.0,0.0,0.0,0.0,0.0,103368.48804643765,0.0
t447,0.0,0.0,0.0,0.0,0.0,0.0,0.0,0.0,0.0,135453.30723867452,0.0
t448,0.0,0.0,0.0,0.0,0.0,0.0,0.0,0.0,0.0,139499.21387929076,39188.08077081
t449,0.0,0.0,0.0,0.0,0.0,0.0,0.0,0.0,0.0,139499.21387929076,67391.41541471782
t450,0.0,0.0,0.0,0.0,0.0,0.0,0.0,0.0,0.0,139499.21387929076,74933.29262875079
t451,0.0,0.0,0.0,0.0,0.0,0.0,0.0,0.0,0.0,139499.21387929076,61529.62480512798
t452,0.0,0.0,0.0,0.0,0.0,0.0,0.0,0.0,0.0,139499.21387929076,1259.1782953573638
t453,0.0,0.0,0.0,0.0,0.0,0.0,0.0,0.0,0.0,120035.71670376945,0.0
t454,0.0,0.0,0.0,0.0,0.0,0.0,0.0,0.0,0.0,101880.72208437318,0.0
t455,0.0,0.0,0.0,0.0,0.0,0.0,0.0,0.0,0.0,85105.09878256882,0.0
t456,0.0,0.0,0.0,0.0,0.0,0.0,0.0,0.0,0.0,71526.73211582805,0.0
t457,0.0,0.0,0.0,0.0,0.0,0.0,0.0,0.0,0.0,65113.34676108532,0.0
t458,0.0,0.0,0.0,0.0,0.0,0.0,0.0,0.0,0.0,61728.574896746526,0.0
t459,0.0,0.0,0.0,0.0,0.0,0.0,0.0,0.0,0.0,58315.815462159764,0.0
t460,0.0,0.0,0.0,0.0,0.0,0.0,0.0,0.0,0.0,55638.841389769506,0.0
t461,0.0,0.0,0.0,0.0,0.0,0.0,0.0,0.0,0.0,53751.87456163201,0.0
t462,0.0,0.0,0.0,0.0,0.0,0.0,0.0,0.0,0.0,50136.505111143495,0.0
t463,0.0,0.0,0.0,0.0,0.0,0.0,0.0,0.0,0.0,41757.59184576823,0.0
t464,0.0,0.0,0.0,0.0,0.0,0.0,0.0,0.0,0.0,27362.479846843682,0.0
t465,0.0,0.0,0.0,0.0,0.0,0.0,0.0,0.0,0.0,9882.94626381325,0.0
t466,0.0,0.0,0.0,0.0,0.0,0.0,0.0,0.0,0.0,1.8189894035458565e-12,0.0
t467,0.0,0.0,0.0,0.0,0.0,0.0,0.0,0.0,0.0,10542.42973755513,0.0
t468,0.0,0.0,0.0,0.0,0.0,0.0,0.0,0.0,0.0,29588.211156328398,0.0
t469,0.0,0.0,0.0,0.0,0.0,0.0,0.0,0.0,0.0,61673.03034856528,0.0
t470,0.0,0.0,0.0,0.0,0.0,0.0,0.0,0.0,0.0,93757.84954080216,0.0
t471,0.0,0.0,0.0,0.0,0.0,0.0,0.0,0.0,0.0,125842.66873303903,0.0
t472,0.0,0.0,0.0,0.0,0.0,0.0,0.0,0.0,0.0,139499.21387929076,25163.22919059737
t473,0.0,0.0,0.0,0.0,0.0,0.0,0.0,0.0,0.0,139499.21387929076,57618.5155199578
t474,0.0,0.0,0.0,0.0,0.0,0.0,0.0,0.0,0.0,139499.21387929076,72537.42902045014
t475,0.0,0.0,0.0,0.0,0.0,0.0,0.0,0.0,0.0,139499.21387929076,62411.37819966301
t476,0.0,0.0,0.0,0.0,0.0,0.0,0.0,0.0,0.0,139499.21387929076,12572.7004408442
t477,0.0,0.0,0.0,0.0,0.0,0.0,0.0,0.0,0.0,129299.26353079533,0.0
t478,0.0,0.0,0.0,0.0,0.0,0.0,0.0,0.0,0.0,116358.2071769418,0.0
t479,0.0,0.0,0.0,0.0,0.0,0.0,0.0,0.0,0.0,104883.57235069326,0.0
t480,0.0,0.0,0.0,0.0,0.0,0.0,0.0,0.0,0.0,93453.69988138285,0.0
t481,0.0,0.0,0.0,0.0,0.0,0.0,0.0,0.0,0.0,85609.83276707426,0.0
t482,0.0,0.0,0.0,0.0,0.0,0.0,0.0,0.0,0.0,79858.96182651425,0.0
t483,0.0,0.0,0.0,0.0,0.0,0.0,0.0,0.0,0.0,73378.99178617758,0.0
t484,0.0,0.0,0.0,0.0,0.0,0.0,0.0,0.0,0.0,66730.52487496585,0.0
t485,0.0,0.0,0.0,0.0,0.0,0.0,0.0,0.0,0.0,59574.14191052475,0.0
t486,0.0,0.0,0.0,0.0,0.0,0.0,0.0,0.0,0.0,51443.309787971106,0.0
t487,0.0,0.0,0.0,0.0,0.0,0.0,0.0,0.0,0.0,40752.670483714915,0.0
t488,0.0,0.0,0.0,0.0,0.0,0.0,0.0,0.0,0.0,26737.81394015428,0.0
t489,0.0,0.0,0.0,0.0,0.0,0.0,0.0,0.0,0.0,9214.409099706289,0.0
t490,0.0,0.0,0.0,0.0,0.0,0.0,0.0,0.0,0.0,0.0,0.0
t491,0.0,0.0,0.0,0.0,0.0,0.0,0.0,0.0,0.0,9043.196163775017,0.0
t492,0.0,0.0,0.0,0.0,0.0,0.0,0.0,0.0,0.0,32059.68899621138,0.0
t493,0.0,0.0,0.0,0.0,0.0,0.0,0.0,0.0,0.0,64144.50818844826,0.0
t494,0.0,0.0,0.0,0.0,0.0,0.0,0.0,0.0,0.0,96229.32738068514,0.0
t495,0.0,0.0,0.0,0.0,0.0,0.0,0.0,0.0,0.0,128314.146572922,244.49626808934343
t496,0.0,0.0,0.0,0.0,0.0,0.0,0.0,0.0,0.0,139499.21387929076,21709.622786642376
t497,0.0,0.0,0.0,0.0,0.0,0.0,0.0,0.0,0.0,139499.21387929076,43182.2448862224
t498,0.0,0.0,0.0,0.0,0.0,0.0,0.0,0.0,0.0,139499.21387929076,43808.4075934821
t499,0.0,0.0,0.0,0.0,0.0,0.0,0.0,0.0,0.0,139499.21387929076,23606.657743936987
t500,0.0,0.0,0.0,0.0,0.0,0.0,0.0,0.0,0.0,128702.85326352096,0.0
t501,0.0,0.0,0.0,0.0,0.0,0.0,0.0,0.0,0.0,108716.32591781631,0.0
t502,0.0,0.0,0.0,0.0,0.0,0.0,0.0,0.0,0.0,89848.61436606609,0.0
t503,0.0,0.0,0.0,0.0,0.0,0.0,0.0,0.0,0.0,73256.97224233406,0.0
t504,0.0,0.0,0.0,0.0,0.0,0.0,0.0,0.0,0.0,59176.410551872286,0.0
t505,0.0,0.0,0.0,0.0,0.0,0.0,0.0,0.0,0.0,49146.31025827698,0.0
t506,0.0,0.0,0.0,0.0,0.0,0.0,0.0,0.0,0.0,41968.67018454714,0.0
t507,0.0,0.0,0.0,0.0,0.0,0.0,0.0,0.0,0.0,36738.739017994834,0.0
t508,0.0,0.0,0.0,0.0,0.0,0.0,0.0,0.0,0.0,31978.080799010517,0.0
t509,0.0,0.0,0.0,0.0,0.0,0.0,0.0,0.0,0.0,27785.982242666276,0.0
t510,0.0,0.0,0.0,0.0,0.0,0.0,0.0,0.0,0.0,23505.99072509874,0.0
t511,0.0,0.0,0.0,0.0,0.0,0.0,0.0,0.0,0.0,18762.534353665236,0.0
t512,0.0,0.0,0.0,0.0,0.0,0.0,0.0,0.0,0.0,12113.537585346277,0.0
t513,0.0,0.0,0.0,0.0,0.0,0.0,0.0,0.0,0.0,5493.654644057059,0.0
t514,0.0,0.0,0.0,0.0,0.0,0.0,0.0,0.0,0.0,0.0,0.0
t515,0.0,0.0,0.0,0.0,0.0,0.0,0.0,0.0,0.0,2842.619709862276,0.0
t516,0.0,0.0,0.0,0.0,0.0,0.0,0.0,0.0,0.0,21025.83553438613,0.0
t517,0.0,0.0,0.0,0.0,0.0,0.0,0.0,0.0,0.0,50999.48362423952,0.0
t518,0.0,0.0,0.0,0.0,0.0,0.0,0.0,0.0,0.0,81955.01182771691,0.0
t519,0.0,0.0,0.0,0.0,0.0,0.0,0.0,0.0,0.0,114039.8310199538,0.0
t520,0.0,0.0,0.0,0.0,0.0,0.0,0.0,0.0,0.0,139499.21387929076,16481.368208889166
t521,0.0,0.0,0.0,0.0,0.0,0.0,0.0,0.0,0.0,139499.21387929076,51685.512063099784
t522,0.0,0.0,0.0,0.0,0.0,0.0,0.0,0.0,0.0,139499.21387929076,65010.535228373396
t523,0.0,0.0,0.0,0.0,0.0,0.0,0.0,0.0,0.0,139499.21387929076,53757.179127113595
t524,0.0,0.0,0.0,0.0,0.0,0.0,0.0,0.0,0.0,139499.21387929076,4658.432601960179
t525,0.0,0.0,0.0,0.0,0.0,0.0,0.0,0.0,0.0,126040.33339239267,0.0
t526,0.0,0.0,0.0,0.0,0.0,0.0,0.0,0.0,0.0,111562.03396067522,0.0
t527,0.0,0.0,0.0,0.0,0.0,0.0,0.0,0.0,0.0,98145.89523474709,0.0
t528,0.0,0.0,0.0,0.0,0.0,0.0,0.0,0.0,0.0,88016.26744244677,0.0
t529,0.0,0.0,0.0,0.0,0.0,0.0,0.0,0.0,0.0,80592.44702284707,0.0
t530,0.0,0.0,0.0,0.0,0.0,0.0,0.0,0.0,0.0,74927.48433796102,0.0
t531,0.0,0.0,0.0,0.0,0.0,0.0,0.0,0.0,0.0,70660.21231074774,0.0
t532,0.0,0.0,0.0,0.0,0.0,0.0,0.0,0.0,0.0,66425.64510821032,0.0
t533,0.0,0.0,0.0,0.0,0.0,0.0,0.0,0.0,0.0,61347.587358299876,0.0
t534,0.0,0.0,0.0,0.0,0.0,0.0,0.0,0.0,0.0,54841.73257644041,0.0
t535,0.0,0.0,0.0,0.0,0.0,0.0,0.0,0.0,0.0,44249.68018153177,0.0
t536,0.0,0.0,0.0,0.0,0.0,0.0,0.0,0.0,0.0,25710.436744574952,0.0
t537,0.0,0.0,0.0,0.0,0.0,0.0,0.0,0.0,0.0,5694.3632511615615,0.0
t538,0.0,0.0,0.0,0.0,0.0,0.0,0.0,0.0,0.0,0.0,0.0
t539,0.0,0.0,0.0,0.0,0.0,0.0,0.0,0.0,0.0,9960.416815008735,0.0
t540,0.0,0.0,0.0,0.0,0.0,0.0,0.0,0.0,0.0,33322.15011101343,0.0
t541,0.0,0.0,0.0,0.0,0.0,0.0,0.0,0.0,0.0,62900.557747874365,0.0
t542,0.0,0.0,0.0,0.0,0.0,0.0,0.0,0.0,0.0,94985.37694011125,0.0
t543,0.0,0.0,0.0,0.0,0.0,0.0,0.0,0.0,0.0,127070.19613234812,0.0
t544,0.0,0.0,0.0,0.0,0.0,0.0,0.0,0.0,0.0,139499.21387929076,29229.282070102712
t545,0.0,0.0,0.0,0.0,0.0,0.0,0.0,0.0,0.0,139499.21387929076,58684.38028332498
t546,0.0,0.0,0.0,0.0,0.0,0.0,0.0,0.0,0.0,139499.21387929076,71109.22265719337
t547,0.0,0.0,0.0,0.0,0.0,0.0,0.0,0.0,0.0,139499.21387929076,61780.56033700547
t548,0.0,0.0,0.0,0.0,0.0,0.0,0.0,0.0,0.0,139499.21387929076,6149.6028534372745
t549,0.0,0.0,0.0,0.0,0.0,0.0,0.0,0.0,0.0,125093.9391564066,0.0
t550,0.0,0.0,0.0,0.0,0.0,0.0,0.0,0.0,0.0,108428.81686884971,0.0
t551,0.0,0.0,0.0,0.0,0.0,0.0,0.0,0.0,0.0,93326.22299567463,0.0
t552,0.0,0.0,0.0,0.0,0.0,0.0,0.0,0.0,0.0,82301.44756570441,0.0
t553,0.0,0.0,0.0,0.0,0.0,0.0,0.0,0.0,0.0,74860.04254132675,0.0
t554,0.0,0.0,0.0,0.0,0.0,0.0,0.0,0.0,0.0,69990.95486352855,0.0
t555,0.0,0.0,0.0,0.0,0.0,0.0,0.0,0.0,0.0,66104.71376319202,0.0
t556,0.0,0.0,0.0,0.0,0.0,0.0,0.0,0.0,0.0,62480.01061023989,0.0
t557,0.0,0.0,0.0,0.0,0.0,0.0,0.0,0.0,0.0,58460.43208106888,0.0
t558,0.0,0.0,0.0,0.0,0.0,0.0,0.0,0.0,0.0,52781.83265314254,0.0
t559,0.0,0.0,0.0,0.0,0.0,0.0,0.0,0.0,0.0,43258.35504774694,0.0
t560,0.0,0.0,0.0,0.0,0.0,0.0,0.0,0.0,0.0,27839.316155461907,0.0
t561,0.0,0.0,0.0,0.0,0.0,0.0,0.0,0.0,0.0,10729.105543384168,0.0
t562,0.0,0.0,0.0,0.0,0.0,0.0,0.0,0.0,0.0,0.0,0.0
t563,0.0,0.0,0.0,0.0,0.0,0.0,0.0,0.0,0.0,7402.020520069429,0.0
t564,0.0,0.0,0.0,0.0,0.0,0.0,0.0,0.0,0.0,26219.04790737544,0.0
t565,0.0,0.0,0.0,0.0,0.0,0.0,0.0,0.0,0.0,52005.47664537738,0.0
t566,0.0,0.0,0.0,0.0,0.0,0.0,0.0,0.0,0.0,79475.75729930108,0.0
t567,0.0,0.0,0.0,0.0,0.0,0.0,0.0,0.0,0.0,103390.85198153206,0.0
t568,0.0,0.0,0.0,0.0,0.0,0.0,0.0,0.0,0.0,123063.89835156813,0.0
t569,0.0,0.0,0.0,0.0,0.0,0.0,0.0,0.0,0.0,133486.72299608935,0.0
t570,0.0,0.0,0.0,0.0,0.0,0.0,0.0,0.0,0.0,133762.06202046192,0.0
t571,0.0,0.0,0.0,0.0,0.0,0.0,0.0,0.0,0.0,124354.29609218868,0.0
t572,0.0,0.0,0.0,0.0,0.0,0.0,0.0,0.0,0.0,109645.3591773682,0.0
t573,0.0,0.0,0.0,0.0,0.0,0.0,0.0,0.0,0.0,94648.04125120206,0.0
t574,0.0,0.0,0.0,0.0,0.0,0.0,0.0,0.0,0.0,79926.10503988022,0.0
t575,0.0,0.0,0.0,0.0,0.0,0.0,0.0,0.0,0.0,66549.94974775249,0.0
t576,0.0,0.0,0.0,0.0,0.0,0.0,0.0,0.0,0.0,56616.97728491993,0.0
t577,0.0,0.0,0.0,0.0,0.0,0.0,0.0,0.0,0.0,51125.2611054016,0.0
t578,0.0,0.0,0.0,0.0,0.0,0.0,0.0,0.0,0.0,50404.74622193534,0.0
t579,0.0,0.0,0.0,0.0,0.0,0.0,0.0,0.0,0.0,51419.214996285744,0.0
t580,0.0,0.0,0.0,0.0,0.0,0.0,0.0,0.0,0.0,52731.34059084375,0.0
t581,0.0,0.0,0.0,0.0,0.0,0.0,0.0,0.0,0.0,53046.516992036486,0.0
t582,0.0,0.0,0.0,0.0,0.0,0.0,0.0,0.0,0.0,50853.807183769735,0.0
t583,0.0,0.0,0.0,0.0,0.0,0.0,0.0,0.0,0.0,44795.801744179145,0.0
t584,0.0,0.0,0.0,0.0,0.0,0.0,0.0,0.0,0.0,31225.516977017745,0.0
t585,0.0,0.0,0.0,0.0,0.0,0.0,0.0,0.0,0.0,14991.348781635656,0.0
t586,0.0,0.0,0.0,0.0,0.0,0.0,0.0,0.0,0.0,0.0,0.0
t587,0.0,0.0,0.0,0.0,0.0,0.0,0.0,0.0,0.0,2142.7817936413485,0.0
t588,0.0,0.0,0.0,0.0,0.0,0.0,0.0,0.0,0.0,10944.075691507727,0.0
t589,0.0,0.0,0.0,0.0,0.0,0.0,0.0,0.0,0.0,25153.33087438612,0.0
t590,0.0,0.0,0.0,0.0,0.0,0.0,0.0,0.0,0.0,46671.72135925559,0.0
t591,0.0,0.0,0.0,0.0,0.0,0.0,0.0,0.0,0.0,72203.59513018846,0.0
t592,0.0,0.0,0.0,0.0,0.0,0.0,0.0,0.0,0.0,99827.95549014152,0.0
t593,0.0,0.0,0.0,0.0,0.0,0.0,0.0,0.0,0.0,123470.29372104461,0.0
t594,0.0,0.0,0.0,0.0,0.0,0.0,0.0,0.0,0.0,137543.8048091918,0.0
t595,0.0,0.0,0.0,0.0,0.0,0.0,0.0,0.0,0.0,139499.21387929076,0.0
t596,0.0,0.0,0.0,0.0,0.0,0.0,0.0,0.0,0.0,123591.22117580655,0.0
t597,0.0,0.0,0.0,0.0,0.0,0.0,0.0,0.0,0.0,108187.60311871437,0.0
t598,0.0,0.0,0.0,0.0,0.0,0.0,0.0,0.0,0.0,94993.73505406042,0.0
t599,0.0,0.0,0.0,0.0,0.0,0.0,0.0,0.0,0.0,81772.66742185417,0.0
t600,0.0,0.0,0.0,0.0,0.0,0.0,0.0,0.0,0.0,70469.04087825607,0.0
t601,0.0,0.0,0.0,0.0,0.0,0.0,0.0,0.0,0.0,62357.87719502256,0.0
t602,0.0,0.0,0.0,0.0,0.0,0.0,0.0,0.0,0.0,56521.64403602134,0.0
t603,0.0,0.0,0.0,0.0,0.0,0.0,0.0,0.0,0.0,51890.70110559263,0.0
t604,0.0,0.0,0.0,0.0,0.0,0.0,0.0,0.0,0.0,48310.08974524737,0.0
t605,0.0,0.0,0.0,0.0,0.0,0.0,0.0,0.0,0.0,46265.03290979246,0.0
t606,0.0,0.0,0.0,0.0,0.0,0.0,0.0,0.0,0.0,42653.454895457195,0.0
t607,0.0,0.0,0.0,0.0,0.0,0.0,0.0,0.0,0.0,35161.56280054384,0.0
t608,0.0,0.0,0.0,0.0,0.0,0.0,0.0,0.0,0.0,21199.296074287624,0.0
t609,0.0,0.0,0.0,0.0,0.0,0.0,0.0,0.0,0.0,5093.114623802923,0.0
t610,0.0,0.0,0.0,0.0,0.0,0.0,0.0,0.0,0.0,0.0,0.0
t611,0.0,0.0,0.0,0.0,0.0,0.0,0.0,0.0,0.0,12742.861957283889,0.0
t612,0.0,0.0,0.0,0.0,0.0,0.0,0.0,0.0,0.0,40541.673820076096,0.0
t613,0.0,0.0,0.0,0.0,0.0,0.0,0.0,0.0,0.0,72626.49301231297,0.0
t614,0.0,0.0,0.0,0.0,0.0,0.0,0.0,0.0,0.0,104711.31220454985,0.0
t615,0.0,0.0,0.0,0.0,0.0,0.0,0.0,0.0,0.0,136796.13139678672,15253.106981797851
t616,0.0,0.0,0.0,0.0,0.0,0.0,0.0,0.0,0.0,139499.21387929076,59880.30054010899
t617,0.0,0.0,0.0,0.0,0.0,0.0,0.0,0.0,0.0,139499.21387929076,90384.85661592607
t618,0.0,0.0,0.0,0.0,0.0,0.0,0.0,0.0,0.0,139499.21387929076,100233.45759005046
t619,0.0,0.0,0.0,0.0,0.0,0.0,0.0,0.0,0.0,139499.21387929076,88575.59240257375
t620,0.0,0.0,0.0,0.0,0.0,0.0,0.0,0.0,0.0,139499.21387929076,40070.22728829854
t621,0.0,0.0,0.0,0.0,0.0,0.0,0.0,0.0,0.0,139499.21387929076,0.0
t622,0.0,0.0,0.0,0.0,0.0,0.0,0.0,0.0,0.0,123141.20841766412,0.0
t623,0.0,0.0,0.0,0.0,0.0,0.0,0.0,0.0,0.0,108242.86802445355,0.0
t624,0.0,0.0,0.0,0.0,0.0,0.0,0.0,0.0,0.0,97060.04325537216,0.0
t625,0.0,0.0,0.0,0.0,0.0,0.0,0.0,0.0,0.0,89505.51549436504,0.0
t626,0.0,0.0,0.0,0.0,0.0,0.0,0.0,0.0,0.0,84412.61024426387,0.0
t627,0.0,0.0,0.0,0.0,0.0,0.0,0.0,0.0,0.0,80238.2165922909,0.0
t628,0.0,0.0,0.0,0.0,0.0,0.0,0.0,0.0,0.0,75402.89898708668,0.0
t629,0.0,0.0,0.0,0.0,0.0,0.0,0.0,0.0,0.0,68763.11565501528,0.0
t630,0.0,0.0,0.0,0.0,0.0,0.0,0.0,0.0,0.0,60144.884797832034,0.0
t631,0.0,0.0,0.0,0.0,0.0,0.0,0.0,0.0,0.0,46550.5189196152,0.0
t632,0.0,0.0,0.0,0.0,0.0,0.0,0.0,0.0,0.0,25176.633647518604,0.0
t633,0.0,0.0,0.0,0.0,0.0,0.0,0.0,0.0,0.0,2083.9511914730756,0.0
t634,0.0,0.0,0.0,0.0,0.0,0.0,0.0,0.0,0.0,0.0,0.0
t635,0.0,0.0,0.0,0.0,0.0,0.0,0.0,0.0,0.0,15888.202527871248,0.0
t636,0.0,0.0,0.0,0.0,0.0,0.0,0.0,0.0,0.0,45192.99686041174,0.0
t637,0.0,0.0,0.0,0.0,0.0,0.0,0.0,0.0,0.0,72507.94955101234,0.0
t638,0.0,0.0,0.0,0.0,0.0,0.0,0.0,0.0,0.0,93442.31122804864,0.0
t639,0.0,0.0,0.0,0.0,0.0,0.0,0.0,0.0,0.0,116065.39809038046,0.0
t640,0.0,0.0,0.0,0.0,0.0,0.0,0.0,0.0,0.0,139499.21387929076,30862.663681035763
t641,0.0,0.0,0.0,0.0,0.0,0.0,0.0,0.0,0.0,139499.21387929076,73836.24114549163
t642,0.0,0.0,0.0,0.0,0.0,0.0,0.0,0.0,0.0,139499.21387929076,93390.11629135061
t643,0.0,0.0,0.0,0.0,0.0,0.0,0.0,0.0,0.0,139499.21387929076,87781.56320394723
t644,0.0,0.0,0.0,0.0,0.0,0.0,0.0,0.0,0.0,139499.21387929076,40828.70069798621
t645,0.0,0.0,0.0,0.0,0.0,0.0,0.0,0.0,0.0,139499.21387929076,0.0
t646,0.0,0.0,0.0,0.0,0.0,0.0,0.0,0.0,0.0,124217.64114249412,0.0
t647,0.0,0.0,0.0,0.0,0.0,0.0,0.0,0.0,0.0,108038.6685758455,0.0
t648,0.0,0.0,0.0,0.0,0.0,0.0,0.0,0.0,0.0,93209.05708153622,0.0
t649,0.0,0.0,0.0,0.0,0.0,0.0,0.0,0.0,0.0,81449.98058136106,0.0
t650,0.0,0.0,0.0,0.0,0.0,0.0,0.0,0.0,0.0,72735.21072651315,0.0
t651,0.0,0.0,0.0,0.0,0.0,0.0,0.0,0.0,0.0,65073.81928151001,0.0
t652,0.0,0.0,0.0,0.0,0.0,0.0,0.0,0.0,0.0,58574.27350196914,0.0
t653,0.0,0.0,0.0,0.0,0.0,0.0,0.0,0.0,0.0,51502.955254734814,0.0
t654,0.0,0.0,0.0,0.0,0.0,0.0,0.0,0.0,0.0,42451.066074606744,0.0
t655,0.0,0.0,0.0,0.0,0.0,0.0,0.0,0.0,0.0,31396.44897779671,0.0
t656,0.0,0.0,0.0,0.0,0.0,0.0,0.0,0.0,0.0,15898.991105775192,0.0
t657,0.0,0.0,0.0,0.0,0.0,0.0,0.0,0.0,0.0,154.96115011288384,0.0
t658,0.0,0.0,0.0,0.0,0.0,0.0,0.0,0.0,0.0,0.0,0.0
t659,0.0,0.0,0.0,0.0,0.0,0.0,0.0,0.0,0.0,19329.864430858255,0.0
t660,0.0,0.0,0.0,0.0,0.0,0.0,0.0,0.0,0.0,47216.088125414986,0.0
t661,0.0,0.0,0.0,0.0,0.0,0.0,0.0,0.0,0.0,75329.57549481702,0.0
t662,0.0,0.0,0.0,0.0,0.0,0.0,0.0,0.0,0.0,107414.3946870539,0.0
t663,0.0,0.0,0.0,0.0,0.0,0.0,0.0,0.0,0.0,139499.21387929076,0.0
t664,0.0,0.0,0.0,0.0,0.0,0.0,0.0,0.0,0.0,139499.21387929076,52191.7408290449
t665,0.0,0.0,0.0,0.0,0.0,0.0,0.0,0.0,0.0,139499.21387929076,85704.71076257993
t666,0.0,0.0,0.0,0.0,0.0,0.0,0.0,0.0,0.0,139499.21387929076,100047.50528925197
t667,0.0,0.0,0.0,0.0,0.0,0.0,0.0,0.0,0.0,139499.21387929076,90440.5646756286
t668,0.0,0.0,0.0,0.0,0.0,0.0,0.0,0.0,0.0,139499.21387929076,36400.293616837334
t669,0.0,0.0,0.0,0.0,0.0,0.0,0.0,0.0,0.0,139499.21387929076,0.0
t670,0.0,0.0,0.0,0.0,0.0,0.0,0.0,0.0,0.0,127575.24779325604,0.0
t671,0.0,0.0,0.0,0.0,0.0,0.0,0.0,0.0,0.0,116144.74488033706,0.0
t672,0.0,0.0,0.0,0.0,0.0,0.0,0.0,0.0,0.0,105075.089760879,0.0
t673,0.0,0.0,0.0,0.0,0.0,0.0,0.0,0.0,0.0,94178.78067375597,0.0
t674,0.0,0.0,0.0,0.0,0.0,0.0,0.0,0.0,0.0,83847.40231061463,0.0
t675,0.0,0.0,0.0,0.0,0.0,0.0,0.0,0.0,0.0,74095.50123984262,0.0
t676,0.0,0.0,0.0,0.0,0.0,0.0,0.0,0.0,0.0,64588.836930379955,0.0
t677,0.0,0.0,0.0,0.0,0.0,0.0,0.0,0.0,0.0,54805.245714435725,0.0
t678,0.0,0.0,0.0,0.0,0.0,0.0,0.0,0.0,0.0,44321.47696769729,0.0
t679,0.0,0.0,0.0,0.0,0.0,0.0,0.0,0.0,0.0,32369.781162477386,0.0
t680,0.0,0.0,0.0,0.0,0.0,0.0,0.0,0.0,0.0,17733.65500889985,0.0
t681,0.0,0.0,0.0,0.0,0.0,0.0,0.0,0.0,0.0,1003.9242899214114,0.0
t682,0.0,0.0,0.0,0.0,0.0,0.0,0.0,0.0,0.0,0.0,0.0
t683,0.0,0.0,0.0,0.0,0.0,0.0,0.0,0.0,0.0,16282.362985268519,0.0
t684,0.0,0.0,0.0,0.0,0.0,0.0,0.0,0.0,0.0,44272.54933679589,0.0
t685,0.0,0.0,0.0,0.0,0.0,0.0,0.0,0.0,0.0,76357.36852903277,0.0
t686,0.0,0.0,0.0,0.0,0.0,0.0,0.0,0.0,0.0,107414.3946870539,0.0
t687,0.0,0.0,0.0,0.0,0.0,0.0,0.0,0.0,0.0,139499.21387929076,0.0
t688,0.0,0.0,0.0,0.0,0.0,0.0,0.0,0.0,0.0,139499.21387929076,51661.11716897243
t689,0.0,0.0,0.0,0.0,0.0,0.0,0.0,0.0,0.0,139499.21387929076,82297.77548087326
t690,0.0,0.0,0.0,0.0,0.0,0.0,0.0,0.0,0.0,139499.21387929076,94452.53914516058
t691,0.0,0.0,0.0,0.0,0.0,0.0,0.0,0.0,0.0,139499.21387929076,84438.62970898519
t692,0.0,0.0,0.0,0.0,0.0,0.0,0.0,0.0,0.0,139499.21387929076,31389.980745497607
t693,0.0,0.0,0.0,0.0,0.0,0.0,0.0,0.0,0.0,138181.1987509078,0.0
t694,0.0,0.0,0.0,0.0,0.0,0.0,0.0,0.0,0.0,123592.01142646956,0.0
t695,0.0,0.0,0.0,0.0,0.0,0.0,0.0,0.0,0.0,110284.21041187792,0.0
t696,0.0,0.0,0.0,0.0,0.0,0.0,0.0,0.0,0.0,100031.96768317594,0.0
t697,0.0,0.0,0.0,0.0,0.0,0.0,0.0,0.0,0.0,92891.23272635072,0.0
t698,0.0,0.0,0.0,0.0,0.0,0.0,0.0,0.0,0.0,87376.03352365915,0.0
t699,0.0,0.0,0.0,0.0,0.0,0.0,0.0,0.0,0.0,82797.11965928931,0.0
t700,0.0,0.0,0.0,0.0,0.0,0.0,0.0,0.0,0.0,78751.61269952168,0.0
t701,0.0,0.0,0.0,0.0,0.0,0.0,0.0,0.0,0.0,73943.87519769644,0.0
t702,0.0,0.0,0.0,0.0,0.0,0.0,0.0,0.0,0.0,66618.36079392661,0.0
t703,0.0,0.0,0.0,0.0,0.0,0.0,0.0,0.0,0.0,52592.068510960686,0.0
t704,0.0,0.0,0.0,0.0,0.0,0.0,0.0,0.0,0.0,31163.120588330887,0.0
t705,0.0,0.0,0.0,0.0,0.0,0.0,0.0,0.0,0.0,7654.78870110509,0.0
t706,0.0,0.0,0.0,0.0,0.0,0.0,0.0,0.0,0.0,0.0,0.0
t707,0.0,0.0,0.0,0.0,0.0,0.0,0.0,0.0,0.0,10414.323251340553,0.0
t708,0.0,0.0,0.0,0.0,0.0,0.0,0.0,0.0,0.0,34826.92390704271,0.0
t709,0.0,0.0,0.0,0.0,0.0,0.0,0.0,0.0,0.0,66911.74309927959,0.0
t710,0.0,0.0,0.0,0.0,0.0,0.0,0.0,0.0,0.0,98996.56229151647,0.0
t711,0.0,0.0,0.0,0.0,0.0,0.0,0.0,0.0,0.0,131081.38148375333,0.0
t712,0.0,0.0,0.0,0.0,0.0,0.0,0.0,0.0,0.0,139499.21387929076,31720.744649376036
t713,0.0,0.0,0.0,0.0,0.0,0.0,0.0,0.0,0.0,139499.21387929076,60240.35402031192
t714,0.0,0.0,0.0,0.0,0.0,0.0,0.0,0.0,0.0,139499.21387929076,71009.34354913881
t715,0.0,0.0,0.0,0.0,0.0,0.0,0.0,0.0,0.0,139499.21387929076,61014.91905482558
t716,0.0,0.0,0.0,0.0,0.0,0.0,0.0,0.0,0.0,139499.21387929076,6732.996579704748
t717,0.0,0.0,0.0,0.0,0.0,0.0,0.0,0.0,0.0,124510.1434210972,0.0
t718,0.0,0.0,0.0,0.0,0.0,0.0,0.0,0.0,0.0,108007.2362718673,0.0
t719,0.0,0.0,0.0,0.0,0.0,0.0,0.0,0.0,0.0,94434.75514099433,0.0
t720,0.0,0.0,0.0,0.0,0.0,0.0,0.0,0.0,0.0,85581.86063876851,0.0
t721,0.0,0.0,0.0,0.0,0.0,0.0,0.0,0.0,0.0,78212.56069543866,0.0
t722,0.0,0.0,0.0,0.0,0.0,0.0,0.0,0.0,0.0,72644.80486224405,0.0
t723,0.0,0.0,0.0,0.0,0.0,0.0,0.0,0.0,0.0,68523.95376427563,0.0
t724,0.0,0.0,0.0,0.0,0.0,0.0,0.0,0.0,0.0,64753.036352290525,0.0
t725,0.0,0.0,0.0,0.0,0.0,0.0,0.0,0.0,0.0,60239.36589036649,0.0
t726,0.0,0.0,0.0,0.0,0.0,0.0,0.0,0.0,0.0,54281.795431467144,0.0
t727,0.0,0.0,0.0,0.0,0.0,0.0,0.0,0.0,0.0,44847.008958013874,0.0
t728,0.0,0.0,0.0,0.0,0.0,0.0,0.0,0.0,0.0,29998.570975148006,0.0
t729,0.0,0.0,0.0,0.0,0.0,0.0,0.0,0.0,0.0,11868.767372690014,0.0
t730,0.0,0.0,0.0,0.0,0.0,0.0,0.0,0.0,0.0,0.0,0.0
t731,0.0,0.0,0.0,0.0,0.0,0.0,0.0,0.0,0.0,7584.193812974911,0.0
t732,0.0,0.0,0.0,0.0,0.0,0.0,0.0,0.0,0.0,29584.72823578839,0.0
t733,0.0,0.0,0.0,0.0,0.0,0.0,0.0,0.0,0.0,59940.53027258575,0.0
t734,0.0,0.0,0.0,0.0,0.0,0.0,0.0,0.0,0.0,92025.34946482262,0.0
t735,0.0,0.0,0.0,0.0,0.0,0.0,0.0,0.0,0.0,124110.16865705949,181.87698473896307
t736,0.0,0.0,0.0,0.0,0.0,0.0,0.0,0.0,0.0,139499.21387929076,18229.019277669922
t737,0.0,0.0,0.0,0.0,0.0,0.0,0.0,0.0,0.0,139499.21387929076,45964.153913198716
t738,0.0,0.0,0.0,0.0,0.0,0.0,0.0,0.0,0.0,139499.21387929076,56396.31076601029
t739,0.0,0.0,0.0,0.0,0.0,0.0,0.0,0.0,0.0,139499.21387929076,47389.35416058489
t740,0.0,0.0,0.0,0.0,0.0,0.0,0.0,0.0,0.0,139499.21387929076,0.0
t741,0.0,0.0,0.0,0.0,0.0,0.0,0.0,0.0,0.0,119421.39583625595,0.0
t742,0.0,0.0,0.0,0.0,0.0,0.0,0.0,0.0,0.0,102928.51832395836,0.0
t743,0.0,0.0,0.0,0.0,0.0,0.0,0.0,0.0,0.0,87260.88673672074,0.0
t744,0.0,0.0,0.0,0.0,0.0,0.0,0.0,0.0,0.0,76613.56454831122,0.0
t745,0.0,0.0,0.0,0.0,0.0,0.0,0.0,0.0,0.0,71127.96452208298,0.0
t746,0.0,0.0,0.0,0.0,0.0,0.0,0.0,0.0,0.0,66475.40261036251,0.0
t747,0.0,0.0,0.0,0.0,0.0,0.0,0.0,0.0,0.0,62807.58084532659,0.0
t748,0.0,0.0,0.0,0.0,0.0,0.0,0.0,0.0,0.0,59577.17311614395,0.0
t749,0.0,0.0,0.0,0.0,0.0,0.0,0.0,0.0,0.0,56020.86192423518,0.0
t750,0.0,0.0,0.0,0.0,0.0,0.0,0.0,0.0,0.0,51706.5838133348,0.0
t751,0.0,0.0,0.0,0.0,0.0,0.0,0.0,0.0,0.0,43970.16624714977,0.0
t752,0.0,0.0,0.0,0.0,0.0,0.0,0.0,0.0,0.0,29968.05272479103,0.0
t753,0.0,0.0,0.0,0.0,0.0,0.0,0.0,0.0,0.0,13532.34600278406,0.0
t754,0.0,0.0,0.0,0.0,0.0,0.0,0.0,0.0,0.0,0.0,0.0
t755,0.0,0.0,0.0,0.0,0.0,0.0,0.0,0.0,0.0,16787.018507451914,0.0
t756,0.0,0.0,0.0,0.0,0.0,0.0,0.0,0.0,0.0,36647.353439117316,0.0
t757,0.0,0.0,0.0,0.0,0.0,0.0,0.0,0.0,0.0,59947.82476379665,0.0
t758,0.0,0.0,0.0,0.0,0.0,0.0,0.0,0.0,0.0,88583.37406996914,0.0
t759,0.0,0.0,0.0,0.0,0.0,0.0,0.0,0.0,0.0,120668.19326220601,0.0
t760,0.0,0.0,0.0,0.0,0.0,0.0,0.0,0.0,0.0,139499.21387929076,17283.441598663117
t761,0.0,0.0,0.0,0.0,0.0,0.0,0.0,0.0,0.0,139499.21387929076,45776.73494992299
t762,0.0,0.0,0.0,0.0,0.0,0.0,0.0,0.0,0.0,139499.21387929076,57719.230187902984
t763,0.0,0.0,0.0,0.0,0.0,0.0,0.0,0.0,0.0,139499.21387929076,50396.15599938315
t764,0.0,0.0,0.0,0.0,0.0,0.0,0.0,0.0,0.0,139499.21387929076,1101.9314831915835
t765,0.0,0.0,0.0,0.0,0.0,0.0,0.0,0.0,0.0,121369.93038730578,0.0
t766,0.0,0.0,0.0,0.0,0.0,0.0,0.0,0.0,0.0,104023.44824324836,0.0
t767,0.0,0.0,0.0,0.0,0.0,0.0,0.0,0.0,0.0,88770.75415838743,0.0
t768,0.0,0.0,0.0,0.0,0.0,0.0,0.0,0.0,0.0,77930.41411886511,0.0
t769,0.0,0.0,0.0,0.0,0.0,0.0,0.0,0.0,0.0,70552.65932248824,0.0
t770,0.0,0.0,0.0,0.0,0.0,0.0,0.0,0.0,0.0,66859.48575200721,0.0
t771,0.0,0.0,0.0,0.0,0.0,0.0,0.0,0.0,0.0,63793.88605891888,0.0
t772,0.0,0.0,0.0,0.0,0.0,0.0,0.0,0.0,0.0,60653.86105972361,0.0
t773,0.0,0.0,0.0,0.0,0.0,0.0,0.0,0.0,0.0,57244.23154287697,0.0
t774,0.0,0.0,0.0,0.0,0.0,0.0,0.0,0.0,0.0,52660.761259570165,0.0
t775,0.0,0.0,0.0,0.0,0.0,0.0,0.0,0.0,0.0,44288.61525434451,0.0
t776,0.0,0.0,0.0,0.0,0.0,0.0,0.0,0.0,0.0,29311.311648579736,0.0
t777,0.0,0.0,0.0,0.0,0.0,0.0,0.0,0.0,0.0,11745.049175825145,0.0
t778,0.0,0.0,0.0,0.0,0.0,0.0,0.0,0.0,0.0,0.0,0.0
t779,0.0,0.0,0.0,0.0,0.0,0.0,0.0,0.0,0.0,0.0,0.0
t780,0.0,0.0,0.0,0.0,0.0,0.0,0.0,0.0,0.0,17714.01655683356,0.0
t781,0.0,0.0,0.0,0.0,0.0,0.0,0.0,0.0,0.0,42836.082756736774,0.0
t782,0.0,0.0,0.0,0.0,0.0,0.0,0.0,0.0,0.0,68016.55518048209,0.0
t783,0.0,0.0,0.0,0.0,0.0,0.0,0.0,0.0,0.0,76231.74442246373,0.0
t784,0.0,0.0,0.0,0.0,0.0,0.0,0.0,0.0,0.0,103659.41616699428,0.0
t785,0.0,0.0,0.0,0.0,0.0,0.0,0.0,0.0,0.0,132753.71691496996,0.0
t786,0.0,0.0,0.0,0.0,0.0,0.0,0.0,0.0,0.0,139499.21387929076,14089.751418975677
t787,0.0,0.0,0.0,0.0,0.0,0.0,0.0,0.0,0.0,139499.21387929076,7986.165412762891
t788,0.0,0.0,0.0,0.0,0.0,0.0,0.0,0.0,0.0,123340.90965754498,0.0
t789,0.0,0.0,0.0,0.0,0.0,0.0,0.0,0.0,0.0,103950.81721239044,0.0
t790,0.0,0.0,0.0,0.0,0.0,0.0,0.0,0.0,0.0,86580.27245612364,0.0
t791,0.0,0.0,0.0,0.0,0.0,0.0,0.0,0.0,0.0,73805.53463406043,0.0
t792,0.0,0.0,0.0,0.0,0.0,0.0,0.0,0.0,0.0,63368.170826589136,0.0
t793,0.0,0.0,0.0,0.0,0.0,0.0,0.0,0.0,0.0,57050.45643953003,0.0
t794,0.0,0.0,0.0,0.0,0.0,0.0,0.0,0.0,0.0,54701.440666646435,0.0
t795,0.0,0.0,0.0,0.0,0.0,0.0,0.0,0.0,0.0,53960.27147122451,0.0
t796,0.0,0.0,0.0,0.0,0.0,0.0,0.0,0.0,0.0,53780.85389249024,0.0
t797,0.0,0.0,0.0,0.0,0.0,0.0,0.0,0.0,0.0,54969.91744818724,0.0
t798,0.0,0.0,0.0,0.0,0.0,0.0,0.0,0.0,0.0,53902.935316562114,0.0
t799,0.0,0.0,0.0,0.0,0.0,0.0,0.0,0.0,0.0,46977.05398695939,0.0
t800,0.0,0.0,0.0,0.0,0.0,0.0,0.0,0.0,0.0,32615.356398651227,0.0
t801,0.0,0.0,0.0,0.0,0.0,0.0,0.0,0.0,0.0,14698.05806244232,0.0
t802,0.0,0.0,0.0,0.0,0.0,0.0,0.0,0.0,0.0,0.0,0.0
t803,0.0,0.0,0.0,0.0,0.0,0.0,0.0,0.0,0.0,5864.106620732575,0.0
t804,0.0,0.0,0.0,0.0,0.0,0.0,0.0,0.0,0.0,27866.96256489756,0.0
t805,0.0,0.0,0.0,0.0,0.0,0.0,0.0,0.0,0.0,52643.32213329124,0.0
t806,0.0,0.0,0.0,0.0,0.0,0.0,0.0,0.0,0.0,72982.9567626498,0.0
t807,0.0,0.0,0.0,0.0,0.0,0.0,0.0,0.0,0.0,99957.02361008716,0.0
t808,0.0,0.0,0.0,0.0,0.0,0.0,0.0,0.0,0.0,124159.96315335728,0.0
t809,0.0,0.0,0.0,0.0,0.0,0.0,0.0,0.0,0.0,139499.21387929076,8625.10295891505
t810,0.0,0.0,0.0,0.0,0.0,0.0,0.0,0.0,0.0,139499.21387929076,19912.671606169497
t811,0.0,0.0,0.0,0.0,0.0,0.0,0.0,0.0,0.0,139499.21387929076,15129.195048717947
t812,0.0,0.0,0.0,0.0,0.0,0.0,0.0,0.0,0.0,127291.61815432749,0.0
t813,0.0,0.0,0.0,0.0,0.0,0.0,0.0,0.0,0.0,110480.51551212375,0.0
t814,0.0,0.0,0.0,0.0,0.0,0.0,0.0,0.0,0.0,95463.38234266304,0.0
t815,0.0,0.0,0.0,0.0,0.0,0.0,0.0,0.0,0.0,78848.55038952429,0.0
t816,0.0,0.0,0.0,0.0,0.0,0.0,0.0,0.0,0.0,65422.057346220805,0.0
t817,0.0,0.0,0.0,0.0,0.0,0.0,0.0,0.0,0.0,58264.87799274791,0.0
t818,0.0,0.0,0.0,0.0,0.0,0.0,0.0,0.0,0.0,55104.549707488644,0.0
t819,0.0,0.0,0.0,0.0,0.0,0.0,0.0,0.0,0.0,54091.626133580765,0.0
t820,0.0,0.0,0.0,0.0,0.0,0.0,0.0,0.0,0.0,52824.3813868419,0.0
t821,0.0,0.0,0.0,0.0,0.0,0.0,0.0,0.0,0.0,50842.975308811496,0.0
t822,0.0,0.0,0.0,0.0,0.0,0.0,0.0,0.0,0.0,46264.75638132563,0.0
t823,0.0,0.0,0.0,0.0,0.0,0.0,0.0,0.0,0.0,39032.206795755694,0.0
t824,0.0,0.0,0.0,0.0,0.0,0.0,0.0,0.0,0.0,28701.502354396172,0.0
t825,0.0,0.0,0.0,0.0,0.0,0.0,0.0,0.0,0.0,15236.93629557069,0.0
t826,0.0,0.0,0.0,0.0,0.0,0.0,0.0,0.0,0.0,0.0,0.0
t827,0.0,0.0,0.0,0.0,0.0,0.0,0.0,0.0,0.0,1904.4083348586257,0.0
t828,0.0,0.0,0.0,0.0,0.0,0.0,0.0,0.0,0.0,16990.992640508473,0.0
t829,0.0,0.0,0.0,0.0,0.0,0.0,0.0,0.0,0.0,39715.80582563115,0.0
t830,0.0,0.0,0.0,0.0,0.0,0.0,0.0,0.0,0.0,65638.82218961867,0.0
t831,0.0,0.0,0.0,0.0,0.0,0.0,0.0,0.0,0.0,97141.93538546455,0.0
t832,0.0,0.0,0.0,0.0,0.0,0.0,0.0,0.0,0.0,126608.3062270897,0.0
t833,0.0,0.0,0.0,0.0,0.0,0.0,0.0,0.0,0.0,139499.21387929076,22302.86218904075
t834,0.0,0.0,0.0,0.0,0.0,0.0,0.0,0.0,0.0,139499.21387929076,42553.980906010125
t835,0.0,0.0,0.0,0.0,0.0,0.0,0.0,0.0,0.0,139499.21387929076,40279.9855836815
t836,0.0,0.0,0.0,0.0,0.0,0.0,0.0,0.0,0.0,139499.21387929076,2486.4024470234
t837,0.0,0.0,0.0,0.0,0.0,0.0,0.0,0.0,0.0,123627.06545508499,0.0
t838,0.0,0.0,0.0,0.0,0.0,0.0,0.0,0.0,0.0,107266.63236560338,0.0
t839,0.0,0.0,0.0,0.0,0.0,0.0,0.0,0.0,0.0,91498.63548323042,0.0
t840,0.0,0.0,0.0,0.0,0.0,0.0,0.0,0.0,0.0,78158.06268221389,0.0
t841,0.0,0.0,0.0,0.0,0.0,0.0,0.0,0.0,0.0,68233.68337274657,0.0
t842,0.0,0.0,0.0,0.0,0.0,0.0,0.0,0.0,0.0,61309.22338251004,0.0
t843,0.0,0.0,0.0,0.0,0.0,0.0,0.0,0.0,0.0,55505.67449875127,0.0
t844,0.0,0.0,0.0,0.0,0.0,0.0,0.0,0.0,0.0,51142.83421817035,0.0
t845,0.0,0.0,0.0,0.0,0.0,0.0,0.0,0.0,0.0,45828.41260744316,0.0
t846,0.0,0.0,0.0,0.0,0.0,0.0,0.0,0.0,0.0,41576.22542152597,0.0
t847,0.0,0.0,0.0,0.0,0.0,0.0,0.0,0.0,0.0,36264.42755520655,0.0
t848,0.0,0.0,0.0,0.0,0.0,0.0,0.0,0.0,0.0,25424.135098010593,0.0
t849,0.0,0.0,0.0,0.0,0.0,0.0,0.0,0.0,0.0,13710.47555772437,0.0
t850,0.0,0.0,0.0,0.0,0.0,0.0,0.0,0.0,0.0,952.020808382002,0.0
t851,0.0,0.0,0.0,0.0,0.0,0.0,0.0,0.0,0.0,0.0,0.0
t852,0.0,0.0,0.0,0.0,0.0,0.0,0.0,0.0,0.0,10284.717012529853,0.0
t853,0.0,0.0,0.0,0.0,0.0,0.0,0.0,0.0,0.0,27724.54137524242,0.0
t854,0.0,0.0,0.0,0.0,0.0,0.0,0.0,0.0,0.0,47266.140560557375,0.0
t855,0.0,0.0,0.0,0.0,0.0,0.0,0.0,0.0,0.0,70956.59246642039,0.0
t856,0.0,0.0,0.0,0.0,0.0,0.0,0.0,0.0,0.0,95797.00500183977,0.0
t857,0.0,0.0,0.0,0.0,0.0,0.0,0.0,0.0,0.0,117870.05214259632,0.0
t858,0.0,0.0,0.0,0.0,0.0,0.0,0.0,0.0,0.0,133739.26967087906,0.0
t859,0.0,0.0,0.0,0.0,0.0,0.0,0.0,0.0,0.0,139499.21387929076,631.8791998280698
t860,0.0,0.0,0.0,0.0,0.0,0.0,0.0,0.0,0.0,130235.22184433397,0.0
t861,0.0,0.0,0.0,0.0,0.0,0.0,0.0,0.0,0.0,118153.41977714495,0.0
t862,0.0,0.0,0.0,0.0,0.0,0.0,0.0,0.0,0.0,105876.70899647838,0.0
t863,0.0,0.0,0.0,0.0,0.0,0.0,0.0,0.0,0.0,92681.10102008682,0.0
t864,0.0,0.0,0.0,0.0,0.0,0.0,0.0,0.0,0.0,82564.37739266663,0.0
t865,0.0,0.0,0.0,0.0,0.0,0.0,0.0,0.0,0.0,76180.71121076099,0.0
t866,0.0,0.0,0.0,0.0,0.0,0.0,0.0,0.0,0.0,72644.20589539588,0.0
t867,0.0,0.0,0.0,0.0,0.0,0.0,0.0,0.0,0.0,70430.92735233779,0.0
t868,0.0,0.0,0.0,0.0,0.0,0.0,0.0,0.0,0.0,68819.13645115198,0.0
t869,0.0,0.0,0.0,0.0,0.0,0.0,0.0,0.0,0.0,66406.93293861285,0.0
t870,0.0,0.0,0.0,0.0,0.0,0.0,0.0,0.0,0.0,61142.23586894959,0.0
t871,0.0,0.0,0.0,0.0,0.0,0.0,0.0,0.0,0.0,50956.18210469722,0.0
t872,0.0,0.0,0.0,0.0,0.0,0.0,0.0,0.0,0.0,32485.520100792382,0.0
t873,0.0,0.0,0.0,0.0,0.0,0.0,0.0,0.0,0.0,12030.283554994254,0.0
t874,0.0,0.0,0.0,0.0,0.0,0.0,0.0,0.0,0.0,0.0,0.0
t875,0.0,0.0,0.0,0.0,0.0,0.0,0.0,0.0,0.0,6659.75962344907,0.0
t876,0.0,0.0,0.0,0.0,0.0,0.0,0.0,0.0,0.0,25730.67828937175,0.0
t877,0.0,0.0,0.0,0.0,0.0,0.0,0.0,0.0,0.0,49655.309527154925,0.0
t878,0.0,0.0,0.0,0.0,0.0,0.0,0.0,0.0,0.0,80082.26246576433,0.0
t879,0.0,0.0,0.0,0.0,0.0,0.0,0.0,0.0,0.0,112167.08165800122,1137.328744073147
t880,0.0,0.0,0.0,0.0,0.0,0.0,0.0,0.0,0.0,139499.21387929076,5375.329849929349
t881,0.0,0.0,0.0,0.0,0.0,0.0,0.0,0.0,0.0,139499.21387929076,34107.3188570049
t882,0.0,0.0,0.0,0.0,0.0,0.0,0.0,0.0,0.0,139499.21387929076,42294.41479289074
t883,0.0,0.0,0.0,0.0,0.0,0.0,0.0,0.0,0.0,139499.21387929076,33579.835831976096
t884,0.0,0.0,0.0,0.0,0.0,0.0,0.0,0.0,0.0,135664.90578160033,0.0
t885,0.0,0.0,0.0,0.0,0.0,0.0,0.0,0.0,0.0,117075.17899997038,0.0
t886,0.0,0.0,0.0,0.0,0.0,0.0,0.0,0.0,0.0,99178.46980334482,0.0
t887,0.0,0.0,0.0,0.0,0.0,0.0,0.0,0.0,0.0,83679.23443333776,0.0
t888,0.0,0.0,0.0,0.0,0.0,0.0,0.0,0.0,0.0,72340.48022970105,0.0
t889,0.0,0.0,0.0,0.0,0.0,0.0,0.0,0.0,0.0,65356.07385215131,0.0
t890,0.0,0.0,0.0,0.0,0.0,0.0,0.0,0.0,0.0,60857.86824940171,0.0
t891,0.0,0.0,0.0,0.0,0.0,0.0,0.0,0.0,0.0,57529.02612074297,0.0
t892,0.0,0.0,0.0,0.0,0.0,0.0,0.0,0.0,0.0,54778.17996608334,0.0
t893,0.0,0.0,0.0,0.0,0.0,0.0,0.0,0.0,0.0,51898.2540426539,0.0
t894,0.0,0.0,0.0,0.0,0.0,0.0,0.0,0.0,0.0,47526.262061457994,0.0
t895,0.0,0.0,0.0,0.0,0.0,0.0,0.0,0.0,0.0,38468.2920995176,0.0
t896,0.0,0.0,0.0,0.0,0.0,0.0,0.0,0.0,0.0,21926.719813176598,0.0
t897,0.0,0.0,0.0,0.0,0.0,0.0,0.0,0.0,0.0,3303.6829769694214,0.0
t898,0.0,0.0,0.0,0.0,0.0,0.0,0.0,0.0,0.0,0.0,0.0
t899,0.0,0.0,0.0,0.0,0.0,0.0,0.0,0.0,0.0,9762.986202988697,0.0
t900,0.0,0.0,0.0,0.0,0.0,0.0,0.0,0.0,0.0,28192.065378504794,0.0
t901,0.0,0.0,0.0,0.0,0.0,0.0,0.0,0.0,0.0,56325.794339632695,0.0
t902,0.0,0.0,0.0,0.0,0.0,0.0,0.0,0.0,0.0,87618.29332207944,0.0
t903,0.0,0.0,0.0,0.0,0.0,0.0,0.0,0.0,0.0,119703.11251431631,1658.5350733478401
t904,0.0,0.0,0.0,0.0,0.0,0.0,0.0,0.0,0.0,139499.21387929076,15019.637159845153
t905,0.0,0.0,0.0,0.0,0.0,0.0,0.0,0.0,0.0,139499.21387929076,41049.15930290912
t906,0.0,0.0,0.0,0.0,0.0,0.0,0.0,0.0,0.0,139499.21387929076,52183.274282277984
t907,0.0,0.0,0.0,0.0,0.0,0.0,0.0,0.0,0.0,139499.21387929076,42594.44603371107
t908,0.0,0.0,0.0,0.0,0.0,0.0,0.0,0.0,0.0,139499.21387929076,0.0
t909,0.0,0.0,0.0,0.0,0.0,0.0,0.0,0.0,0.0,122937.93036358432,0.0
t910,0.0,0.0,0.0,0.0,0.0,0.0,0.0,0.0,0.0,107191.62671787338,0.0
t911,0.0,0.0,0.0,0.0,0.0,0.0,0.0,0.0,0.0,94257.87009654976,0.0
t912,0.0,0.0,0.0,0.0,0.0,0.0,0.0,0.0,0.0,85365.67395436653,0.0
t913,0.0,0.0,0.0,0.0,0.0,0.0,0.0,0.0,0.0,79357.01942506798,0.0
t914,0.0,0.0,0.0,0.0,0.0,0.0,0.0,0.0,0.0,75062.06130794284,0.0
t915,0.0,0.0,0.0,0.0,0.0,0.0,0.0,0.0,0.0,71653.17449933555,0.0
t916,0.0,0.0,0.0,0.0,0.0,0.0,0.0,0.0,0.0,68364.10587768292,0.0
t917,0.0,0.0,0.0,0.0,0.0,0.0,0.0,0.0,0.0,64197.866144237145,0.0
t918,0.0,0.0,0.0,0.0,0.0,0.0,0.0,0.0,0.0,58637.64573304685,0.0
t919,0.0,0.0,0.0,0.0,0.0,0.0,0.0,0.0,0.0,47798.76692869183,0.0
t920,0.0,0.0,0.0,0.0,0.0,0.0,0.0,0.0,0.0,30226.153892904153,0.0
t921,0.0,0.0,0.0,0.0,0.0,0.0,0.0,0.0,0.0,10502.7279209132,0.0
t922,0.0,0.0,0.0,0.0,0.0,0.0,0.0,0.0,0.0,0.0,0.0
t923,0.0,0.0,0.0,0.0,0.0,0.0,0.0,0.0,0.0,4319.483400564637,0.0
t924,0.0,0.0,0.0,0.0,0.0,0.0,0.0,0.0,0.0,21472.45654795874,0.0
t925,0.0,0.0,0.0,0.0,0.0,0.0,0.0,0.0,0.0,47068.92404082215,0.0
t926,0.0,0.0,0.0,0.0,0.0,0.0,0.0,0.0,0.0,77933.09270709855,0.0
t927,0.0,0.0,0.0,0.0,0.0,0.0,0.0,0.0,0.0,110017.91189933542,296.4470516750993
t928,0.0,0.0,0.0,0.0,0.0,0.0,0.0,0.0,0.0,139499.21387929076,4115.631482765611
t929,0.0,0.0,0.0,0.0,0.0,0.0,0.0,0.0,0.0,139499.21387929076,35090.190516274
t930,0.0,0.0,0.0,0.0,0.0,0.0,0.0,0.0,0.0,139499.21387929076,49389.65470160857
t931,0.0,0.0,0.0,0.0,0.0,0.0,0.0,0.0,0.0,139499.21387929076,42444.73045969789
t932,0.0,0.0,0.0,0.0,0.0,0.0,0.0,0.0,0.0,139499.21387929076,0.0
t933,0.0,0.0,0.0,0.0,0.0,0.0,0.0,0.0,0.0,122214.93501907786,0.0
t934,0.0,0.0,0.0,0.0,0.0,0.0,0.0,0.0,0.0,105145.87951317072,0.0
t935,0.0,0.0,0.0,0.0,0.0,0.0,0.0,0.0,0.0,90313.32897788995,0.0
t936,0.0,0.0,0.0,0.0,0.0,0.0,0.0,0.0,0.0,80190.92875989732,0.0
t937,0.0,0.0,0.0,0.0,0.0,0.0,0.0,0.0,0.0,73961.61840392734,0.0
t938,0.0,0.0,0.0,0.0,0.0,0.0,0.0,0.0,0.0,69456.73859606426,0.0
t939,0.0,0.0,0.0,0.0,0.0,0.0,0.0,0.0,0.0,65510.35866007605,0.0
t940,0.0,0.0,0.0,0.0,0.0,0.0,0.0,0.0,0.0,61567.643080253954,0.0
t941,0.0,0.0,0.0,0.0,0.0,0.0,0.0,0.0,0.0,57213.99794469986,0.0
t942,0.0,0.0,0.0,0.0,0.0,0.0,0.0,0.0,0.0,51450.04673281988,0.0
t943,0.0,0.0,0.0,0.0,0.0,0.0,0.0,0.0,0.0,40691.560479056236,0.0
t944,0.0,0.0,0.0,0.0,0.0,0.0,0.0,0.0,0.0,22882.147271061505,0.0
t945,0.0,0.0,0.0,0.0,0.0,0.0,0.0,0.0,0.0,2510.424920488962,0.0
t946,0.0,0.0,0.0,0.0,0.0,0.0,0.0,0.0,0.0,0.0,0.0
t947,0.0,0.0,0.0,0.0,0.0,0.0,0.0,0.0,0.0,5600.455847269718,0.0
t948,0.0,0.0,0.0,0.0,0.0,0.0,0.0,0.0,0.0,20905.747911377377,0.0
t949,0.0,0.0,0.0,0.0,0.0,0.0,0.0,0.0,0.0,44145.7755318898,0.0
t950,0.0,0.0,0.0,0.0,0.0,0.0,0.0,0.0,0.0,67580.08328977028,0.0
t951,0.0,0.0,0.0,0.0,0.0,0.0,0.0,0.0,0.0,92460.16181631217,0.0
t952,0.0,0.0,0.0,0.0,0.0,0.0,0.0,0.0,0.0,116973.80790666785,0.0
t953,0.0,0.0,0.0,0.0,0.0,0.0,0.0,0.0,0.0,135944.31464715026,0.0
t954,0.0,0.0,0.0,0.0,0.0,0.0,0.0,0.0,0.0,139499.21387929076,10430.223272717682
t955,0.0,0.0,0.0,0.0,0.0,0.0,0.0,0.0,0.0,139499.21387929076,7822.667454538261
t956,0.0,0.0,0.0,0.0,0.0,0.0,0.0,0.0,0.0,126885.70506011805,0.0
t957,0.0,0.0,0.0,0.0,0.0,0.0,0.0,0.0,0.0,109837.66574310607,0.0
t958,0.0,0.0,0.0,0.0,0.0,0.0,0.0,0.0,0.0,92843.03148919485,0.0
t959,0.0,0.0,0.0,0.0,0.0,0.0,0.0,0.0,0.0,78448.59301558268,0.0
t960,0.0,0.0,0.0,0.0,0.0,0.0,0.0,0.0,0.0,68343.91441916072,0.0
t961,0.0,0.0,0.0,0.0,0.0,0.0,0.0,0.0,0.0,62185.33042301211,0.0
t962,0.0,0.0,0.0,0.0,0.0,0.0,0.0,0.0,0.0,58847.470877794636,0.0
t963,0.0,0.0,0.0,0.0,0.0,0.0,0.0,0.0,0.0,56683.2714064921,0.0
t964,0.0,0.0,0.0,0.0,0.0,0.0,0.0,0.0,0.0,54952.45742853581,0.0
t965,0.0,0.0,0.0,0.0,0.0,0.0,0.0,0.0,0.0,52914.8687418859,0.0
t966,0.0,0.0,0.0,0.0,0.0,0.0,0.0,0.0,0.0,49820.27975123618,0.0
t967,0.0,0.0,0.0,0.0,0.0,0.0,0.0,0.0,0.0,42965.78500911044,0.0
t968,0.0,0.0,0.0,0.0,0.0,0.0,0.0,0.0,0.0,29393.613016315532,0.0
t969,0.0,0.0,0.0,0.0,0.0,0.0,0.0,0.0,0.0,13149.50014978541,0.0
t970,0.0,0.0,0.0,0.0,0.0,0.0,0.0,0.0,0.0,0.0,0.0
t971,0.0,0.0,0.0,0.0,0.0,0.0,0.0,0.0,0.0,0.0,0.0
t972,0.0,0.0,0.0,0.0,0.0,0.0,0.0,0.0,0.0,7572.156730142742,0.0
t973,0.0,0.0,0.0,0.0,0.0,0.0,0.0,0.0,0.0,28712.363417665245,0.0
t974,0.0,0.0,0.0,0.0,0.0,0.0,0.0,0.0,0.0,59218.279280545066,0.0
t975,0.0,0.0,0.0,0.0,0.0,0.0,0.0,0.0,0.0,91303.09847278195,5801.930499650022
t976,0.0,0.0,0.0,0.0,0.0,0.0,0.0,0.0,0.0,123387.91766501882,13654.849270611096
t977,0.0,0.0,0.0,0.0,0.0,0.0,0.0,0.0,0.0,139499.21387929076,37844.52980579399
t978,0.0,0.0,0.0,0.0,0.0,0.0,0.0,0.0,0.0,139499.21387929076,62411.56387577044
t979,0.0,0.0,0.0,0.0,0.0,0.0,0.0,0.0,0.0,139499.21387929076,63930.813556988986
t980,0.0,0.0,0.0,0.0,0.0,0.0,0.0,0.0,0.0,139499.21387929076,35292.93372051833
t981,0.0,0.0,0.0,0.0,0.0,0.0,0.0,0.0,0.0,139499.21387929076,0.0
t982,0.0,0.0,0.0,0.0,0.0,0.0,0.0,0.0,0.0,125294.20868810918,0.0
t983,0.0,0.0,0.0,0.0,0.0,0.0,0.0,0.0,0.0,111886.85521484097,0.0
t984,0.0,0.0,0.0,0.0,0.0,0.0,0.0,0.0,0.0,100633.10014422282,0.0
t985,0.0,0.0,0.0,0.0,0.0,0.0,0.0,0.0,0.0,91134.999488518,0.0
t986,0.0,0.0,0.0,0.0,0.0,0.0,0.0,0.0,0.0,82703.00703983958,0.0
t987,0.0,0.0,0.0,0.0,0.0,0.0,0.0,0.0,0.0,74070.2795344768,0.0
t988,0.0,0.0,0.0,0.0,0.0,0.0,0.0,0.0,0.0,65666.0630669922,0.0
t989,0.0,0.0,0.0,0.0,0.0,0.0,0.0,0.0,0.0,56562.39464014468,0.0
t990,0.0,0.0,0.0,0.0,0.0,0.0,0.0,0.0,0.0,46788.99891336606,0.0
t991,0.0,0.0,0.0,0.0,0.0,0.0,0.0,0.0,0.0,34940.808452139536,0.0
t992,0.0,0.0,0.0,0.0,0.0,0.0,0.0,0.0,0.0,19932.92030623961,0.0
t993,0.0,0.0,0.0,0.0,0.0,0.0,0.0,0.0,0.0,0.0,0.0
t994,0.0,0.0,0.0,0.0,0.0,0.0,0.0,0.0,0.0,0.0,0.0
t995,0.0,0.0,0.0,0.0,0.0,0.0,0.0,0.0,0.0,12958.988379167182,0.0
t996,0.0,0.0,0.0,0.0,0.0,0.0,0.0,0.0,0.0,39303.744075394025,0.0
t997,0.0,0.0,0.0,0.0,0.0,0.0,0.0,0.0,0.0,71388.5632676309,0.0
t998,0.0,0.0,0.0,0.0,0.0,0.0,0.0,0.0,0.0,103473.38245986777,0.0
t999,0.0,0.0,0.0,0.0,0.0,0.0,0.0,0.0,0.0,135558.20165210465,13700.29494299149
t1000,0.0,0.0,0.0,0.0,0.0,0.0,0.0,0.0,0.0,139499.21387929076,53351.10631228281
t1001,0.0,0.0,0.0,0.0,0.0,0.0,0.0,0.0,0.0,139499.21387929076,77117.7969204965
t1002,0.0,0.0,0.0,0.0,0.0,0.0,0.0,0.0,0.0,139499.21387929076,84731.64787307757
t1003,0.0,0.0,0.0,0.0,0.0,0.0,0.0,0.0,0.0,139499.21387929076,68997.61072710203
t1004,0.0,0.0,0.0,0.0,0.0,0.0,0.0,0.0,0.0,139499.21387929076,17750.95652626574
t1005,0.0,0.0,0.0,0.0,0.0,0.0,0.0,0.0,0.0,132334.05285231862,0.0
t1006,0.0,0.0,0.0,0.0,0.0,0.0,0.0,0.0,0.0,116826.36552282589,0.0
t1007,0.0,0.0,0.0,0.0,0.0,0.0,0.0,0.0,0.0,102164.44790752578,0.0
t1008,0.0,0.0,0.0,0.0,0.0,0.0,0.0,0.0,0.0,90517.36596868561,0.0
t1009,0.0,0.0,0.0,0.0,0.0,0.0,0.0,0.0,0.0,80862.55779391376,0.0
t1010,0.0,0.0,0.0,0.0,0.0,0.0,0.0,0.0,0.0,72143.22726326053,0.0
t1011,0.0,0.0,0.0,0.0,0.0,0.0,0.0,0.0,0.0,64468.787196579986,0.0
t1012,0.0,0.0,0.0,0.0,0.0,0.0,0.0,0.0,0.0,58127.853685777,0.0
t1013,0.0,0.0,0.0,0.0,0.0,0.0,0.0,0.0,0.0,51490.376824838284,0.0
t1014,0.0,0.0,0.0,0.0,0.0,0.0,0.0,0.0,0.0,43590.87396639272,0.0
t1015,0.0,0.0,0.0,0.0,0.0,0.0,0.0,0.0,0.0,33341.21426740753,0.0
t1016,0.0,0.0,0.0,0.0,0.0,0.0,0.0,0.0,0.0,20949.84709449599,0.0
t1017,0.0,0.0,0.0,0.0,0.0,0.0,0.0,0.0,0.0,6255.655515378159,0.0
t1018,0.0,0.0,0.0,0.0,0.0,0.0,0.0,0.0,0.0,0.0,0.0
t1019,0.0,0.0,0.0,0.0,0.0,0.0,0.0,0.0,0.0,3501.93186536947,0.0
t1020,0.0,0.0,0.0,0.0,0.0,0.0,0.0,0.0,0.0,16746.217806288292,0.0
t1021,0.0,0.0,0.0,0.0,0.0,0.0,0.0,0.0,0.0,38330.06552165796,0.0
t1022,0.0,0.0,0.0,0.0,0.0,0.0,0.0,0.0,0.0,61171.22384554619,0.0
t1023,0.0,0.0,0.0,0.0,0.0,0.0,0.0,0.0,0.0,86335.33758913481,0.0
t1024,0.0,0.0,0.0,0.0,0.0,0.0,0.0,0.0,0.0,111430.30658783033,0.0
t1025,0.0,0.0,0.0,0.0,0.0,0.0,0.0,0.0,0.0,130784.80408790057,0.0
t1026,0.0,0.0,0.0,0.0,0.0,0.0,0.0,0.0,0.0,139499.21387929076,0.0
t1027,0.0,0.0,0.0,0.0,0.0,0.0,0.0,0.0,0.0,139499.21387929076,0.0
t1028,0.0,0.0,0.0,0.0,0.0,0.0,0.0,0.0,0.0,123579.94083800873,0.0
t1029,0.0,0.0,0.0,0.0,0.0,0.0,0.0,0.0,0.0,108773.10357404125,0.0
t1030,0.0,0.0,0.0,0.0,0.0,0.0,0.0,0.0,0.0,92983.99686725489,0.0
t1031,0.0,0.0,0.0,0.0,0.0,0.0,0.0,0.0,0.0,78642.88745471725,0.0
t1032,0.0,0.0,0.0,0.0,0.0,0.0,0.0,0.0,0.0,68760.19407153422,0.0
t1033,0.0,0.0,0.0,0.0,0.0,0.0,0.0,0.0,0.0,63163.75268941418,0.0
t1034,0.0,0.0,0.0,0.0,0.0,0.0,0.0,0.0,0.0,60303.792065414265,0.0
t1035,0.0,0.0,0.0,0.0,0.0,0.0,0.0,0.0,0.0,59460.84979516958,0.0
t1036,0.0,0.0,0.0,0.0,0.0,0.0,0.0,0.0,0.0,59441.98337194419,0.0
t1037,0.0,0.0,0.0,0.0,0.0,0.0,0.0,0.0,0.0,58094.99394918706,0.0
t1038,0.0,0.0,0.0,0.0,0.0,0.0,0.0,0.0,0.0,54136.529370810546,0.0
t1039,0.0,0.0,0.0,0.0,0.0,0.0,0.0,0.0,0.0,46506.350235006146,0.0
t1040,0.0,0.0,0.0,0.0,0.0,0.0,0.0,0.0,0.0,31975.14449369529,0.0
t1041,0.0,0.0,0.0,0.0,0.0,0.0,0.0,0.0,0.0,14736.91667662812,0.0
t1042,0.0,0.0,0.0,0.0,0.0,0.0,0.0,0.0,0.0,0.0,0.0
t1043,0.0,0.0,0.0,0.0,0.0,0.0,0.0,0.0,0.0,0.0,0.0
t1044,0.0,0.0,0.0,0.0,0.0,0.0,0.0,0.0,0.0,10563.224868894757,0.0
t1045,0.0,0.0,0.0,0.0,0.0,0.0,0.0,0.0,0.0,26418.40519914877,0.0
t1046,0.0,0.0,0.0,0.0,0.0,0.0,0.0,0.0,0.0,45189.4147936432,0.0
t1047,0.0,0.0,0.0,0.0,0.0,0.0,0.0,0.0,0.0,70608.08088790772,0.0
t1048,0.0,0.0,0.0,0.0,0.0,0.0,0.0,0.0,0.0,102692.90008014458,0.0
t1049,0.0,0.0,0.0,0.0,0.0,0.0,0.0,0.0,0.0,134777.71927238145,1330.9389082532239
t1050,0.0,0.0,0.0,0.0,0.0,0.0,0.0,0.0,0.0,139499.21387929076,24173.264874233577
t1051,0.0,0.0,0.0,0.0,0.0,0.0,0.0,0.0,0.0,139499.21387929076,29333.31432950964
t1052,0.0,0.0,0.0,0.0,0.0,0.0,0.0,0.0,0.0,139499.21387929076,5715.145259197234
t1053,0.0,0.0,0.0,0.0,0.0,0.0,0.0,0.0,0.0,122162.48690430829,0.0
t1054,0.0,0.0,0.0,0.0,0.0,0.0,0.0,0.0,0.0,103642.76073539809,0.0
t1055,0.0,0.0,0.0,0.0,0.0,0.0,0.0,0.0,0.0,87273.14298201501,0.0
t1056,0.0,0.0,0.0,0.0,0.0,0.0,0.0,0.0,0.0,75164.86459446696,0.0
t1057,0.0,0.0,0.0,0.0,0.0,0.0,0.0,0.0,0.0,67739.19210132066,0.0
t1058,0.0,0.0,0.0,0.0,0.0,0.0,0.0,0.0,0.0,63206.73297347781,0.0
t1059,0.0,0.0,0.0,0.0,0.0,0.0,0.0,0.0,0.0,59653.34448965236,0.0
t1060,0.0,0.0,0.0,0.0,0.0,0.0,0.0,0.0,0.0,56468.83775329737,0.0
t1061,0.0,0.0,0.0,0.0,0.0,0.0,0.0,0.0,0.0,52900.82798331654,0.0
t1062,0.0,0.0,0.0,0.0,0.0,0.0,0.0,0.0,0.0,47229.73767581503,0.0
t1063,0.0,0.0,0.0,0.0,0.0,0.0,0.0,0.0,0.0,36961.706494578284,0.0
t1064,0.0,0.0,0.0,0.0,0.0,0.0,0.0,0.0,0.0,19343.503745548736,0.0
t1065,0.0,0.0,0.0,0.0,0.0,0.0,0.0,0.0,0.0,560.2825472649165,0.0
t1066,0.0,0.0,0.0,0.0,0.0,0.0,0.0,0.0,0.0,0.0,0.0
t1067,0.0,0.0,0.0,0.0,0.0,0.0,0.0,0.0,0.0,13934.371435452385,0.0
t1068,0.0,0.0,0.0,0.0,0.0,0.0,0.0,0.0,0.0,40700.26184360065,0.0
t1069,0.0,0.0,0.0,0.0,0.0,0.0,0.0,0.0,0.0,72785.08103583753,0.0
t1070,0.0,0.0,0.0,0.0,0.0,0.0,0.0,0.0,0.0,104869.90022807442,0.0
t1071,0.0,0.0,0.0,0.0,0.0,0.0,0.0,0.0,0.0,136954.71942031127,0.0
t1072,0.0,0.0,0.0,0.0,0.0,0.0,0.0,0.0,0.0,139499.21387929076,38947.844115279804
t1073,0.0,0.0,0.0,0.0,0.0,0.0,0.0,0.0,0.0,139499.21387929076,67742.48983433428
t1074,0.0,0.0,0.0,0.0,0.0,0.0,0.0,0.0,0.0,139499.21387929076,80359.43038164728
t1075,0.0,0.0,0.0,0.0,0.0,0.0,0.0,0.0,0.0,139499.21387929076,73620.37088126791
t1076,0.0,0.0,0.0,0.0,0.0,0.0,0.0,0.0,0.0,139499.21387929076,31031.752534694922
t1077,0.0,0.0,0.0,0.0,0.0,0.0,0.0,0.0,0.0,133734.7185110665,0.0
t1078,0.0,0.0,0.0,0.0,0.0,0.0,0.0,0.0,0.0,118275.36867586558,0.0
t1079,0.0,0.0,0.0,0.0,0.0,0.0,0.0,0.0,0.0,104394.12883269167,0.0
t1080,0.0,0.0,0.0,0.0,0.0,0.0,0.0,0.0,0.0,93882.79418074364,0.0
t1081,0.0,0.0,0.0,0.0,0.0,0.0,0.0,0.0,0.0,86404.40187478033,0.0
t1082,0.0,0.0,0.0,0.0,0.0,0.0,0.0,0.0,0.0,82004.86374228078,0.0
t1083,0.0,0.0,0.0,0.0,0.0,0.0,0.0,0.0,0.0,79166.20429975094,0.0
t1084,0.0,0.0,0.0,0.0,0.0,0.0,0.0,0.0,0.0,77357.04636209675,0.0
t1085,0.0,0.0,0.0,0.0,0.0,0.0,0.0,0.0,0.0,74091.32666405078,0.0
t1086,0.0,0.0,0.0,0.0,0.0,0.0,0.0,0.0,0.0,68338.8995310767,0.0
t1087,0.0,0.0,0.0,0.0,0.0,0.0,0.0,0.0,0.0,58195.75783192343,0.0
t1088,0.0,0.0,0.0,0.0,0.0,0.0,0.0,0.0,0.0,41551.60181376715,0.0
t1089,0.0,0.0,0.0,0.0,0.0,0.0,0.0,0.0,0.0,20995.81343895121,0.0
t1090,0.0,0.0,0.0,0.0,0.0,0.0,0.0,0.0,0.0,3084.5748995449244,0.0
t1091,0.0,0.0,0.0,0.0,0.0,0.0,0.0,0.0,0.0,0.0,0.0
t1092,0.0,0.0,0.0,0.0,0.0,0.0,0.0,0.0,0.0,10748.637199700053,0.0
t1093,0.0,0.0,0.0,0.0,0.0,0.0,0.0,0.0,0.0,30837.33942112352,0.0
t1094,0.0,0.0,0.0,0.0,0.0,0.0,0.0,0.0,0.0,54995.24101670072,0.0
t1095,0.0,0.0,0.0,0.0,0.0,0.0,0.0,0.0,0.0,83532.50439205676,0.0
t1096,0.0,0.0,0.0,0.0,0.0,0.0,0.0,0.0,0.0,111378.27950861304,0.0
t1097,0.0,0.0,0.0,0.0,0.0,0.0,0.0,0.0,0.0,139499.21387929076,0.0
t1098,0.0,0.0,0.0,0.0,0.0,0.0,0.0,0.0,0.0,139499.21387929076,22743.27562126
t1099,0.0,0.0,0.0,0.0,0.0,0.0,0.0,0.0,0.0,139499.21387929076,23466.076746810504
t1100,0.0,0.0,0.0,0.0,0.0,0.0,0.0,0.0,0.0,132620.30203979614,0.0
t1101,0.0,0.0,0.0,0.0,0.0,0.0,0.0,0.0,0.0,114433.23543698378,0.0
t1102,0.0,0.0,0.0,0.0,0.0,0.0,0.0,0.0,0.0,97400.22158918463,0.0
t1103,0.0,0.0,0.0,0.0,0.0,0.0,0.0,0.0,0.0,82552.83626304234,0.0
t1104,0.0,0.0,0.0,0.0,0.0,0.0,0.0,0.0,0.0,71430.42952564417,0.0
t1105,0.0,0.0,0.0,0.0,0.0,0.0,0.0,0.0,0.0,64671.837101199635,0.0
t1106,0.0,0.0,0.0,0.0,0.0,0.0,0.0,0.0,0.0,61072.8016901447,0.0
t1107,0.0,0.0,0.0,0.0,0.0,0.0,0.0,0.0,0.0,58537.26727146478,0.0
t1108,0.0,0.0,0.0,0.0,0.0,0.0,0.0,0.0,0.0,56695.80441755297,0.0
t1109,0.0,0.0,0.0,0.0,0.0,0.0,0.0,0.0,0.0,54105.00678405716,0.0
t1110,0.0,0.0,0.0,0.0,0.0,0.0,0.0,0.0,0.0,50067.80719271077,0.0
t1111,0.0,0.0,0.0,0.0,0.0,0.0,0.0,0.0,0.0,41995.24397527361,0.0
t1112,0.0,0.0,0.0,0.0,0.0,0.0,0.0,0.0,0.0,26701.122680447545,0.0
t1113,0.0,0.0,0.0,0.0,0.0,0.0,0.0,0.0,0.0,9803.614572025574,0.0
t1114,0.0,0.0,0.0,0.0,0.0,0.0,0.0,0.0,0.0,1432.581054937078,0.0
t1115,0.0,0.0,0.0,0.0,0.0,0.0,0.0,0.0,0.0,6683.329976043839,0.0
t1116,0.0,0.0,0.0,0.0,0.0,0.0,0.0,0.0,0.0,18059.77279453223,0.0
t1117,0.0,0.0,0.0,0.0,0.0,0.0,0.0,0.0,0.0,33683.17445016945,0.0
t1118,0.0,0.0,0.0,0.0,0.0,0.0,0.0,0.0,0.0,53447.69676202744,0.0
t1119,0.0,0.0,0.0,0.0,0.0,0.0,0.0,0.0,0.0,77427.66750556792,0.0
t1120,0.0,0.0,0.0,0.0,0.0,0.0,0.0,0.0,0.0,99900.35668291006,0.0
t1121,0.0,0.0,0.0,0.0,0.0,0.0,0.0,0.0,0.0,122307.3862162052,0.0
t1122,0.0,0.0,0.0,0.0,0.0,0.0,0.0,0.0,0.0,137952.5270606721,0.0
t1123,0.0,0.0,0.0,0.0,0.0,0.0,0.0,0.0,0.0,139499.21387929076,0.0
t1124,0.0,0.0,0.0,0.0,0.0,0.0,0.0,0.0,0.0,126482.38929490201,0.0
t1125,0.0,0.0,0.0,0.0,0.0,0.0,0.0,0.0,0.0,110437.5498518069,0.0
t1126,0.0,0.0,0.0,0.0,0.0,0.0,0.0,0.0,0.0,94301.97759302778,0.0
t1127,0.0,0.0,0.0,0.0,0.0,0.0,0.0,0.0,0.0,79182.24232220688,0.0
t1128,0.0,0.0,0.0,0.0,0.0,0.0,0.0,0.0,0.0,68438.01895351401,0.0
t1129,0.0,0.0,0.0,0.0,0.0,0.0,0.0,0.0,0.0,63175.70644379994,0.0
t1130,0.0,0.0,0.0,0.0,0.0,0.0,0.0,0.0,0.0,59600.172204029506,0.0
t1131,0.0,0.0,0.0,0.0,0.0,0.0,0.0,0.0,0.0,56886.22993915673,0.0
t1132,0.0,0.0,0.0,0.0,0.0,0.0,0.0,0.0,0.0,55173.7812791576,0.0
t1133,0.0,0.0,0.0,0.0,0.0,0.0,0.0,0.0,0.0,53384.26115864074,0.0
t1134,0.0,0.0,0.0,0.0,0.0,0.0,0.0,0.0,0.0,50581.80001238873,0.0
t1135,0.0,0.0,0.0,0.0,0.0,0.0,0.0,0.0,0.0,43272.55783394093,0.0
t1136,0.0,0.0,0.0,0.0,0.0,0.0,0.0,0.0,0.0,29024.9830691599,0.0
t1137,0.0,0.0,0.0,0.0,0.0,0.0,0.0,0.0,0.0,12444.131226559675,0.0
t1138,0.0,0.0,0.0,0.0,0.0,0.0,0.0,0.0,0.0,0.0,0.0
t1139,0.0,0.0,0.0,0.0,0.0,0.0,0.0,0.0,0.0,4837.3492019554715,0.0
t1140,0.0,0.0,0.0,0.0,0.0,0.0,0.0,0.0,0.0,17431.91016882773,0.0
t1141,0.0,0.0,0.0,0.0,0.0,0.0,0.0,0.0,0.0,35022.93406615981,0.0
t1142,0.0,0.0,0.0,0.0,0.0,0.0,0.0,0.0,0.0,56677.47523721665,0.0
t1143,0.0,0.0,0.0,0.0,0.0,0.0,0.0,0.0,0.0,79235.33500818304,0.0
t1144,0.0,0.0,0.0,0.0,0.0,0.0,0.0,0.0,0.0,97111.98335959527,0.0
t1145,0.0,0.0,0.0,0.0,0.0,0.0,0.0,0.0,0.0,111354.46259724139,0.0
t1146,0.0,0.0,0.0,0.0,0.0,0.0,0.0,0.0,0.0,118044.18607901271,0.0
t1147,0.0,0.0,0.0,0.0,0.0,0.0,0.0,0.0,0.0,113524.7577021673,0.0
t1148,0.0,0.0,0.0,0.0,0.0,0.0,0.0,0.0,0.0,97178.42349708578,0.0
t1149,0.0,0.0,0.0,0.0,0.0,0.0,0.0,0.0,0.0,82267.46592559956,0.0
t1150,0.0,0.0,0.0,0.0,0.0,0.0,0.0,0.0,0.0,68137.55116787378,0.0
t1151,0.0,0.0,0.0,0.0,0.0,0.0,0.0,0.0,0.0,55880.10427376508,0.0
t1152,0.0,0.0,0.0,0.0,0.0,0.0,0.0,0.0,0.0,45868.041135751635,0.0
t1153,0.0,0.0,0.0,0.0,0.0,0.0,0.0,0.0,0.0,39155.18014928874,0.0
t1154,0.0,0.0,0.0,0.0,0.0,0.0,0.0,0.0,0.0,34420.51651962483,0.0
t1155,0.0,0.0,0.0,0.0,0.0,0.0,0.0,0.0,0.0,31777.043219759107,0.0
t1156,0.0,0.0,0.0,0.0,0.0,0.0,0.0,0.0,0.0,31618.753934940854,0.0
t1157,0.0,0.0,0.0,0.0,0.0,0.0,0.0,0.0,0.0,31618.753934940854,0.0
t1158,0.0,0.0,0.0,0.0,0.0,0.0,0.0,0.0,0.0,30989.935618989875,0.0
t1159,0.0,0.0,0.0,0.0,0.0,0.0,0.0,0.0,0.0,27719.65259242151,0.0
t1160,0.0,0.0,0.0,0.0,0.0,0.0,0.0,0.0,0.0,20322.517016638758,0.0
t1161,0.0,0.0,0.0,0.0,0.0,0.0,0.0,0.0,0.0,11616.222672067197,0.0
t1162,0.0,0.0,0.0,0.0,0.0,0.0,0.0,0.0,0.0,0.0,0.0
t1163,0.0,0.0,0.0,0.0,0.0,0.0,0.0,0.0,0.0,3479.8751337333015,0.0
t1164,0.0,0.0,0.0,0.0,0.0,0.0,0.0,0.0,0.0,23591.28448948393,0.0
t1165,0.0,0.0,0.0,0.0,0.0,0.0,0.0,0.0,0.0,52818.396149686734,0.0
t1166,0.0,0.0,0.0,0.0,0.0,0.0,0.0,0.0,0.0,84903.21534192361,0.0
t1167,0.0,0.0,0.0,0.0,0.0,0.0,0.0,0.0,0.0,115158.69797886963,0.0
t1168,0.0,0.0,0.0,0.0,0.0,0.0,0.0,0.0,0.0,139499.21387929076,10750.139324849246
t1169,0.0,0.0,0.0,0.0,0.0,0.0,0.0,0.0,0.0,139499.21387929076,41144.11869457703
t1170,0.0,0.0,0.0,0.0,0.0,0.0,0.0,0.0,0.0,139499.21387929076,58895.14124492014
t1171,0.0,0.0,0.0,0.0,0.0,0.0,0.0,0.0,0.0,139499.21387929076,60160.97979143616
t1172,0.0,0.0,0.0,0.0,0.0,0.0,0.0,0.0,0.0,139499.21387929076,37338.62498930427
t1173,0.0,0.0,0.0,0.0,0.0,0.0,0.0,0.0,0.0,139499.21387929076,0.0
t1174,0.0,0.0,0.0,0.0,0.0,0.0,0.0,0.0,0.0,125225.68250819716,0.0
t1175,0.0,0.0,0.0,0.0,0.0,0.0,0.0,0.0,0.0,110769.95397130276,0.0
t1176,0.0,0.0,0.0,0.0,0.0,0.0,0.0,0.0,0.0,101240.09384012737,0.0
t1177,0.0,0.0,0.0,0.0,0.0,0.0,0.0,0.0,0.0,93226.29945396731,0.0
t1178,0.0,0.0,0.0,0.0,0.0,0.0,0.0,0.0,0.0,84525.16150646887,0.0
t1179,0.0,0.0,0.0,0.0,0.0,0.0,0.0,0.0,0.0,75556.51995634308,0.0
t1180,0.0,0.0,0.0,0.0,0.0,0.0,0.0,0.0,0.0,66656.81418120101,0.0
t1181,0.0,0.0,0.0,0.0,0.0,0.0,0.0,0.0,0.0,57961.87480650063,0.0
t1182,0.0,0.0,0.0,0.0,0.0,0.0,0.0,0.0,0.0,47858.91972729549,0.0
t1183,0.0,0.0,0.0,0.0,0.0,0.0,0.0,0.0,0.0,35166.66788751505,0.0
t1184,0.0,0.0,0.0,0.0,0.0,0.0,0.0,0.0,0.0,19443.252171442957,0.0
t1185,0.0,0.0,0.0,0.0,0.0,0.0,0.0,0.0,0.0,0.0,0.0
t1186,0.0,0.0,0.0,0.0,0.0,0.0,0.0,0.0,0.0,0.0,0.0
t1187,0.0,0.0,0.0,0.0,0.0,0.0,0.0,0.0,0.0,21178.453980479055,0.0
t1188,0.0,0.0,0.0,0.0,0.0,0.0,0.0,0.0,0.0,51378.033368259436,0.0
t1189,0.0,0.0,0.0,0.0,0.0,0.0,0.0,0.0,0.0,78180.94284357678,0.0
t1190,0.0,0.0,0.0,0.0,0.0,0.0,0.0,0.0,0.0,110265.76203581366,0.0
t1191,0.0,0.0,0.0,0.0,0.0,0.0,0.0,0.0,0.0,129295.97370723847,0.0
t1192,0.0,0.0,0.0,0.0,0.0,0.0,0.0,0.0,0.0,139499.21387929076,39960.11389760792
t1193,0.0,0.0,0.0,0.0,0.0,0.0,0.0,0.0,0.0,139499.21387929076,76390.86535449144
t1194,0.0,0.0,0.0,0.0,0.0,0.0,0.0,0.0,0.0,139499.21387929076,92763.71012719833
t1195,0.0,0.0,0.0,0.0,0.0,0.0,0.0,0.0,0.0,139499.21387929076,87892.13266630517
t1196,0.0,0.0,0.0,0.0,0.0,0.0,0.0,0.0,0.0,139499.21387929076,46007.64627000582
t1197,0.0,0.0,0.0,0.0,0.0,0.0,0.0,0.0,0.0,139499.21387929076,0.0
t1198,0.0,0.0,0.0,0.0,0.0,0.0,0.0,0.0,0.0,123412.39514518787,0.0
t1199,0.0,0.0,0.0,0.0,0.0,0.0,0.0,0.0,0.0,109148.58074983698,0.0
t1200,0.0,0.0,0.0,0.0,0.0,0.0,0.0,0.0,0.0,97549.85744125913,0.0
t1201,0.0,0.0,0.0,0.0,0.0,0.0,0.0,0.0,0.0,89483.79125334596,0.0
t1202,0.0,0.0,0.0,0.0,0.0,0.0,0.0,0.0,0.0,82666.0114677538,0.0
t1203,0.0,0.0,0.0,0.0,0.0,0.0,0.0,0.0,0.0,76249.70983878082,0.0
t1204,0.0,0.0,0.0,0.0,0.0,0.0,0.0,0.0,0.0,70432.81526640995,0.0
t1205,0.0,0.0,0.0,0.0,0.0,0.0,0.0,0.0,0.0,64553.27193812733,0.0
t1206,0.0,0.0,0.0,0.0,0.0,0.0,0.0,0.0,0.0,57019.344645248704,0.0
t1207,0.0,0.0,0.0,0.0,0.0,0.0,0.0,0.0,0.0,45711.974109509414,0.0
t1208,0.0,0.0,0.0,0.0,0.0,0.0,0.0,0.0,0.0,28874.37053446183,0.0
t1209,0.0,0.0,0.0,0.0,0.0,0.0,0.0,0.0,0.0,6206.031780976882,0.0
t1210,0.0,0.0,0.0,0.0,0.0,0.0,0.0,0.0,0.0,0.0,0.0
t1211,0.0,0.0,0.0,0.0,0.0,0.0,0.0,0.0,0.0,6826.974466285883,0.0
t1212,0.0,0.0,0.0,0.0,0.0,0.0,0.0,0.0,0.0,25907.848223782654,0.0
t1213,0.0,0.0,0.0,0.0,0.0,0.0,0.0,0.0,0.0,51702.39132757876,0.0
t1214,0.0,0.0,0.0,0.0,0.0,0.0,0.0,0.0,0.0,80744.7316445385,0.0
t1215,0.0,0.0,0.0,0.0,0.0,0.0,0.0,0.0,0.0,112829.55083677536,0.0
t1216,0.0,0.0,0.0,0.0,0.0,0.0,0.0,0.0,0.0,139499.21387929076,10377.778585888269
t1217,0.0,0.0,0.0,0.0,0.0,0.0,0.0,0.0,0.0,139499.21387929076,45067.9788546313
t1218,0.0,0.0,0.0,0.0,0.0,0.0,0.0,0.0,0.0,139499.21387929076,65999.08870871438
t1219,0.0,0.0,0.0,0.0,0.0,0.0,0.0,0.0,0.0,139499.21387929076,65125.479258596184
t1220,0.0,0.0,0.0,0.0,0.0,0.0,0.0,0.0,0.0,139499.21387929076,31000.9758882933
t1221,0.0,0.0,0.0,0.0,0.0,0.0,0.0,0.0,0.0,136513.86182343194,0.0
t1222,0.0,0.0,0.0,0.0,0.0,0.0,0.0,0.0,0.0,120616.4406905997,0.0
t1223,0.0,0.0,0.0,0.0,0.0,0.0,0.0,0.0,0.0,106334.41131811499,0.0
t1224,0.0,0.0,0.0,0.0,0.0,0.0,0.0,0.0,0.0,94507.15955107345,0.0
t1225,0.0,0.0,0.0,0.0,0.0,0.0,0.0,0.0,0.0,86286.79967250458,0.0
t1226,0.0,0.0,0.0,0.0,0.0,0.0,0.0,0.0,0.0,80913.94099481149,0.0
t1227,0.0,0.0,0.0,0.0,0.0,0.0,0.0,0.0,0.0,76481.57372874128,0.0
t1228,0.0,0.0,0.0,0.0,0.0,0.0,0.0,0.0,0.0,71714.35121645668,0.0
t1229,0.0,0.0,0.0,0.0,0.0,0.0,0.0,0.0,0.0,66050.90427711571,0.0
t1230,0.0,0.0,0.0,0.0,0.0,0.0,0.0,0.0,0.0,58302.4487732724,0.0
t1231,0.0,0.0,0.0,0.0,0.0,0.0,0.0,0.0,0.0,45489.96808842261,0.0
t1232,0.0,0.0,0.0,0.0,0.0,0.0,0.0,0.0,0.0,24910.863772166722,0.0
t1233,0.0,0.0,0.0,0.0,0.0,0.0,0.0,0.0,0.0,0.0,0.0
t1234,0.0,0.0,0.0,0.0,0.0,0.0,0.0,0.0,0.0,0.0,0.0
t1235,0.0,0.0,0.0,0.0,0.0,0.0,0.0,0.0,0.0,19843.55393950085,0.0
t1236,0.0,0.0,0.0,0.0,0.0,0.0,0.0,0.0,0.0,50005.877871138364,0.0
t1237,0.0,0.0,0.0,0.0,0.0,0.0,0.0,0.0,0.0,82090.69706337524,0.0
t1238,0.0,0.0,0.0,0.0,0.0,0.0,0.0,0.0,0.0,114175.5162556121,0.0
t1239,0.0,0.0,0.0,0.0,0.0,0.0,0.0,0.0,0.0,129755.54842386644,0.0
t1240,0.0,0.0,0.0,0.0,0.0,0.0,0.0,0.0,0.0,139499.21387929076,35916.1851628675
t1241,0.0,0.0,0.0,0.0,0.0,0.0,0.0,0.0,0.0,139499.21387929076,71009.58312460965
t1242,0.0,0.0,0.0,0.0,0.0,0.0,0.0,0.0,0.0,139499.21387929076,89236.81597500919
t1243,0.0,0.0,0.0,0.0,0.0,0.0,0.0,0.0,0.0,139499.21387929076,90411.17696792919
t1244,0.0,0.0,0.0,0.0,0.0,0.0,0.0,0.0,0.0,139499.21387929076,50692.17555179606
t1245,0.0,0.0,0.0,0.0,0.0,0.0,0.0,0.0,0.0,139499.21387929076,0.0
t1246,0.0,0.0,0.0,0.0,0.0,0.0,0.0,0.0,0.0,121578.87351042926,0.0
t1247,0.0,0.0,0.0,0.0,0.0,0.0,0.0,0.0,0.0,106635.89090890746,0.0
t1248,0.0,0.0,0.0,0.0,0.0,0.0,0.0,0.0,0.0,93003.52029928615,0.0
t1249,0.0,0.0,0.0,0.0,0.0,0.0,0.0,0.0,0.0,82975.20804717878,0.0
t1250,0.0,0.0,0.0,0.0,0.0,0.0,0.0,0.0,0.0,75555.51004547477,0.0
t1251,0.0,0.0,0.0,0.0,0.0,0.0,0.0,0.0,0.0,69789.7023557436,0.0
t1252,0.0,0.0,0.0,0.0,0.0,0.0,0.0,0.0,0.0,64990.34672962573,0.0
t1253,0.0,0.0,0.0,0.0,0.0,0.0,0.0,0.0,0.0,59392.86642322589,0.0
t1254,0.0,0.0,0.0,0.0,0.0,0.0,0.0,0.0,0.0,52446.59937787912,0.0
t1255,0.0,0.0,0.0,0.0,0.0,0.0,0.0,0.0,0.0,41361.34329003491,0.0
t1256,0.0,0.0,0.0,0.0,0.0,0.0,0.0,0.0,0.0,24120.221919224467,0.0
t1257,0.0,0.0,0.0,0.0,0.0,0.0,0.0,0.0,0.0,4129.232455446116,0.0
t1258,0.0,0.0,0.0,0.0,0.0,0.0,0.0,0.0,0.0,0.0,0.0
t1259,0.0,0.0,0.0,0.0,0.0,0.0,0.0,0.0,0.0,13951.551204170522,0.0
t1260,0.0,0.0,0.0,0.0,0.0,0.0,0.0,0.0,0.0,40472.697707456486,0.0
t1261,0.0,0.0,0.0,0.0,0.0,0.0,0.0,0.0,0.0,72557.51689969336,0.0
t1262,0.0,0.0,0.0,0.0,0.0,0.0,0.0,0.0,0.0,104642.33609193025,0.0
t1263,0.0,0.0,0.0,0.0,0.0,0.0,0.0,0.0,0.0,136727.15528416712,0.0
t1264,0.0,0.0,0.0,0.0,0.0,0.0,0.0,0.0,0.0,139499.21387929076,37098.20992516477
t1265,0.0,0.0,0.0,0.0,0.0,0.0,0.0,0.0,0.0,139499.21387929076,63042.12740000071
t1266,0.0,0.0,0.0,0.0,0.0,0.0,0.0,0.0,0.0,139499.21387929076,70066.48705518324
t1267,0.0,0.0,0.0,0.0,0.0,0.0,0.0,0.0,0.0,139499.21387929076,59553.4895211033
t1268,0.0,0.0,0.0,0.0,0.0,0.0,0.0,0.0,0.0,139499.21387929076,15128.999747081027
t1269,0.0,0.0,0.0,0.0,0.0,0.0,0.0,0.0,0.0,122021.03002516729,0.0
t1270,0.0,0.0,0.0,0.0,0.0,0.0,0.0,0.0,0.0,99837.81998078564,0.0
t1271,0.0,0.0,0.0,0.0,0.0,0.0,0.0,0.0,0.0,80597.06159176712,0.0
t1272,0.0,0.0,0.0,0.0,0.0,0.0,0.0,0.0,0.0,65998.96572616459,0.0
t1273,0.0,0.0,0.0,0.0,0.0,0.0,0.0,0.0,0.0,56465.15713588434,0.0
t1274,0.0,0.0,0.0,0.0,0.0,0.0,0.0,0.0,0.0,51924.38826286558,0.0
t1275,0.0,0.0,0.0,0.0,0.0,0.0,0.0,0.0,0.0,49040.938977426624,0.0
t1276,0.0,0.0,0.0,0.0,0.0,0.0,0.0,0.0,0.0,46759.127490396866,0.0
t1277,0.0,0.0,0.0,0.0,0.0,0.0,0.0,0.0,0.0,44284.740844723034,0.0
t1278,0.0,0.0,0.0,0.0,0.0,0.0,0.0,0.0,0.0,40200.07441547869,0.0
t1279,0.0,0.0,0.0,0.0,0.0,0.0,0.0,0.0,0.0,32777.08768640456,0.0
t1280,0.0,0.0,0.0,0.0,0.0,0.0,0.0,0.0,0.0,19338.781474000825,0.0
t1281,0.0,0.0,0.0,0.0,0.0,0.0,0.0,0.0,0.0,3770.5853578746264,0.0
t1282,0.0,0.0,0.0,0.0,0.0,0.0,0.0,0.0,0.0,0.0,0.0
t1283,0.0,0.0,0.0,0.0,0.0,0.0,0.0,0.0,0.0,11209.607464667879,0.0
t1284,0.0,0.0,0.0,0.0,0.0,0.0,0.0,0.0,0.0,34710.630920219664,0.0
t1285,0.0,0.0,0.0,0.0,0.0,0.0,0.0,0.0,0.0,66795.45011245654,0.0
t1286,0.0,0.0,0.0,0.0,0.0,0.0,0.0,0.0,0.0,98880.26930469341,0.0
t1287,0.0,0.0,0.0,0.0,0.0,0.0,0.0,0.0,0.0,124483.15562786351,0.0
t1288,0.0,0.0,0.0,0.0,0.0,0.0,0.0,0.0,0.0,139499.21387929076,7176.535665671365
t1289,0.0,0.0,0.0,0.0,0.0,0.0,0.0,0.0,0.0,139499.21387929076,22475.485923841727
t1290,0.0,0.0,0.0,0.0,0.0,0.0,0.0,0.0,0.0,139499.21387929076,21324.13205848817
t1291,0.0,0.0,0.0,0.0,0.0,0.0,0.0,0.0,0.0,139499.21387929076,6363.735389615282
t1292,0.0,0.0,0.0,0.0,0.0,0.0,0.0,0.0,0.0,121010.00806359106,0.0
t1293,0.0,0.0,0.0,0.0,0.0,0.0,0.0,0.0,0.0,97504.42040847335,0.0
t1294,0.0,0.0,0.0,0.0,0.0,0.0,0.0,0.0,0.0,76825.21270070206,0.0
t1295,0.0,0.0,0.0,0.0,0.0,0.0,0.0,0.0,0.0,59012.179874474496,0.0
t1296,0.0,0.0,0.0,0.0,0.0,0.0,0.0,0.0,0.0,44543.11263823764,0.0
t1297,0.0,0.0,0.0,0.0,0.0,0.0,0.0,0.0,0.0,36887.76466743268,0.0
t1298,0.0,0.0,0.0,0.0,0.0,0.0,0.0,0.0,0.0,34005.42139588038,0.0
t1299,0.0,0.0,0.0,0.0,0.0,0.0,0.0,0.0,0.0,32165.110844835843,0.0
t1300,0.0,0.0,0.0,0.0,0.0,0.0,0.0,0.0,0.0,29832.088984862174,0.0
t1301,0.0,0.0,0.0,0.0,0.0,0.0,0.0,0.0,0.0,26588.52804825263,0.0
t1302,0.0,0.0,0.0,0.0,0.0,0.0,0.0,0.0,0.0,23502.299346226988,0.0
t1303,0.0,0.0,0.0,0.0,0.0,0.0,0.0,0.0,0.0,19651.673954604834,0.0
t1304,0.0,0.0,0.0,0.0,0.0,0.0,0.0,0.0,0.0,9740.182520016957,0.0
t1305,0.0,0.0,0.0,0.0,0.0,0.0,0.0,0.0,0.0,0.0,0.0
t1306,0.0,0.0,0.0,0.0,0.0,0.0,0.0,0.0,0.0,0.0,0.0
t1307,0.0,0.0,0.0,0.0,0.0,0.0,0.0,0.0,0.0,18514.46831746597,0.0
t1308,0.0,0.0,0.0,0.0,0.0,0.0,0.0,0.0,0.0,33520.777746206455,0.0
t1309,0.0,0.0,0.0,0.0,0.0,0.0,0.0,0.0,0.0,52203.369061081285,0.0
t1310,0.0,0.0,0.0,0.0,0.0,0.0,0.0,0.0,0.0,84288.18825331816,0.0
t1311,0.0,0.0,0.0,0.0,0.0,0.0,0.0,0.0,0.0,107414.3946870539,0.0
t1312,0.0,0.0,0.0,0.0,0.0,0.0,0.0,0.0,0.0,139499.21387929076,0.0
t1313,0.0,0.0,0.0,0.0,0.0,0.0,0.0,0.0,0.0,139499.21387929076,46493.73036898621
t1314,0.0,0.0,0.0,0.0,0.0,0.0,0.0,0.0,0.0,139499.21387929076,76531.59056495226
t1315,0.0,0.0,0.0,0.0,0.0,0.0,0.0,0.0,0.0,139499.21387929076,84406.86630037549
t1316,0.0,0.0,0.0,0.0,0.0,0.0,0.0,0.0,0.0,139499.21387929076,62644.0300282589
t1317,0.0,0.0,0.0,0.0,0.0,0.0,0.0,0.0,0.0,139499.21387929076,12722.414328661318
t1318,0.0,0.0,0.0,0.0,0.0,0.0,0.0,0.0,0.0,128293.52947366852,0.0
t1319,0.0,0.0,0.0,0.0,0.0,0.0,0.0,0.0,0.0,113731.6584633898,0.0
t1320,0.0,0.0,0.0,0.0,0.0,0.0,0.0,0.0,0.0,100152.3052617397,0.0
t1321,0.0,0.0,0.0,0.0,0.0,0.0,0.0,0.0,0.0,87634.69383102351,0.0
t1322,0.0,0.0,0.0,0.0,0.0,0.0,0.0,0.0,0.0,76532.808171488,0.0
t1323,0.0,0.0,0.0,0.0,0.0,0.0,0.0,0.0,0.0,69234.64269813511,0.0
t1324,0.0,0.0,0.0,0.0,0.0,0.0,0.0,0.0,0.0,62443.474727531655,0.0
t1325,0.0,0.0,0.0,0.0,0.0,0.0,0.0,0.0,0.0,54565.957905840136,0.0
t1326,0.0,0.0,0.0,0.0,0.0,0.0,0.0,0.0,0.0,45450.036220797294,0.0
t1327,0.0,0.0,0.0,0.0,0.0,0.0,0.0,0.0,0.0,35435.54851061411,0.0
t1328,0.0,0.0,0.0,0.0,0.0,0.0,0.0,0.0,0.0,20538.01772166894,0.0
t1329,0.0,0.0,0.0,0.0,0.0,0.0,0.0,0.0,0.0,2301.072992369547,0.0
t1330,0.0,0.0,0.0,0.0,0.0,0.0,0.0,0.0,0.0,0.0,0.0
t1331,0.0,0.0,0.0,0.0,0.0,0.0,0.0,0.0,0.0,0.0,0.0
t1332,0.0,0.0,0.0,0.0,0.0,0.0,0.0,0.0,0.0,16334.000189681668,0.0
t1333,0.0,0.0,0.0,0.0,0.0,0.0,0.0,0.0,0.0,48418.81938191855,0.0
t1334,0.0,0.0,0.0,0.0,0.0,0.0,0.0,0.0,0.0,80503.63857415543,0.0
t1335,0.0,0.0,0.0,0.0,0.0,0.0,0.0,0.0,0.0,112588.4577663923,0.0
t1336,0.0,0.0,0.0,0.0,0.0,0.0,0.0,0.0,0.0,139499.21387929076,0.0
t1337,0.0,0.0,0.0,0.0,0.0,0.0,0.0,0.0,0.0,139499.21387929076,46870.084872127925
t1338,0.0,0.0,0.0,0.0,0.0,0.0,0.0,0.0,0.0,139499.21387929076,76214.95456188207
t1339,0.0,0.0,0.0,0.0,0.0,0.0,0.0,0.0,0.0,139499.21387929076,81620.15995082853
t1340,0.0,0.0,0.0,0.0,0.0,0.0,0.0,0.0,0.0,139499.21387929076,58626.08430952258
t1341,0.0,0.0,0.0,0.0,0.0,0.0,0.0,0.0,0.0,139499.21387929076,9342.253916847207
t1342,0.0,0.0,0.0,0.0,0.0,0.0,0.0,0.0,0.0,127765.75032294137,0.0
t1343,0.0,0.0,0.0,0.0,0.0,0.0,0.0,0.0,0.0,112907.66131268417,0.0
t1344,0.0,0.0,0.0,0.0,0.0,0.0,0.0,0.0,0.0,99866.19873508347,0.0
t1345,0.0,0.0,0.0,0.0,0.0,0.0,0.0,0.0,0.0,88680.91159927656,0.0
t1346,0.0,0.0,0.0,0.0,0.0,0.0,0.0,0.0,0.0,78878.56120695361,0.0
t1347,0.0,0.0,0.0,0.0,0.0,0.0,0.0,0.0,0.0,70145.61955198299,0.0
t1348,0.0,0.0,0.0,0.0,0.0,0.0,0.0,0.0,0.0,61583.09815211732,0.0
t1349,0.0,0.0,0.0,0.0,0.0,0.0,0.0,0.0,0.0,52545.925850838685,0.0
t1350,0.0,0.0,0.0,0.0,0.0,0.0,0.0,0.0,0.0,42707.41362347499,0.0
t1351,0.0,0.0,0.0,0.0,0.0,0.0,0.0,0.0,0.0,31083.504432761867,0.0
t1352,0.0,0.0,0.0,0.0,0.0,0.0,0.0,0.0,0.0,17275.80029910012,0.0
t1353,0.0,0.0,0.0,0.0,0.0,0.0,0.0,0.0,0.0,0.0,0.0
t1354,0.0,0.0,0.0,0.0,0.0,0.0,0.0,0.0,0.0,0.0,0.0
t1355,0.0,0.0,0.0,0.0,0.0,0.0,0.0,0.0,0.0,10894.222782358955,0.0
t1356,0.0,0.0,0.0,0.0,0.0,0.0,0.0,0.0,0.0,20777.949905645553,0.0
t1357,0.0,0.0,0.0,0.0,0.0,0.0,0.0,0.0,0.0,51723.008825882236,0.0
t1358,0.0,0.0,0.0,0.0,0.0,0.0,0.0,0.0,0.0,82342.53825114152,0.0
t1359,0.0,0.0,0.0,0.0,0.0,0.0,0.0,0.0,0.0,107414.3946870539,0.0
t1360,0.0,0.0,0.0,0.0,0.0,0.0,0.0,0.0,0.0,139499.21387929076,0.0
t1361,0.0,0.0,0.0,0.0,0.0,0.0,0.0,0.0,0.0,139499.21387929076,48323.719380248345
t1362,0.0,0.0,0.0,0.0,0.0,0.0,0.0,0.0,0.0,139499.21387929076,76139.76379602865
t1363,0.0,0.0,0.0,0.0,0.0,0.0,0.0,0.0,0.0,139499.21387929076,80909.25848257884
t1364,0.0,0.0,0.0,0.0,0.0,0.0,0.0,0.0,0.0,139499.21387929076,54261.908907883975
t1365,0.0,0.0,0.0,0.0,0.0,0.0,0.0,0.0,0.0,139499.21387929076,10954.443696024493
t1366,0.0,0.0,0.0,0.0,0.0,0.0,0.0,0.0,0.0,130061.82033434723,0.0
t1367,0.0,0.0,0.0,0.0,0.0,0.0,0.0,0.0,0.0,117701.16143558692,0.0
t1368,0.0,0.0,0.0,0.0,0.0,0.0,0.0,0.0,0.0,107502.804634901,0.0
t1369,0.0,0.0,0.0,0.0,0.0,0.0,0.0,0.0,0.0,100873.35659544225,0.0
t1370,0.0,0.0,0.0,0.0,0.0,0.0,0.0,0.0,0.0,94549.30891983163,0.0
t1371,0.0,0.0,0.0,0.0,0.0,0.0,0.0,0.0,0.0,88172.41506625815,0.0
t1372,0.0,0.0,0.0,0.0,0.0,0.0,0.0,0.0,0.0,81780.17995759871,0.0
t1373,0.0,0.0,0.0,0.0,0.0,0.0,0.0,0.0,0.0,74752.53559908642,0.0
t1374,0.0,0.0,0.0,0.0,0.0,0.0,0.0,0.0,0.0,66769.8329308097,0.0
t1375,0.0,0.0,0.0,0.0,0.0,0.0,0.0,0.0,0.0,55060.75139668851,0.0
t1376,0.0,0.0,0.0,0.0,0.0,0.0,0.0,0.0,0.0,37661.00444240189,0.0
t1377,0.0,0.0,0.0,0.0,0.0,0.0,0.0,0.0,0.0,18443.429720408523,0.0
t1378,0.0,0.0,0.0,0.0,0.0,0.0,0.0,0.0,0.0,4005.356187775742,0.0
t1379,0.0,0.0,0.0,0.0,0.0,0.0,0.0,0.0,0.0,0.0,0.0
t1380,0.0,0.0,0.0,0.0,0.0,0.0,0.0,0.0,0.0,11199.369156716195,0.0
t1381,0.0,0.0,0.0,0.0,0.0,0.0,0.0,0.0,0.0,31719.047619783574,0.0
t1382,0.0,0.0,0.0,0.0,0.0,0.0,0.0,0.0,0.0,57174.157683151425,0.0
t1383,0.0,0.0,0.0,0.0,0.0,0.0,0.0,0.0,0.0,86038.21027338525,0.0
t1384,0.0,0.0,0.0,0.0,0.0,0.0,0.0,0.0,0.0,114006.89037322983,0.0
t1385,0.0,0.0,0.0,0.0,0.0,0.0,0.0,0.0,0.0,139456.15621820846,0.0
t1386,0.0,0.0,0.0,0.0,0.0,0.0,0.0,0.0,0.0,139499.21387929076,21128.609403514663
t1387,0.0,0.0,0.0,0.0,0.0,0.0,0.0,0.0,0.0,139499.21387929076,22176.039078656864
t1388,0.0,0.0,0.0,0.0,0.0,0.0,0.0,0.0,0.0,130838.86019766443,0.0
t1389,0.0,0.0,0.0,0.0,0.0,0.0,0.0,0.0,0.0,112067.46676637419,0.0
t1390,0.0,0.0,0.0,0.0,0.0,0.0,0.0,0.0,0.0,95293.26157588174,0.0
t1391,0.0,0.0,0.0,0.0,0.0,0.0,0.0,0.0,0.0,79934.80600857557,0.0
t1392,0.0,0.0,0.0,0.0,0.0,0.0,0.0,0.0,0.0,67356.69117510357,0.0
t1393,0.0,0.0,0.0,0.0,0.0,0.0,0.0,0.0,0.0,59206.28320755827,0.0
t1394,0.0,0.0,0.0,0.0,0.0,0.0,0.0,0.0,0.0,54269.87024551183,0.0
t1395,0.0,0.0,0.0,0.0,0.0,0.0,0.0,0.0,0.0,51128.73614628517,0.0
t1396,0.0,0.0,0.0,0.0,0.0,0.0,0.0,0.0,0.0,48402.98784440464,0.0
t1397,0.0,0.0,0.0,0.0,0.0,0.0,0.0,0.0,0.0,45592.628501621264,0.0
t1398,0.0,0.0,0.0,0.0,0.0,0.0,0.0,0.0,0.0,42920.23195632953,0.0
t1399,0.0,0.0,0.0,0.0,0.0,0.0,0.0,0.0,0.0,36250.529990461095,0.0
t1400,0.0,0.0,0.0,0.0,0.0,0.0,0.0,0.0,0.0,24895.546521273736,0.0
t1401,0.0,0.0,0.0,0.0,0.0,0.0,0.0,0.0,0.0,10432.207013246343,0.0
t1402,0.0,0.0,0.0,0.0,0.0,0.0,0.0,0.0,0.0,0.0,0.0
t1403,0.0,0.0,0.0,0.0,0.0,0.0,0.0,0.0,0.0,5324.013283904213,0.0
t1404,0.0,0.0,0.0,0.0,0.0,0.0,0.0,0.0,0.0,25322.394964914198,0.0
t1405,0.0,0.0,0.0,0.0,0.0,0.0,0.0,0.0,0.0,51841.02273287475,0.0
t1406,0.0,0.0,0.0,0.0,0.0,0.0,0.0,0.0,0.0,79670.30548048268,0.0
t1407,0.0,0.0,0.0,0.0,0.0,0.0,0.0,0.0,0.0,110331.70990658553,0.0
t1408,0.0,0.0,0.0,0.0,0.0,0.0,0.0,0.0,0.0,139499.21387929076,0.0
t1409,0.0,0.0,0.0,0.0,0.0,0.0,0.0,0.0,0.0,139499.21387929076,31533.747483841744
t1410,0.0,0.0,0.0,0.0,0.0,0.0,0.0,0.0,0.0,139499.21387929076,44444.39576074036
t1411,0.0,0.0,0.0,0.0,0.0,0.0,0.0,0.0,0.0,139499.21387929076,39309.52284887357
t1412,0.0,0.0,0.0,0.0,0.0,0.0,0.0,0.0,0.0,139499.21387929076,5033.958021883252
t1413,0.0,0.0,0.0,0.0,0.0,0.0,0.0,0.0,0.0,126261.44091412443,0.0
t1414,0.0,0.0,0.0,0.0,0.0,0.0,0.0,0.0,0.0,112321.9786659895,0.0
t1415,0.0,0.0,0.0,0.0,0.0,0.0,0.0,0.0,0.0,100237.5171778541,0.0
t1416,0.0,0.0,0.0,0.0,0.0,0.0,0.0,0.0,0.0,91804.3920935521,0.0
t1417,0.0,0.0,0.0,0.0,0.0,0.0,0.0,0.0,0.0,78927.38301602093,0.0
t1418,0.0,0.0,0.0,0.0,0.0,0.0,0.0,0.0,0.0,70274.75118008486,0.0
t1419,0.0,0.0,0.0,0.0,0.0,0.0,0.0,0.0,0.0,63815.6611177847,0.0
t1420,0.0,0.0,0.0,0.0,0.0,0.0,0.0,0.0,0.0,58511.13887437679,0.0
t1421,0.0,0.0,0.0,0.0,0.0,0.0,0.0,0.0,0.0,53375.341898400366,0.0
t1422,0.0,0.0,0.0,0.0,0.0,0.0,0.0,0.0,0.0,47209.751508225636,0.0
t1423,0.0,0.0,0.0,0.0,0.0,0.0,0.0,0.0,0.0,37309.70059418565,0.0
t1424,0.0,0.0,0.0,0.0,0.0,0.0,0.0,0.0,0.0,20218.402161083188,0.0
t1425,0.0,0.0,0.0,0.0,0.0,0.0,0.0,0.0,0.0,0.0,0.0
t1426,0.0,0.0,0.0,0.0,0.0,0.0,0.0,0.0,0.0,0.0,0.0
t1427,0.0,0.0,0.0,0.0,0.0,0.0,0.0,0.0,0.0,4612.838279649604,0.0
t1428,0.0,0.0,0.0,0.0,0.0,0.0,0.0,0.0,0.0,34201.87273146762,0.0
t1429,0.0,0.0,0.0,0.0,0.0,0.0,0.0,0.0,0.0,51995.11972259194,0.0
t1430,0.0,0.0,0.0,0.0,0.0,0.0,0.0,0.0,0.0,84079.93891482882,0.0
t1431,0.0,0.0,0.0,0.0,0.0,0.0,0.0,0.0,0.0,100446.35383878727,0.0
t1432,0.0,0.0,0.0,0.0,0.0,0.0,0.0,0.0,0.0,127899.73994163857,0.0
t1433,0.0,0.0,0.0,0.0,0.0,0.0,0.0,0.0,0.0,138831.42946974383,0.0
t1434,0.0,0.0,0.0,0.0,0.0,0.0,0.0,0.0,0.0,139499.21387929076,11954.21137616343
t1435,0.0,0.0,0.0,0.0,0.0,0.0,0.0,0.0,0.0,139499.21387929076,22149.656317838595
t1436,0.0,0.0,0.0,0.0,0.0,0.0,0.0,0.0,0.0,137354.03319396224,0.0
t1437,0.0,0.0,0.0,0.0,0.0,0.0,0.0,0.0,0.0,115302.54455420909,0.0
t1438,0.0,0.0,0.0,0.0,0.0,0.0,0.0,0.0,0.0,96046.20323074426,0.0
t1439,0.0,0.0,0.0,0.0,0.0,0.0,0.0,0.0,0.0,81516.35063065366,0.0
t1440,0.0,0.0,0.0,0.0,0.0,0.0,0.0,0.0,0.0,69567.03418419554,0.0
t1441,0.0,0.0,0.0,0.0,0.0,0.0,0.0,0.0,0.0,62008.75999124777,0.0
t1442,0.0,0.0,0.0,0.0,0.0,0.0,0.0,0.0,0.0,57839.70956085592,0.0
t1443,0.0,0.0,0.0,0.0,0.0,0.0,0.0,0.0,0.0,54845.607543700564,0.0
t1444,0.0,0.0,0.0,0.0,0.0,0.0,0.0,0.0,0.0,50414.595627315335,0.0
t1445,0.0,0.0,0.0,0.0,0.0,0.0,0.0,0.0,0.0,44511.73508346624,0.0
t1446,0.0,0.0,0.0,0.0,0.0,0.0,0.0,0.0,0.0,38840.14683143594,0.0
t1447,0.0,0.0,0.0,0.0,0.0,0.0,0.0,0.0,0.0,30112.09402953947,0.0
t1448,0.0,0.0,0.0,0.0,0.0,0.0,0.0,0.0,0.0,16509.707169060282,0.0
t1449,0.0,0.0,0.0,0.0,0.0,0.0,0.0,0.0,0.0,0.0,0.0
t1450,0.0,0.0,0.0,0.0,0.0,0.0,0.0,0.0,0.0,6727.504943479295,0.0
t1451,0.0,0.0,0.0,0.0,0.0,0.0,0.0,0.0,0.0,28120.775449168308,0.0
t1452,0.0,0.0,0.0,0.0,0.0,0.0,0.0,0.0,0.0,54926.258764071805,0.0
t1453,0.0,0.0,0.0,0.0,0.0,0.0,0.0,0.0,0.0,87011.07795630868,0.0
t1454,0.0,0.0,0.0,0.0,0.0,0.0,0.0,0.0,0.0,107414.3946870539,0.0
t1455,0.0,0.0,0.0,0.0,0.0,0.0,0.0,0.0,0.0,139499.21387929076,0.0
t1456,0.0,0.0,0.0,0.0,0.0,0.0,0.0,0.0,0.0,139499.21387929076,39245.5764477579
t1457,0.0,0.0,0.0,0.0,0.0,0.0,0.0,0.0,0.0,139499.21387929076,66311.60925334704
t1458,0.0,0.0,0.0,0.0,0.0,0.0,0.0,0.0,0.0,139499.21387929076,78867.14348041691
t1459,0.0,0.0,0.0,0.0,0.0,0.0,0.0,0.0,0.0,139499.21387929076,74571.70548887024
t1460,0.0,0.0,0.0,0.0,0.0,0.0,0.0,0.0,0.0,139499.21387929076,43736.8369854999
t1461,0.0,0.0,0.0,0.0,0.0,0.0,0.0,0.0,0.0,134493.3193402566,0.0
t1462,0.0,0.0,0.0,0.0,0.0,0.0,0.0,0.0,0.0,113608.94943412127,0.0
t1463,0.0,0.0,0.0,0.0,0.0,0.0,0.0,0.0,0.0,93239.45866520415,0.0
t1464,0.0,0.0,0.0,0.0,0.0,0.0,0.0,0.0,0.0,75270.61170544715,0.0
t1465,0.0,0.0,0.0,0.0,0.0,0.0,0.0,0.0,0.0,61309.792015697065,0.0
t1466,0.0,0.0,0.0,0.0,0.0,0.0,0.0,0.0,0.0,49639.42723856017,0.0
t1467,0.0,0.0,0.0,0.0,0.0,0.0,0.0,0.0,0.0,39279.12469293824,0.0
t1468,0.0,0.0,0.0,0.0,0.0,0.0,0.0,0.0,0.0,29926.210850163166,0.0
t1469,0.0,0.0,0.0,0.0,0.0,0.0,0.0,0.0,0.0,20744.581424959113,0.0
t1470,0.0,0.0,0.0,0.0,0.0,0.0,0.0,0.0,0.0,13646.908026496292,0.0
t1471,0.0,0.0,0.0,0.0,0.0,0.0,0.0,0.0,0.0,9250.13429076207,0.0
t1472,0.0,0.0,0.0,0.0,0.0,0.0,0.0,0.0,0.0,4191.173195982559,0.0
t1473,0.0,0.0,0.0,0.0,0.0,0.0,0.0,0.0,0.0,0.0,0.0
t1474,0.0,0.0,0.0,0.0,0.0,0.0,0.0,0.0,0.0,0.0,0.0
t1475,0.0,0.0,0.0,0.0,0.0,0.0,0.0,0.0,0.0,9551.487393346382,0.0
t1476,0.0,0.0,0.0,0.0,0.0,0.0,0.0,0.0,0.0,31414.959927282664,0.0
t1477,0.0,0.0,0.0,0.0,0.0,0.0,0.0,0.0,0.0,59489.57696940054,0.0
t1478,0.0,0.0,0.0,0.0,0.0,0.0,0.0,0.0,0.0,89318.16412510771,0.0
t1479,0.0,0.0,0.0,0.0,0.0,0.0,0.0,0.0,0.0,121152.30981772154,0.0
t1480,0.0,0.0,0.0,0.0,0.0,0.0,0.0,0.0,0.0,139499.21387929076,13792.000596197306
t1481,0.0,0.0,0.0,0.0,0.0,0.0,0.0,0.0,0.0,139499.21387929076,68835.07249958478
t1482,0.0,0.0,0.0,0.0,0.0,0.0,0.0,0.0,0.0,139499.21387929076,105018.58504588487
t1483,0.0,0.0,0.0,0.0,0.0,0.0,0.0,0.0,0.0,139499.21387929076,115560.80765657297
t1484,0.0,0.0,0.0,0.0,0.0,0.0,0.0,0.0,0.0,139499.21387929076,94282.4163512663
t1485,0.0,0.0,0.0,0.0,0.0,0.0,0.0,0.0,0.0,139499.21387929076,39968.430268657445
t1486,0.0,0.0,0.0,0.0,0.0,0.0,0.0,0.0,0.0,139499.21387929076,0.0
t1487,0.0,0.0,0.0,0.0,0.0,0.0,0.0,0.0,0.0,125510.46278790169,0.0
t1488,0.0,0.0,0.0,0.0,0.0,0.0,0.0,0.0,0.0,114059.54186597088,0.0
t1489,0.0,0.0,0.0,0.0,0.0,0.0,0.0,0.0,0.0,102591.00260238361,0.0
t1490,0.0,0.0,0.0,0.0,0.0,0.0,0.0,0.0,0.0,90949.4193392836,0.0
t1491,0.0,0.0,0.0,0.0,0.0,0.0,0.0,0.0,0.0,79993.68739189612,0.0
t1492,0.0,0.0,0.0,0.0,0.0,0.0,0.0,0.0,0.0,69118.76037645957,0.0
t1493,0.0,0.0,0.0,0.0,0.0,0.0,0.0,0.0,0.0,57826.60449971557,0.0
t1494,0.0,0.0,0.0,0.0,0.0,0.0,0.0,0.0,0.0,45686.763928300206,0.0
t1495,0.0,0.0,0.0,0.0,0.0,0.0,0.0,0.0,0.0,31991.058073918626,0.0
t1496,0.0,0.0,0.0,0.0,0.0,0.0,0.0,0.0,0.0,15927.111840476991,0.0
t1497,0.0,0.0,0.0,0.0,0.0,0.0,0.0,0.0,0.0,0.0,0.0
t1498,0.0,0.0,0.0,0.0,0.0,0.0,0.0,0.0,0.0,0.0,0.0
t1499,0.0,0.0,0.0,0.0,0.0,0.0,0.0,0.0,0.0,3204.380997476841,0.0
t1500,0.0,0.0,0.0,0.0,0.0,0.0,0.0,0.0,0.0,19540.391205033637,0.0
t1501,0.0,0.0,0.0,0.0,0.0,0.0,0.0,0.0,0.0,41626.14809060473,0.0
t1502,0.0,0.0,0.0,0.0,0.0,0.0,0.0,0.0,0.0,65955.8325976912,0.0
t1503,0.0,0.0,0.0,0.0,0.0,0.0,0.0,0.0,0.0,90927.75457207393,0.0
t1504,0.0,0.0,0.0,0.0,0.0,0.0,0.0,0.0,0.0,116103.71351199859,0.0
t1505,0.0,0.0,0.0,0.0,0.0,0.0,0.0,0.0,0.0,139250.22344351772,0.0
t1506,0.0,0.0,0.0,0.0,0.0,0.0,0.0,0.0,0.0,139499.21387929076,15512.84788372811
t1507,0.0,0.0,0.0,0.0,0.0,0.0,0.0,0.0,0.0,139499.21387929076,17718.010360030905
t1508,0.0,0.0,0.0,0.0,0.0,0.0,0.0,0.0,0.0,139499.21387929076,19735.93554736143
t1509,0.0,0.0,0.0,0.0,0.0,0.0,0.0,0.0,0.0,130231.51632103331,0.0
t1510,0.0,0.0,0.0,0.0,0.0,0.0,0.0,0.0,0.0,113608.3439376064,0.0
t1511,0.0,0.0,0.0,0.0,0.0,0.0,0.0,0.0,0.0,99755.19184493522,0.0
t1512,0.0,0.0,0.0,0.0,0.0,0.0,0.0,0.0,0.0,88930.57744339817,0.0
t1513,0.0,0.0,0.0,0.0,0.0,0.0,0.0,0.0,0.0,81337.05988313479,0.0
t1514,0.0,0.0,0.0,0.0,0.0,0.0,0.0,0.0,0.0,77036.90972746411,0.0
t1515,0.0,0.0,0.0,0.0,0.0,0.0,0.0,0.0,0.0,72939.55028024041,0.0
t1516,0.0,0.0,0.0,0.0,0.0,0.0,0.0,0.0,0.0,68850.54615085539,0.0
t1517,0.0,0.0,0.0,0.0,0.0,0.0,0.0,0.0,0.0,63056.39562593273,0.0
t1518,0.0,0.0,0.0,0.0,0.0,0.0,0.0,0.0,0.0,55161.269361265855,0.0
t1519,0.0,0.0,0.0,0.0,0.0,0.0,0.0,0.0,0.0,41944.15379785126,0.0
t1520,0.0,0.0,0.0,0.0,0.0,0.0,0.0,0.0,0.0,21223.708249604373,0.0
t1521,0.0,0.0,0.0,0.0,0.0,0.0,0.0,0.0,0.0,0.0,0.0
t1522,0.0,0.0,0.0,0.0,0.0,0.0,0.0,0.0,0.0,0.0,0.0
t1523,0.0,0.0,0.0,0.0,0.0,0.0,0.0,0.0,0.0,1519.8835217301514,0.0
t1524,0.0,0.0,0.0,0.0,0.0,0.0,0.0,0.0,0.0,17181.530765195326,0.0
t1525,0.0,0.0,0.0,0.0,0.0,0.0,0.0,0.0,0.0,37192.48126301356,0.0
t1526,0.0,0.0,0.0,0.0,0.0,0.0,0.0,0.0,0.0,59241.52661428533,0.0
t1527,0.0,0.0,0.0,0.0,0.0,0.0,0.0,0.0,0.0,81274.19579648919,0.0
t1528,0.0,0.0,0.0,0.0,0.0,0.0,0.0,0.0,0.0,105102.08660100267,0.0
t1529,0.0,0.0,0.0,0.0,0.0,0.0,0.0,0.0,0.0,126111.96751681654,0.0
t1530,0.0,0.0,0.0,0.0,0.0,0.0,0.0,0.0,0.0,138892.11768970505,0.0
t1531,0.0,0.0,0.0,0.0,0.0,0.0,0.0,0.0,0.0,138892.11768970505,0.0
t1532,0.0,0.0,0.0,0.0,0.0,0.0,0.0,0.0,0.0,138892.11768970505,0.0
t1533,0.0,0.0,0.0,0.0,0.0,0.0,0.0,0.0,0.0,122146.94416428242,0.0
t1534,0.0,0.0,0.0,0.0,0.0,0.0,0.0,0.0,0.0,105849.99669016554,0.0
t1535,0.0,0.0,0.0,0.0,0.0,0.0,0.0,0.0,0.0,91737.45219014902,0.0
t1536,0.0,0.0,0.0,0.0,0.0,0.0,0.0,0.0,0.0,81659.82256636089,0.0
t1537,0.0,0.0,0.0,0.0,0.0,0.0,0.0,0.0,0.0,74909.4113978764,0.0
t1538,0.0,0.0,0.0,0.0,0.0,0.0,0.0,0.0,0.0,70210.34259622669,0.0
t1539,0.0,0.0,0.0,0.0,0.0,0.0,0.0,0.0,0.0,66192.97270400099,0.0
t1540,0.0,0.0,0.0,0.0,0.0,0.0,0.0,0.0,0.0,63232.83539508383,0.0
t1541,0.0,0.0,0.0,0.0,0.0,0.0,0.0,0.0,0.0,61622.52723937515,0.0
t1542,0.0,0.0,0.0,0.0,0.0,0.0,0.0,0.0,0.0,60168.046147874564,0.0
t1543,0.0,0.0,0.0,0.0,0.0,0.0,0.0,0.0,0.0,55171.48707260476,0.0
t1544,0.0,0.0,0.0,0.0,0.0,0.0,0.0,0.0,0.0,44157.86826307059,0.0
t1545,0.0,0.0,0.0,0.0,0.0,0.0,0.0,0.0,0.0,30594.115932904057,0.0
t1546,0.0,0.0,0.0,0.0,0.0,0.0,0.0,0.0,0.0,30594.115932904057,0.0
t1547,0.0,0.0,0.0,0.0,0.0,0.0,0.0,0.0,0.0,33210.275878025255,0.0
t1548,0.0,0.0,0.0,0.0,0.0,0.0,0.0,0.0,0.0,48892.537590229236,0.0
t1549,0.0,0.0,0.0,0.0,0.0,0.0,0.0,0.0,0.0,66195.61313158661,0.0
t1550,0.0,0.0,0.0,0.0,0.0,0.0,0.0,0.0,0.0,85224.81281554785,0.0
t1551,0.0,0.0,0.0,0.0,0.0,0.0,0.0,0.0,0.0,102472.43929770007,0.0
t1552,0.0,0.0,0.0,0.0,0.0,0.0,0.0,0.0,0.0,115576.65695137558,0.0
t1553,0.0,0.0,0.0,0.0,0.0,0.0,0.0,0.0,0.0,122946.92090783629,0.0
t1554,0.0,0.0,0.0,0.0,0.0,0.0,0.0,0.0,0.0,122946.92090783629,0.0
t1555,0.0,0.0,0.0,0.0,0.0,0.0,0.0,0.0,0.0,122946.92090783629,0.0
t1556,0.0,0.0,0.0,0.0,0.0,0.0,0.0,0.0,0.0,117857.94997923865,0.0
t1557,0.0,0.0,0.0,0.0,0.0,0.0,0.0,0.0,0.0,104921.57075851815,0.0
t1558,0.0,0.0,0.0,0.0,0.0,0.0,0.0,0.0,0.0,92681.15070878726,0.0
t1559,0.0,0.0,0.0,0.0,0.0,0.0,0.0,0.0,0.0,82548.83580858211,0.0
t1560,0.0,0.0,0.0,0.0,0.0,0.0,0.0,0.0,0.0,75188.96067673549,0.0
t1561,0.0,0.0,0.0,0.0,0.0,0.0,0.0,0.0,0.0,71934.40875021942,0.0
t1562,0.0,0.0,0.0,0.0,0.0,0.0,0.0,0.0,0.0,71934.40875021942,0.0
t1563,0.0,0.0,0.0,0.0,0.0,0.0,0.0,0.0,0.0,71934.40875021942,0.0
t1564,0.0,0.0,0.0,0.0,0.0,0.0,0.0,0.0,0.0,73925.71521637337,0.0
t1565,0.0,0.0,0.0,0.0,0.0,0.0,0.0,0.0,0.0,74734.35453457055,0.0
t1566,0.0,0.0,0.0,0.0,0.0,0.0,0.0,0.0,0.0,74734.35453457055,0.0
t1567,0.0,0.0,0.0,0.0,0.0,0.0,0.0,0.0,0.0,72995.42664771072,0.0
t1568,0.0,0.0,0.0,0.0,0.0,0.0,0.0,0.0,0.0,65856.34264131256,0.0
t1569,0.0,0.0,0.0,0.0,0.0,0.0,0.0,0.0,0.0,53593.19607314571,0.0
t1570,0.0,0.0,0.0,0.0,0.0,0.0,0.0,0.0,0.0,53593.19607314571,0.0
t1571,0.0,0.0,0.0,0.0,0.0,0.0,0.0,0.0,0.0,53593.19607314571,0.0
t1572,0.0,0.0,0.0,0.0,0.0,0.0,0.0,0.0,0.0,59366.70258035472,0.0
t1573,0.0,0.0,0.0,0.0,0.0,0.0,0.0,0.0,0.0,68564.8368349758,0.0
t1574,0.0,0.0,0.0,0.0,0.0,0.0,0.0,0.0,0.0,78372.47429223139,0.0
t1575,0.0,0.0,0.0,0.0,0.0,0.0,0.0,0.0,0.0,96273.78166730124,0.0
t1576,0.0,0.0,0.0,0.0,0.0,0.0,0.0,0.0,0.0,122851.47088287454,0.0
t1577,0.0,0.0,0.0,0.0,0.0,0.0,0.0,0.0,0.0,137364.81287438105,0.0
t1578,0.0,0.0,0.0,0.0,0.0,0.0,0.0,0.0,0.0,139499.21387929076,0.0
t1579,0.0,0.0,0.0,0.0,0.0,0.0,0.0,0.0,0.0,139499.21387929076,0.0
t1580,0.0,0.0,0.0,0.0,0.0,0.0,0.0,0.0,0.0,136629.62217800508,0.0
t1581,0.0,0.0,0.0,0.0,0.0,0.0,0.0,0.0,0.0,122285.41462932776,0.0
t1582,0.0,0.0,0.0,0.0,0.0,0.0,0.0,0.0,0.0,108157.36055093829,0.0
t1583,0.0,0.0,0.0,0.0,0.0,0.0,0.0,0.0,0.0,95731.20600477312,0.0
t1584,0.0,0.0,0.0,0.0,0.0,0.0,0.0,0.0,0.0,87440.35193243304,0.0
t1585,0.0,0.0,0.0,0.0,0.0,0.0,0.0,0.0,0.0,84110.7049583952,0.0
t1586,0.0,0.0,0.0,0.0,0.0,0.0,0.0,0.0,0.0,84110.7049583952,0.0
t1587,0.0,0.0,0.0,0.0,0.0,0.0,0.0,0.0,0.0,84110.7049583952,0.0
t1588,0.0,0.0,0.0,0.0,0.0,0.0,0.0,0.0,0.0,86232.28505397284,0.0
t1589,0.0,0.0,0.0,0.0,0.0,0.0,0.0,0.0,0.0,86232.28505397284,0.0
t1590,0.0,0.0,0.0,0.0,0.0,0.0,0.0,0.0,0.0,86232.28505397284,0.0
t1591,0.0,0.0,0.0,0.0,0.0,0.0,0.0,0.0,0.0,83960.08921404625,0.0
t1592,0.0,0.0,0.0,0.0,0.0,0.0,0.0,0.0,0.0,74967.8190558507,0.0
t1593,0.0,0.0,0.0,0.0,0.0,0.0,0.0,0.0,0.0,61423.918781995795,0.0
t1594,0.0,0.0,0.0,0.0,0.0,0.0,0.0,0.0,0.0,61423.918781995795,0.0
t1595,0.0,0.0,0.0,0.0,0.0,0.0,0.0,0.0,0.0,69610.95343182026,0.0
t1596,0.0,0.0,0.0,0.0,0.0,0.0,0.0,0.0,0.0,72274.3221137521,0.0
t1597,0.0,0.0,0.0,0.0,0.0,0.0,0.0,0.0,0.0,90663.93626435992,0.0
t1598,0.0,0.0,0.0,0.0,0.0,0.0,0.0,0.0,0.0,110508.50095266238,0.0
t1599,0.0,0.0,0.0,0.0,0.0,0.0,0.0,0.0,0.0,120176.16340815343,0.0
t1600,0.0,0.0,0.0,0.0,0.0,0.0,0.0,0.0,0.0,139499.21387929076,0.0
t1601,0.0,0.0,0.0,0.0,0.0,0.0,0.0,0.0,0.0,139499.21387929076,39919.971008996275
t1602,0.0,0.0,0.0,0.0,0.0,0.0,0.0,0.0,0.0,139499.21387929076,61894.415417382246
t1603,0.0,0.0,0.0,0.0,0.0,0.0,0.0,0.0,0.0,139499.21387929076,65984.41499062878
t1604,0.0,0.0,0.0,0.0,0.0,0.0,0.0,0.0,0.0,139499.21387929076,45637.62458233384
t1605,0.0,0.0,0.0,0.0,0.0,0.0,0.0,0.0,0.0,138835.32068133465,0.0
t1606,0.0,0.0,0.0,0.0,0.0,0.0,0.0,0.0,0.0,121990.22347665117,0.0
t1607,0.0,0.0,0.0,0.0,0.0,0.0,0.0,0.0,0.0,106906.59158183339,0.0
t1608,0.0,0.0,0.0,0.0,0.0,0.0,0.0,0.0,0.0,91803.84665898353,0.0
t1609,0.0,0.0,0.0,0.0,0.0,0.0,0.0,0.0,0.0,78368.94595084204,0.0
t1610,0.0,0.0,0.0,0.0,0.0,0.0,0.0,0.0,0.0,68237.84818990144,0.0
t1611,0.0,0.0,0.0,0.0,0.0,0.0,0.0,0.0,0.0,60583.05177578711,0.0
t1612,0.0,0.0,0.0,0.0,0.0,0.0,0.0,0.0,0.0,54347.20062190958,0.0
t1613,0.0,0.0,0.0,0.0,0.0,0.0,0.0,0.0,0.0,49327.115620974764,0.0
t1614,0.0,0.0,0.0,0.0,0.0,0.0,0.0,0.0,0.0,45037.86997075146,0.0
t1615,0.0,0.0,0.0,0.0,0.0,0.0,0.0,0.0,0.0,36552.029744129555,0.0
t1616,0.0,0.0,0.0,0.0,0.0,0.0,0.0,0.0,0.0,22690.163633002598,0.0
t1617,0.0,0.0,0.0,0.0,0.0,0.0,0.0,0.0,0.0,6222.251014265708,0.0
t1618,0.0,0.0,0.0,0.0,0.0,0.0,0.0,0.0,0.0,359.6409392610958,0.0
t1619,0.0,0.0,0.0,0.0,0.0,0.0,0.0,0.0,0.0,11125.279707923419,0.0
t1620,0.0,0.0,0.0,0.0,0.0,0.0,0.0,0.0,0.0,25762.681063314965,0.0
t1621,0.0,0.0,0.0,0.0,0.0,0.0,0.0,0.0,0.0,44197.43570280328,0.0
t1622,0.0,0.0,0.0,0.0,0.0,0.0,0.0,0.0,0.0,63761.55619581566,0.0
t1623,0.0,0.0,0.0,0.0,0.0,0.0,0.0,0.0,0.0,82860.53083046115,0.0
t1624,0.0,0.0,0.0,0.0,0.0,0.0,0.0,0.0,0.0,101266.75702024977,0.0
t1625,0.0,0.0,0.0,0.0,0.0,0.0,0.0,0.0,0.0,120801.86153013071,0.0
t1626,0.0,0.0,0.0,0.0,0.0,0.0,0.0,0.0,0.0,135867.8854462584,0.0
t1627,0.0,0.0,0.0,0.0,0.0,0.0,0.0,0.0,0.0,139499.21387929076,0.0
t1628,0.0,0.0,0.0,0.0,0.0,0.0,0.0,0.0,0.0,129518.10003661683,0.0
t1629,0.0,0.0,0.0,0.0,0.0,0.0,0.0,0.0,0.0,112792.12196617844,0.0
t1630,0.0,0.0,0.0,0.0,0.0,0.0,0.0,0.0,0.0,98368.51711133425,0.0
t1631,0.0,0.0,0.0,0.0,0.0,0.0,0.0,0.0,0.0,85152.17709555534,0.0
t1632,0.0,0.0,0.0,0.0,0.0,0.0,0.0,0.0,0.0,73393.82712977234,0.0
t1633,0.0,0.0,0.0,0.0,0.0,0.0,0.0,0.0,0.0,66162.68477479213,0.0
t1634,0.0,0.0,0.0,0.0,0.0,0.0,0.0,0.0,0.0,60024.36034176495,0.0
t1635,0.0,0.0,0.0,0.0,0.0,0.0,0.0,0.0,0.0,54955.874785946966,0.0
t1636,0.0,0.0,0.0,0.0,0.0,0.0,0.0,0.0,0.0,51306.14783481911,0.0
t1637,0.0,0.0,0.0,0.0,0.0,0.0,0.0,0.0,0.0,47334.11230136346,0.0
t1638,0.0,0.0,0.0,0.0,0.0,0.0,0.0,0.0,0.0,43429.63087579672,0.0
t1639,0.0,0.0,0.0,0.0,0.0,0.0,0.0,0.0,0.0,37263.33396027536,0.0
t1640,0.0,0.0,0.0,0.0,0.0,0.0,0.0,0.0,0.0,28995.555726383795,0.0
t1641,0.0,0.0,0.0,0.0,0.0,0.0,0.0,0.0,0.0,18567.997290299456,0.0
t1642,0.0,0.0,0.0,0.0,0.0,0.0,0.0,0.0,0.0,10717.09033277499,0.0
t1643,0.0,0.0,0.0,0.0,0.0,0.0,0.0,0.0,0.0,25756.35245251689,0.0
t1644,0.0,0.0,0.0,0.0,0.0,0.0,0.0,0.0,0.0,31426.541726622996,0.0
t1645,0.0,0.0,0.0,0.0,0.0,0.0,0.0,0.0,0.0,39258.2145719623,0.0
t1646,0.0,0.0,0.0,0.0,0.0,0.0,0.0,0.0,0.0,51706.277390987045,0.0
t1647,0.0,0.0,0.0,0.0,0.0,0.0,0.0,0.0,0.0,63412.14074300844,0.0
t1648,0.0,0.0,0.0,0.0,0.0,0.0,0.0,0.0,0.0,78036.76841884802,0.0
t1649,0.0,0.0,0.0,0.0,0.0,0.0,0.0,0.0,0.0,90957.80291569595,0.0
t1650,0.0,0.0,0.0,0.0,0.0,0.0,0.0,0.0,0.0,102488.9177752698,0.0
t1651,0.0,0.0,0.0,0.0,0.0,0.0,0.0,0.0,0.0,102844.67157040747,0.0
t1652,0.0,0.0,0.0,0.0,0.0,0.0,0.0,0.0,0.0,92248.72872298783,0.0
t1653,0.0,0.0,0.0,0.0,0.0,0.0,0.0,0.0,0.0,75780.11506013526,0.0
t1654,0.0,0.0,0.0,0.0,0.0,0.0,0.0,0.0,0.0,60772.7053338339,0.0
t1655,0.0,0.0,0.0,0.0,0.0,0.0,0.0,0.0,0.0,47510.20396050946,0.0
t1656,0.0,0.0,0.0,0.0,0.0,0.0,0.0,0.0,0.0,36773.06081052445,0.0
t1657,0.0,0.0,0.0,0.0,0.0,0.0,0.0,0.0,0.0,29037.12812034213,0.0
t1658,0.0,0.0,0.0,0.0,0.0,0.0,0.0,0.0,0.0,23927.33361294442,0.0
t1659,0.0,0.0,0.0,0.0,0.0,0.0,0.0,0.0,0.0,22858.828365618978,0.0
t1660,0.0,0.0,0.0,0.0,0.0,0.0,0.0,0.0,0.0,20695.13162024566,0.0
t1661,0.0,0.0,0.0,0.0,0.0,0.0,0.0,0.0,0.0,18791.42518986984,0.0
t1662,0.0,0.0,0.0,0.0,0.0,0.0,0.0,0.0,0.0,16883.8919602875,0.0
t1663,0.0,0.0,0.0,0.0,0.0,0.0,0.0,0.0,0.0,14127.840409576022,0.0
t1664,0.0,0.0,0.0,0.0,0.0,0.0,0.0,0.0,0.0,9404.50280829283,0.0
t1665,0.0,0.0,0.0,0.0,0.0,0.0,0.0,0.0,0.0,0.0,0.0
t1666,0.0,0.0,0.0,0.0,0.0,0.0,0.0,0.0,0.0,0.0,0.0
t1667,0.0,0.0,0.0,0.0,0.0,0.0,0.0,0.0,0.0,0.0,0.0
t1668,0.0,0.0,0.0,0.0,0.0,0.0,0.0,0.0,0.0,16929.87057916886,0.0
t1669,0.0,0.0,0.0,0.0,0.0,0.0,0.0,0.0,0.0,34418.956338344076,0.0
t1670,0.0,0.0,0.0,0.0,0.0,0.0,0.0,0.0,0.0,66503.77553058096,0.0
t1671,0.0,0.0,0.0,0.0,0.0,0.0,0.0,0.0,0.0,78864.75210281127,0.0
t1672,0.0,0.0,0.0,0.0,0.0,0.0,0.0,0.0,0.0,107414.3946870539,0.0
t1673,0.0,0.0,0.0,0.0,0.0,0.0,0.0,0.0,0.0,139499.21387929076,4551.597483790509
t1674,0.0,0.0,0.0,0.0,0.0,0.0,0.0,0.0,0.0,139499.21387929076,44724.080894517385
t1675,0.0,0.0,0.0,0.0,0.0,0.0,0.0,0.0,0.0,139499.21387929076,60480.552554018934
t1676,0.0,0.0,0.0,0.0,0.0,0.0,0.0,0.0,0.0,139499.21387929076,48860.74208006094
t1677,0.0,0.0,0.0,0.0,0.0,0.0,0.0,0.0,0.0,139499.21387929076,793.9405789297549
t1678,0.0,0.0,0.0,0.0,0.0,0.0,0.0,0.0,0.0,122043.49362187316,0.0
t1679,0.0,0.0,0.0,0.0,0.0,0.0,0.0,0.0,0.0,107085.96804860618,0.0
t1680,0.0,0.0,0.0,0.0,0.0,0.0,0.0,0.0,0.0,96260.04281498978,0.0
t1681,0.0,0.0,0.0,0.0,0.0,0.0,0.0,0.0,0.0,88476.06329760986,0.0
t1682,0.0,0.0,0.0,0.0,0.0,0.0,0.0,0.0,0.0,82058.11690898787,0.0
t1683,0.0,0.0,0.0,0.0,0.0,0.0,0.0,0.0,0.0,76701.56111246372,0.0
t1684,0.0,0.0,0.0,0.0,0.0,0.0,0.0,0.0,0.0,70646.19716573678,0.0
t1685,0.0,0.0,0.0,0.0,0.0,0.0,0.0,0.0,0.0,63386.32258938186,0.0
t1686,0.0,0.0,0.0,0.0,0.0,0.0,0.0,0.0,0.0,53131.09091018765,0.0
t1687,0.0,0.0,0.0,0.0,0.0,0.0,0.0,0.0,0.0,37684.840468988055,0.0
t1688,0.0,0.0,0.0,0.0,0.0,0.0,0.0,0.0,0.0,18918.419580495804,0.0
t1689,0.0,0.0,0.0,0.0,0.0,0.0,0.0,0.0,0.0,0.0,0.0
t1690,0.0,0.0,0.0,0.0,0.0,0.0,0.0,0.0,0.0,0.0,0.0
t1691,0.0,0.0,0.0,0.0,0.0,0.0,0.0,0.0,0.0,25257.31627942491,0.0
t1692,0.0,0.0,0.0,0.0,0.0,0.0,0.0,0.0,0.0,55069.41192407589,0.0
t1693,0.0,0.0,0.0,0.0,0.0,0.0,0.0,0.0,0.0,78722.19182800186,0.0
t1694,0.0,0.0,0.0,0.0,0.0,0.0,0.0,0.0,0.0,102909.9564920718,0.0
t1695,0.0,0.0,0.0,0.0,0.0,0.0,0.0,0.0,0.0,134994.77568430867,0.0
t1696,0.0,0.0,0.0,0.0,0.0,0.0,0.0,0.0,0.0,139499.21387929076,23575.63964788602
t1697,0.0,0.0,0.0,0.0,0.0,0.0,0.0,0.0,0.0,139499.21387929076,59815.18461357901
t1698,0.0,0.0,0.0,0.0,0.0,0.0,0.0,0.0,0.0,139499.21387929076,80110.42148791326
t1699,0.0,0.0,0.0,0.0,0.0,0.0,0.0,0.0,0.0,139499.21387929076,80961.22036827148
t1700,0.0,0.0,0.0,0.0,0.0,0.0,0.0,0.0,0.0,139499.21387929076,56070.3067612356
t1701,0.0,0.0,0.0,0.0,0.0,0.0,0.0,0.0,0.0,139499.21387929076,0.0
t1702,0.0,0.0,0.0,0.0,0.0,0.0,0.0,0.0,0.0,120127.49137764279,0.0
t1703,0.0,0.0,0.0,0.0,0.0,0.0,0.0,0.0,0.0,103416.20441860301,0.0
t1704,0.0,0.0,0.0,0.0,0.0,0.0,0.0,0.0,0.0,92247.3515864228,0.0
t1705,0.0,0.0,0.0,0.0,0.0,0.0,0.0,0.0,0.0,84042.71303154544,0.0
t1706,0.0,0.0,0.0,0.0,0.0,0.0,0.0,0.0,0.0,77174.64820206088,0.0
t1707,0.0,0.0,0.0,0.0,0.0,0.0,0.0,0.0,0.0,71337.34024001543,0.0
t1708,0.0,0.0,0.0,0.0,0.0,0.0,0.0,0.0,0.0,64865.30017453588,0.0
t1709,0.0,0.0,0.0,0.0,0.0,0.0,0.0,0.0,0.0,57645.11157676877,0.0
t1710,0.0,0.0,0.0,0.0,0.0,0.0,0.0,0.0,0.0,47633.81405097399,0.0
t1711,0.0,0.0,0.0,0.0,0.0,0.0,0.0,0.0,0.0,33679.6041939509,0.0
t1712,0.0,0.0,0.0,0.0,0.0,0.0,0.0,0.0,0.0,17144.210130882228,0.0
t1713,0.0,0.0,0.0,0.0,0.0,0.0,0.0,0.0,0.0,0.0,0.0
t1714,0.0,0.0,0.0,0.0,0.0,0.0,0.0,0.0,0.0,0.0,0.0
t1715,0.0,0.0,0.0,0.0,0.0,0.0,0.0,0.0,0.0,112.38596881519422,0.0
t1716,0.0,0.0,0.0,0.0,0.0,0.0,0.0,0.0,0.0,8186.76389008989,0.0
t1717,0.0,0.0,0.0,0.0,0.0,0.0,0.0,0.0,0.0,20265.84179814821,0.0
t1718,0.0,0.0,0.0,0.0,0.0,0.0,0.0,0.0,0.0,48612.76588642362,0.0
t1719,0.0,0.0,0.0,0.0,0.0,0.0,0.0,0.0,0.0,80697.5850786605,0.0
t1720,0.0,0.0,0.0,0.0,0.0,0.0,0.0,0.0,0.0,112782.40427089739,0.0
t1721,0.0,0.0,0.0,0.0,0.0,0.0,0.0,0.0,0.0,127465.77690431793,0.0
t1722,0.0,0.0,0.0,0.0,0.0,0.0,0.0,0.0,0.0,130702.4184362771,0.0
t1723,0.0,0.0,0.0,0.0,0.0,0.0,0.0,0.0,0.0,139499.21387929076,4486.977506733805
t1724,0.0,0.0,0.0,0.0,0.0,0.0,0.0,0.0,0.0,131372.6697972688,0.0
t1725,0.0,0.0,0.0,0.0,0.0,0.0,0.0,0.0,0.0,113139.54684235991,0.0
t1726,0.0,0.0,0.0,0.0,0.0,0.0,0.0,0.0,0.0,95995.20766439635,0.0
t1727,0.0,0.0,0.0,0.0,0.0,0.0,0.0,0.0,0.0,82162.13837650005,0.0
t1728,0.0,0.0,0.0,0.0,0.0,0.0,0.0,0.0,0.0,72463.27628240506,0.0
t1729,0.0,0.0,0.0,0.0,0.0,0.0,0.0,0.0,0.0,66339.72398663701,0.0
t1730,0.0,0.0,0.0,0.0,0.0,0.0,0.0,0.0,0.0,62097.479400195494,0.0
t1731,0.0,0.0,0.0,0.0,0.0,0.0,0.0,0.0,0.0,58477.214266747986,0.0
t1732,0.0,0.0,0.0,0.0,0.0,0.0,0.0,0.0,0.0,54375.07441283072,0.0
t1733,0.0,0.0,0.0,0.0,0.0,0.0,0.0,0.0,0.0,49902.08660470136,0.0
t1734,0.0,0.0,0.0,0.0,0.0,0.0,0.0,0.0,0.0,41959.27988861609,0.0
t1735,0.0,0.0,0.0,0.0,0.0,0.0,0.0,0.0,0.0,29663.89857413681,0.0
t1736,0.0,0.0,0.0,0.0,0.0,0.0,0.0,0.0,0.0,15860.873146497604,0.0
t1737,0.0,0.0,0.0,0.0,0.0,0.0,0.0,0.0,0.0,172.9950507446317,0.0
t1738,0.0,0.0,0.0,0.0,0.0,0.0,0.0,0.0,0.0,0.0,0.0
t1739,0.0,0.0,0.0,0.0,0.0,0.0,0.0,0.0,0.0,14065.698022925273,0.0
t1740,0.0,0.0,0.0,0.0,0.0,0.0,0.0,0.0,0.0,38088.820982733436,0.0
t1741,0.0,0.0,0.0,0.0,0.0,0.0,0.0,0.0,0.0,63387.40743957203,0.0
t1742,0.0,0.0,0.0,0.0,0.0,0.0,0.0,0.0,0.0,92393.0559989425,0.0
t1743,0.0,0.0,0.0,0.0,0.0,0.0,0.0,0.0,0.0,123922.63292547716,0.0
t1744,0.0,0.0,0.0,0.0,0.0,0.0,0.0,0.0,0.0,139499.21387929076,16428.299111267013
t1745,0.0,0.0,0.0,0.0,0.0,0.0,0.0,0.0,0.0,139499.21387929076,41469.34633852557
t1746,0.0,0.0,0.0,0.0,0.0,0.0,0.0,0.0,0.0,139499.21387929076,49306.01241177603
t1747,0.0,0.0,0.0,0.0,0.0,0.0,0.0,0.0,0.0,139499.21387929076,39077.21059432389
t1748,0.0,0.0,0.0,0.0,0.0,0.0,0.0,0.0,0.0,139499.21387929076,2352.6908042003633
t1749,0.0,0.0,0.0,0.0,0.0,0.0,0.0,0.0,0.0,121968.69408665466,0.0
t1750,0.0,0.0,0.0,0.0,0.0,0.0,0.0,0.0,0.0,104274.61379689888,0.0
t1751,0.0,0.0,0.0,0.0,0.0,0.0,0.0,0.0,0.0,88462.98464125433,0.0
t1752,0.0,0.0,0.0,0.0,0.0,0.0,0.0,0.0,0.0,77201.10567779749,0.0
t1753,0.0,0.0,0.0,0.0,0.0,0.0,0.0,0.0,0.0,70787.7489182221,0.0
t1754,0.0,0.0,0.0,0.0,0.0,0.0,0.0,0.0,0.0,68173.11926757963,0.0
t1755,0.0,0.0,0.0,0.0,0.0,0.0,0.0,0.0,0.0,65624.61535246711,0.0
t1756,0.0,0.0,0.0,0.0,0.0,0.0,0.0,0.0,0.0,61449.10484885093,0.0
t1757,0.0,0.0,0.0,0.0,0.0,0.0,0.0,0.0,0.0,55699.92442556612,0.0
t1758,0.0,0.0,0.0,0.0,0.0,0.0,0.0,0.0,0.0,46632.307121920894,0.0
t1759,0.0,0.0,0.0,0.0,0.0,0.0,0.0,0.0,0.0,33460.48338447387,0.0
t1760,0.0,0.0,0.0,0.0,0.0,0.0,0.0,0.0,0.0,18966.70756829015,0.0
t1761,0.0,0.0,0.0,0.0,0.0,0.0,0.0,0.0,0.0,4492.297032108048,0.0
t1762,0.0,0.0,0.0,0.0,0.0,0.0,0.0,0.0,0.0,0.0,0.0
t1763,0.0,0.0,0.0,0.0,0.0,0.0,0.0,0.0,0.0,10914.63553529351,0.0
t1764,0.0,0.0,0.0,0.0,0.0,0.0,0.0,0.0,0.0,29256.158428643044,0.0
t1765,0.0,0.0,0.0,0.0,0.0,0.0,0.0,0.0,0.0,54935.19569163224,0.0
t1766,0.0,0.0,0.0,0.0,0.0,0.0,0.0,0.0,0.0,83055.24626479486,0.0
t1767,0.0,0.0,0.0,0.0,0.0,0.0,0.0,0.0,0.0,112967.07235700979,0.0
t1768,0.0,0.0,0.0,0.0,0.0,0.0,0.0,0.0,0.0,139499.21387929076,5989.099707781553
t1769,0.0,0.0,0.0,0.0,0.0,0.0,0.0,0.0,0.0,139499.21387929076,35362.343655860146
t1770,0.0,0.0,0.0,0.0,0.0,0.0,0.0,0.0,0.0,139499.21387929076,53238.46955665695
t1771,0.0,0.0,0.0,0.0,0.0,0.0,0.0,0.0,0.0,139499.21387929076,48103.12857110042
t1772,0.0,0.0,0.0,0.0,0.0,0.0,0.0,0.0,0.0,139499.21387929076,14528.844368290265
t1773,0.0,0.0,0.0,0.0,0.0,0.0,0.0,0.0,0.0,126150.53833295214,0.0
t1774,0.0,0.0,0.0,0.0,0.0,0.0,0.0,0.0,0.0,106345.86555909053,0.0
t1775,0.0,0.0,0.0,0.0,0.0,0.0,0.0,0.0,0.0,89864.74724486709,0.0
t1776,0.0,0.0,0.0,0.0,0.0,0.0,0.0,0.0,0.0,76515.83025694259,0.0
t1777,0.0,0.0,0.0,0.0,0.0,0.0,0.0,0.0,0.0,68963.81908574625,0.0
t1778,0.0,0.0,0.0,0.0,0.0,0.0,0.0,0.0,0.0,64850.12297237964,0.0
t1779,0.0,0.0,0.0,0.0,0.0,0.0,0.0,0.0,0.0,62101.16532494732,0.0
t1780,0.0,0.0,0.0,0.0,0.0,0.0,0.0,0.0,0.0,58381.900719436635,0.0
t1781,0.0,0.0,0.0,0.0,0.0,0.0,0.0,0.0,0.0,54237.60277666731,0.0
t1782,0.0,0.0,0.0,0.0,0.0,0.0,0.0,0.0,0.0,48019.91561855053,0.0
t1783,0.0,0.0,0.0,0.0,0.0,0.0,0.0,0.0,0.0,37314.386364972685,0.0
t1784,0.0,0.0,0.0,0.0,0.0,0.0,0.0,0.0,0.0,23474.92917991217,0.0
t1785,0.0,0.0,0.0,0.0,0.0,0.0,0.0,0.0,0.0,6875.612694287229,0.0
t1786,0.0,0.0,0.0,0.0,0.0,0.0,0.0,0.0,0.0,0.0,0.0
t1787,0.0,0.0,0.0,0.0,0.0,0.0,0.0,0.0,0.0,6899.861292044207,0.0
t1788,0.0,0.0,0.0,0.0,0.0,0.0,0.0,0.0,0.0,25996.223973797296,0.0
t1789,0.0,0.0,0.0,0.0,0.0,0.0,0.0,0.0,0.0,48973.76254613782,0.0
t1790,0.0,0.0,0.0,0.0,0.0,0.0,0.0,0.0,0.0,75908.42957151416,0.0
t1791,0.0,0.0,0.0,0.0,0.0,0.0,0.0,0.0,0.0,101671.34688591625,0.0
t1792,0.0,0.0,0.0,0.0,0.0,0.0,0.0,0.0,0.0,124980.71325174424,0.0
t1793,0.0,0.0,0.0,0.0,0.0,0.0,0.0,0.0,0.0,139499.21387929076,5654.2304218949885
t1794,0.0,0.0,0.0,0.0,0.0,0.0,0.0,0.0,0.0,139499.21387929076,15363.058091216302
t1795,0.0,0.0,0.0,0.0,0.0,0.0,0.0,0.0,0.0,139499.21387929076,14802.004560498657
t1796,0.0,0.0,0.0,0.0,0.0,0.0,0.0,0.0,0.0,129156.49377304464,0.0
t1797,0.0,0.0,0.0,0.0,0.0,0.0,0.0,0.0,0.0,109135.24300105905,0.0
t1798,0.0,0.0,0.0,0.0,0.0,0.0,0.0,0.0,0.0,89577.9924765724,0.0
t1799,0.0,0.0,0.0,0.0,0.0,0.0,0.0,0.0,0.0,72268.65188156255,0.0
t1800,0.0,0.0,0.0,0.0,0.0,0.0,0.0,0.0,0.0,60276.06510524241,0.0
t1801,0.0,0.0,0.0,0.0,0.0,0.0,0.0,0.0,0.0,51876.55906619234,0.0
t1802,0.0,0.0,0.0,0.0,0.0,0.0,0.0,0.0,0.0,45981.3917284768,0.0
t1803,0.0,0.0,0.0,0.0,0.0,0.0,0.0,0.0,0.0,42072.900929180454,0.0
t1804,0.0,0.0,0.0,0.0,0.0,0.0,0.0,0.0,0.0,38329.59382342914,0.0
t1805,0.0,0.0,0.0,0.0,0.0,0.0,0.0,0.0,0.0,33590.10683288164,0.0
t1806,0.0,0.0,0.0,0.0,0.0,0.0,0.0,0.0,0.0,26875.85980439272,0.0
t1807,0.0,0.0,0.0,0.0,0.0,0.0,0.0,0.0,0.0,17936.058411764672,0.0
t1808,0.0,0.0,0.0,0.0,0.0,0.0,0.0,0.0,0.0,9197.080161594185,0.0
t1809,0.0,0.0,0.0,0.0,0.0,0.0,0.0,0.0,0.0,0.0,0.0
t1810,0.0,0.0,0.0,0.0,0.0,0.0,0.0,0.0,0.0,0.0,0.0
t1811,0.0,0.0,0.0,0.0,0.0,0.0,0.0,0.0,0.0,0.0,0.0
t1812,0.0,0.0,0.0,0.0,0.0,0.0,0.0,0.0,0.0,23094.170563596756,0.0
t1813,0.0,0.0,0.0,0.0,0.0,0.0,0.0,0.0,0.0,37346.10028781699,0.0
t1814,0.0,0.0,0.0,0.0,0.0,0.0,0.0,0.0,0.0,51995.86447072137,0.0
t1815,0.0,0.0,0.0,0.0,0.0,0.0,0.0,0.0,0.0,81048.6029504249,0.0
t1816,0.0,0.0,0.0,0.0,0.0,0.0,0.0,0.0,0.0,93090.4856741417,0.0
t1817,0.0,0.0,0.0,0.0,0.0,0.0,0.0,0.0,0.0,115774.56133563095,0.0
t1818,0.0,0.0,0.0,0.0,0.0,0.0,0.0,0.0,0.0,128708.49515100356,0.0
t1819,0.0,0.0,0.0,0.0,0.0,0.0,0.0,0.0,0.0,139499.21387929076,0.0
t1820,0.0,0.0,0.0,0.0,0.0,0.0,0.0,0.0,0.0,129576.96190773032,0.0
t1821,0.0,0.0,0.0,0.0,0.0,0.0,0.0,0.0,0.0,112449.91474333988,0.0
t1822,0.0,0.0,0.0,0.0,0.0,0.0,0.0,0.0,0.0,96140.55955687177,0.0
t1823,0.0,0.0,0.0,0.0,0.0,0.0,0.0,0.0,0.0,82740.80944830511,0.0
t1824,0.0,0.0,0.0,0.0,0.0,0.0,0.0,0.0,0.0,73024.91463370237,0.0
t1825,0.0,0.0,0.0,0.0,0.0,0.0,0.0,0.0,0.0,66273.4989919686,0.0
t1826,0.0,0.0,0.0,0.0,0.0,0.0,0.0,0.0,0.0,60621.55563935168,0.0
t1827,0.0,0.0,0.0,0.0,0.0,0.0,0.0,0.0,0.0,56244.341067666595,0.0
t1828,0.0,0.0,0.0,0.0,0.0,0.0,0.0,0.0,0.0,53668.33135328345,0.0
t1829,0.0,0.0,0.0,0.0,0.0,0.0,0.0,0.0,0.0,51645.77512701355,0.0
t1830,0.0,0.0,0.0,0.0,0.0,0.0,0.0,0.0,0.0,48547.39647928738,0.0
t1831,0.0,0.0,0.0,0.0,0.0,0.0,0.0,0.0,0.0,44045.910280283955,0.0
t1832,0.0,0.0,0.0,0.0,0.0,0.0,0.0,0.0,0.0,38165.27799849402,0.0
t1833,0.0,0.0,0.0,0.0,0.0,0.0,0.0,0.0,0.0,30667.385890394013,0.0
t1834,0.0,0.0,0.0,0.0,0.0,0.0,0.0,0.0,0.0,26086.971776584847,0.0
t1835,0.0,0.0,0.0,0.0,0.0,0.0,0.0,0.0,0.0,26086.971776584847,0.0
t1836,0.0,0.0,0.0,0.0,0.0,0.0,0.0,0.0,0.0,26086.971776584847,0.0
t1837,0.0,0.0,0.0,0.0,0.0,0.0,0.0,0.0,0.0,46115.19096694111,0.0
t1838,0.0,0.0,0.0,0.0,0.0,0.0,0.0,0.0,0.0,69718.09861419722,0.0
t1839,0.0,0.0,0.0,0.0,0.0,0.0,0.0,0.0,0.0,69718.09861419722,0.0
t1840,0.0,0.0,0.0,0.0,0.0,0.0,0.0,0.0,0.0,90883.14411853091,0.0
t1841,0.0,0.0,0.0,0.0,0.0,0.0,0.0,0.0,0.0,90883.14411853091,0.0
t1842,0.0,0.0,0.0,0.0,0.0,0.0,0.0,0.0,0.0,101435.74639383335,0.0
t1843,0.0,0.0,0.0,0.0,0.0,0.0,0.0,0.0,0.0,101453.50643676474,0.0
t1844,0.0,0.0,0.0,0.0,0.0,0.0,0.0,0.0,0.0,87384.41919619373,0.0
t1845,0.0,0.0,0.0,0.0,0.0,0.0,0.0,0.0,0.0,70376.85096592462,0.0
t1846,0.0,0.0,0.0,0.0,0.0,0.0,0.0,0.0,0.0,54870.167948876784,0.0
t1847,0.0,0.0,0.0,0.0,0.0,0.0,0.0,0.0,0.0,43967.53524609242,0.0
t1848,0.0,0.0,0.0,0.0,0.0,0.0,0.0,0.0,0.0,39102.0404785937,0.0
t1849,0.0,0.0,0.0,0.0,0.0,0.0,0.0,0.0,0.0,38303.211444011526,0.0
t1850,0.0,0.0,0.0,0.0,0.0,0.0,0.0,0.0,0.0,38303.211444011526,0.0
t1851,0.0,0.0,0.0,0.0,0.0,0.0,0.0,0.0,0.0,38303.211444011526,0.0
t1852,0.0,0.0,0.0,0.0,0.0,0.0,0.0,0.0,0.0,38303.211444011526,0.0
t1853,0.0,0.0,0.0,0.0,0.0,0.0,0.0,0.0,0.0,39250.670196425606,0.0
t1854,0.0,0.0,0.0,0.0,0.0,0.0,0.0,0.0,0.0,36436.91739961026,0.0
t1855,0.0,0.0,0.0,0.0,0.0,0.0,0.0,0.0,0.0,26272.513388630803,0.0
t1856,0.0,0.0,0.0,0.0,0.0,0.0,0.0,0.0,0.0,14037.876138593674,0.0
t1857,0.0,0.0,0.0,0.0,0.0,0.0,0.0,0.0,0.0,0.0,0.0
t1858,0.0,0.0,0.0,0.0,0.0,0.0,0.0,0.0,0.0,0.0,0.0
t1859,0.0,0.0,0.0,0.0,0.0,0.0,0.0,0.0,0.0,9940.76768192663,0.0
t1860,0.0,0.0,0.0,0.0,0.0,0.0,0.0,0.0,0.0,30044.398910866745,0.0
t1861,0.0,0.0,0.0,0.0,0.0,0.0,0.0,0.0,0.0,57501.1367726818,0.0
t1862,0.0,0.0,0.0,0.0,0.0,0.0,0.0,0.0,0.0,88060.19393814943,0.0
t1863,0.0,0.0,0.0,0.0,0.0,0.0,0.0,0.0,0.0,99498.03029663068,0.0
t1864,0.0,0.0,0.0,0.0,0.0,0.0,0.0,0.0,0.0,105329.28485230394,0.0
t1865,0.0,0.0,0.0,0.0,0.0,0.0,0.0,0.0,0.0,125093.9211491712,0.0
t1866,0.0,0.0,0.0,0.0,0.0,0.0,0.0,0.0,0.0,136490.37269162628,0.0
t1867,0.0,0.0,0.0,0.0,0.0,0.0,0.0,0.0,0.0,139499.21387929076,0.0
t1868,0.0,0.0,0.0,0.0,0.0,0.0,0.0,0.0,0.0,122002.71037405648,0.0
t1869,0.0,0.0,0.0,0.0,0.0,0.0,0.0,0.0,0.0,102468.52783688312,0.0
t1870,0.0,0.0,0.0,0.0,0.0,0.0,0.0,0.0,0.0,85741.5778830183,0.0
t1871,0.0,0.0,0.0,0.0,0.0,0.0,0.0,0.0,0.0,73913.33046507952,0.0
t1872,0.0,0.0,0.0,0.0,0.0,0.0,0.0,0.0,0.0,67533.76733356192,0.0
t1873,0.0,0.0,0.0,0.0,0.0,0.0,0.0,0.0,0.0,64872.10740852018,0.0
t1874,0.0,0.0,0.0,0.0,0.0,0.0,0.0,0.0,0.0,64641.800456066456,0.0
t1875,0.0,0.0,0.0,0.0,0.0,0.0,0.0,0.0,0.0,64381.75935892778,0.0
t1876,0.0,0.0,0.0,0.0,0.0,0.0,0.0,0.0,0.0,64381.75935892778,0.0
t1877,0.0,0.0,0.0,0.0,0.0,0.0,0.0,0.0,0.0,64899.7455805098,0.0
t1878,0.0,0.0,0.0,0.0,0.0,0.0,0.0,0.0,0.0,61674.02009269956,0.0
t1879,0.0,0.0,0.0,0.0,0.0,0.0,0.0,0.0,0.0,52399.089291587676,0.0
t1880,0.0,0.0,0.0,0.0,0.0,0.0,0.0,0.0,0.0,36603.05296294677,0.0
t1881,0.0,0.0,0.0,0.0,0.0,0.0,0.0,0.0,0.0,18977.19196309798,0.0
t1882,0.0,0.0,0.0,0.0,0.0,0.0,0.0,0.0,0.0,18977.19196309798,0.0
t1883,0.0,0.0,0.0,0.0,0.0,0.0,0.0,0.0,0.0,35111.87484761253,0.0
t1884,0.0,0.0,0.0,0.0,0.0,0.0,0.0,0.0,0.0,43244.75630258014,0.0
t1885,0.0,0.0,0.0,0.0,0.0,0.0,0.0,0.0,0.0,75329.57549481702,0.0
t1886,0.0,0.0,0.0,0.0,0.0,0.0,0.0,0.0,0.0,107414.3946870539,0.0
t1887,0.0,0.0,0.0,0.0,0.0,0.0,0.0,0.0,0.0,139499.21387929076,0.0
t1888,0.0,0.0,0.0,0.0,0.0,0.0,0.0,0.0,0.0,139499.21387929076,32668.833378690957
t1889,0.0,0.0,0.0,0.0,0.0,0.0,0.0,0.0,0.0,139499.21387929076,52713.06238695309
t1890,0.0,0.0,0.0,0.0,0.0,0.0,0.0,0.0,0.0,139499.21387929076,63709.69101568904
t1891,0.0,0.0,0.0,0.0,0.0,0.0,0.0,0.0,0.0,139499.21387929076,63215.73510203311
t1892,0.0,0.0,0.0,0.0,0.0,0.0,0.0,0.0,0.0,139499.21387929076,38388.56317183681
t1893,0.0,0.0,0.0,0.0,0.0,0.0,0.0,0.0,0.0,136061.3551818834,0.0
t1894,0.0,0.0,0.0,0.0,0.0,0.0,0.0,0.0,0.0,118434.43893065592,0.0
t1895,0.0,0.0,0.0,0.0,0.0,0.0,0.0,0.0,0.0,102598.16632783732,0.0
t1896,0.0,0.0,0.0,0.0,0.0,0.0,0.0,0.0,0.0,90708.65950870948,0.0
t1897,0.0,0.0,0.0,0.0,0.0,0.0,0.0,0.0,0.0,82168.00258079423,0.0
t1898,0.0,0.0,0.0,0.0,0.0,0.0,0.0,0.0,0.0,74639.62389894786,0.0
t1899,0.0,0.0,0.0,0.0,0.0,0.0,0.0,0.0,0.0,67879.77154248291,0.0
t1900,0.0,0.0,0.0,0.0,0.0,0.0,0.0,0.0,0.0,61615.222261343995,0.0
t1901,0.0,0.0,0.0,0.0,0.0,0.0,0.0,0.0,0.0,54923.941854022574,0.0
t1902,0.0,0.0,0.0,0.0,0.0,0.0,0.0,0.0,0.0,44969.235532594605,0.0
t1903,0.0,0.0,0.0,0.0,0.0,0.0,0.0,0.0,0.0,28267.678503453695,0.0
t1904,0.0,0.0,0.0,0.0,0.0,0.0,0.0,0.0,0.0,7736.33682436627,0.0
t1905,0.0,0.0,0.0,0.0,0.0,0.0,0.0,0.0,0.0,0.0,0.0
t1906,0.0,0.0,0.0,0.0,0.0,0.0,0.0,0.0,0.0,0.0,0.0
t1907,0.0,0.0,0.0,0.0,0.0,0.0,0.0,0.0,0.0,16779.588032539858,0.0
t1908,0.0,0.0,0.0,0.0,0.0,0.0,0.0,0.0,0.0,33168.48314970512,0.0
t1909,0.0,0.0,0.0,0.0,0.0,0.0,0.0,0.0,0.0,53284.191487053744,0.0
t1910,0.0,0.0,0.0,0.0,0.0,0.0,0.0,0.0,0.0,75131.48571788306,0.0
t1911,0.0,0.0,0.0,0.0,0.0,0.0,0.0,0.0,0.0,95585.25755549571,0.0
t1912,0.0,0.0,0.0,0.0,0.0,0.0,0.0,0.0,0.0,113488.60308539498,0.0
t1913,0.0,0.0,0.0,0.0,0.0,0.0,0.0,0.0,0.0,129386.03410794666,0.0
t1914,0.0,0.0,0.0,0.0,0.0,0.0,0.0,0.0,0.0,138338.2843612071,0.0
t1915,0.0,0.0,0.0,0.0,0.0,0.0,0.0,0.0,0.0,139499.21387929076,22701.642852221692
t1916,0.0,0.0,0.0,0.0,0.0,0.0,0.0,0.0,0.0,139499.21387929076,19037.81156803295
t1917,0.0,0.0,0.0,0.0,0.0,0.0,0.0,0.0,0.0,125414.44162878596,0.0
t1918,0.0,0.0,0.0,0.0,0.0,0.0,0.0,0.0,0.0,104963.83531824892,0.0
t1919,0.0,0.0,0.0,0.0,0.0,0.0,0.0,0.0,0.0,90463.82935611378,0.0
t1920,0.0,0.0,0.0,0.0,0.0,0.0,0.0,0.0,0.0,79913.06728653905,0.0
t1921,0.0,0.0,0.0,0.0,0.0,0.0,0.0,0.0,0.0,73496.2482362008,0.0
t1922,0.0,0.0,0.0,0.0,0.0,0.0,0.0,0.0,0.0,67235.8958159778,0.0
t1923,0.0,0.0,0.0,0.0,0.0,0.0,0.0,0.0,0.0,58558.37588420979,0.0
t1924,0.0,0.0,0.0,0.0,0.0,0.0,0.0,0.0,0.0,53581.89980870593,0.0
t1925,0.0,0.0,0.0,0.0,0.0,0.0,0.0,0.0,0.0,47661.85810756059,0.0
t1926,0.0,0.0,0.0,0.0,0.0,0.0,0.0,0.0,0.0,37922.202764011454,0.0
t1927,0.0,0.0,0.0,0.0,0.0,0.0,0.0,0.0,0.0,21778.269070143077,0.0
t1928,0.0,0.0,0.0,0.0,0.0,0.0,0.0,0.0,0.0,3663.1358827258678,0.0
t1929,0.0,0.0,0.0,0.0,0.0,0.0,0.0,0.0,0.0,0.0,0.0
t1930,0.0,0.0,0.0,0.0,0.0,0.0,0.0,0.0,0.0,836.6204076364137,0.0
t1931,0.0,0.0,0.0,0.0,0.0,0.0,0.0,0.0,0.0,8556.35818834541,0.0
t1932,0.0,0.0,0.0,0.0,0.0,0.0,0.0,0.0,0.0,24440.218708087352,0.0
t1933,0.0,0.0,0.0,0.0,0.0,0.0,0.0,0.0,0.0,43897.446707227886,0.0
t1934,0.0,0.0,0.0,0.0,0.0,0.0,0.0,0.0,0.0,64129.13475521881,0.0
t1935,0.0,0.0,0.0,0.0,0.0,0.0,0.0,0.0,0.0,84379.38974650527,0.0
t1936,0.0,0.0,0.0,0.0,0.0,0.0,0.0,0.0,0.0,107414.3946870539,0.0
t1937,0.0,0.0,0.0,0.0,0.0,0.0,0.0,0.0,0.0,139499.21387929076,1854.4988769229058
t1938,0.0,0.0,0.0,0.0,0.0,0.0,0.0,0.0,0.0,139499.21387929076,36990.18265198258
t1939,0.0,0.0,0.0,0.0,0.0,0.0,0.0,0.0,0.0,139499.21387929076,51204.55948830504
t1940,0.0,0.0,0.0,0.0,0.0,0.0,0.0,0.0,0.0,139499.21387929076,42426.64527322476
t1941,0.0,0.0,0.0,0.0,0.0,0.0,0.0,0.0,0.0,136801.73277538814,0.0
t1942,0.0,0.0,0.0,0.0,0.0,0.0,0.0,0.0,0.0,118106.45499493656,0.0
t1943,0.0,0.0,0.0,0.0,0.0,0.0,0.0,0.0,0.0,102102.10716971586,0.0
t1944,0.0,0.0,0.0,0.0,0.0,0.0,0.0,0.0,0.0,91119.64899196752,0.0
t1945,0.0,0.0,0.0,0.0,0.0,0.0,0.0,0.0,0.0,82687.15711645986,0.0
t1946,0.0,0.0,0.0,0.0,0.0,0.0,0.0,0.0,0.0,75188.47771240443,0.0
t1947,0.0,0.0,0.0,0.0,0.0,0.0,0.0,0.0,0.0,68646.14531793556,0.0
t1948,0.0,0.0,0.0,0.0,0.0,0.0,0.0,0.0,0.0,61758.70842969009,0.0
t1949,0.0,0.0,0.0,0.0,0.0,0.0,0.0,0.0,0.0,54235.396013225814,0.0
t1950,0.0,0.0,0.0,0.0,0.0,0.0,0.0,0.0,0.0,43243.96952223281,0.0
t1951,0.0,0.0,0.0,0.0,0.0,0.0,0.0,0.0,0.0,25316.320845183734,0.0
t1952,0.0,0.0,0.0,0.0,0.0,0.0,0.0,0.0,0.0,4994.847970429106,0.0
t1953,0.0,0.0,0.0,0.0,0.0,0.0,0.0,0.0,0.0,0.0,0.0
t1954,0.0,0.0,0.0,0.0,0.0,0.0,0.0,0.0,0.0,1198.1474475334187,0.0
t1955,0.0,0.0,0.0,0.0,0.0,0.0,0.0,0.0,0.0,16738.61900013959,0.0
t1956,0.0,0.0,0.0,0.0,0.0,0.0,0.0,0.0,0.0,40689.73757298485,0.0
t1957,0.0,0.0,0.0,0.0,0.0,0.0,0.0,0.0,0.0,66641.20330342877,0.0
t1958,0.0,0.0,0.0,0.0,0.0,0.0,0.0,0.0,0.0,92193.84420211302,0.0
t1959,0.0,0.0,0.0,0.0,0.0,0.0,0.0,0.0,0.0,107414.3946870539,0.0
t1960,0.0,0.0,0.0,0.0,0.0,0.0,0.0,0.0,0.0,139499.21387929076,0.0
t1961,0.0,0.0,0.0,0.0,0.0,0.0,0.0,0.0,0.0,139499.21387929076,41532.32133275458
t1962,0.0,0.0,0.0,0.0,0.0,0.0,0.0,0.0,0.0,139499.21387929076,66144.41583053084
t1963,0.0,0.0,0.0,0.0,0.0,0.0,0.0,0.0,0.0,139499.21387929076,71532.11843459395
t1964,0.0,0.0,0.0,0.0,0.0,0.0,0.0,0.0,0.0,139499.21387929076,55743.83706946824
t1965,0.0,0.0,0.0,0.0,0.0,0.0,0.0,0.0,0.0,139499.21387929076,1072.0433545537671
t1966,0.0,0.0,0.0,0.0,0.0,0.0,0.0,0.0,0.0,118805.65557595577,0.0
t1967,0.0,0.0,0.0,0.0,0.0,0.0,0.0,0.0,0.0,100680.4010212576,0.0
t1968,0.0,0.0,0.0,0.0,0.0,0.0,0.0,0.0,0.0,86617.2233298285,0.0
t1969,0.0,0.0,0.0,0.0,0.0,0.0,0.0,0.0,0.0,75878.60881453982,0.0
t1970,0.0,0.0,0.0,0.0,0.0,0.0,0.0,0.0,0.0,66844.68490042308,0.0
t1971,0.0,0.0,0.0,0.0,0.0,0.0,0.0,0.0,0.0,58848.92760734751,0.0
t1972,0.0,0.0,0.0,0.0,0.0,0.0,0.0,0.0,0.0,51403.700105404176,0.0
t1973,0.0,0.0,0.0,0.0,0.0,0.0,0.0,0.0,0.0,43668.48080746254,0.0
t1974,0.0,0.0,0.0,0.0,0.0,0.0,0.0,0.0,0.0,34400.57421334859,0.0
t1975,0.0,0.0,0.0,0.0,0.0,0.0,0.0,0.0,0.0,22904.70778374459,0.0
t1976,0.0,0.0,0.0,0.0,0.0,0.0,0.0,0.0,0.0,9216.203043230847,0.0
t1977,0.0,0.0,0.0,0.0,0.0,0.0,0.0,0.0,0.0,0.0,0.0
t1978,0.0,0.0,0.0,0.0,0.0,0.0,0.0,0.0,0.0,0.0,0.0
t1979,0.0,0.0,0.0,0.0,0.0,0.0,0.0,0.0,0.0,22770.14130235603,0.0
t1980,0.0,0.0,0.0,0.0,0.0,0.0,0.0,0.0,0.0,37612.140854846395,0.0
t1981,0.0,0.0,0.0,0.0,0.0,0.0,0.0,0.0,0.0,57353.28757593114,0.0
t1982,0.0,0.0,0.0,0.0,0.0,0.0,0.0,0.0,0.0,81760.5934021355,0.0
t1983,0.0,0.0,0.0,0.0,0.0,0.0,0.0,0.0,0.0,100538.04574308537,0.0
t1984,0.0,0.0,0.0,0.0,0.0,0.0,0.0,0.0,0.0,118082.44229790644,0.0
t1985,0.0,0.0,0.0,0.0,0.0,0.0,0.0,0.0,0.0,139499.21387929076,0.0
t1986,0.0,0.0,0.0,0.0,0.0,0.0,0.0,0.0,0.0,139499.21387929076,27994.927550314434
t1987,0.0,0.0,0.0,0.0,0.0,0.0,0.0,0.0,0.0,139499.21387929076,41907.72633293196
t1988,0.0,0.0,0.0,0.0,0.0,0.0,0.0,0.0,0.0,139499.21387929076,33887.55012901054
t1989,0.0,0.0,0.0,0.0,0.0,0.0,0.0,0.0,0.0,130860.56285371345,0.0
t1990,0.0,0.0,0.0,0.0,0.0,0.0,0.0,0.0,0.0,110075.0967759632,0.0
t1991,0.0,0.0,0.0,0.0,0.0,0.0,0.0,0.0,0.0,92108.02123380997,0.0
t1992,0.0,0.0,0.0,0.0,0.0,0.0,0.0,0.0,0.0,77410.66386683534,0.0
t1993,0.0,0.0,0.0,0.0,0.0,0.0,0.0,0.0,0.0,65905.36307237406,0.0
t1994,0.0,0.0,0.0,0.0,0.0,0.0,0.0,0.0,0.0,55845.030260903695,0.0
t1995,0.0,0.0,0.0,0.0,0.0,0.0,0.0,0.0,0.0,47314.906276235335,0.0
t1996,0.0,0.0,0.0,0.0,0.0,0.0,0.0,0.0,0.0,39295.42870222805,0.0
t1997,0.0,0.0,0.0,0.0,0.0,0.0,0.0,0.0,0.0,31628.928852715013,0.0
t1998,0.0,0.0,0.0,0.0,0.0,0.0,0.0,0.0,0.0,23662.54021997949,0.0
t1999,0.0,0.0,0.0,0.0,0.0,0.0,0.0,0.0,0.0,14467.82440366206,0.0
t2000,0.0,0.0,0.0,0.0,0.0,0.0,0.0,0.0,0.0,4254.211752120339,0.0
t2001,0.0,0.0,0.0,0.0,0.0,0.0,0.0,0.0,0.0,0.0,0.0
t2002,0.0,0.0,0.0,0.0,0.0,0.0,0.0,0.0,0.0,16918.15518159326,0.0
t2003,0.0,0.0,0.0,0.0,0.0,0.0,0.0,0.0,0.0,28089.93091457268,0.0
t2004,0.0,0.0,0.0,0.0,0.0,0.0,0.0,0.0,0.0,48482.10396643794,0.0
t2005,0.0,0.0,0.0,0.0,0.0,0.0,0.0,0.0,0.0,80566.92315867482,0.0
t2006,0.0,0.0,0.0,0.0,0.0,0.0,0.0,0.0,0.0,101690.37459493545,0.0
t2007,0.0,0.0,0.0,0.0,0.0,0.0,0.0,0.0,0.0,133775.19378717232,0.0
t2008,0.0,0.0,0.0,0.0,0.0,0.0,0.0,0.0,0.0,139499.21387929076,36459.445639447404
t2009,0.0,0.0,0.0,0.0,0.0,0.0,0.0,0.0,0.0,139499.21387929076,66899.05255031335
t2010,0.0,0.0,0.0,0.0,0.0,0.0,0.0,0.0,0.0,139499.21387929076,82234.62876356205
t2011,0.0,0.0,0.0,0.0,0.0,0.0,0.0,0.0,0.0,139499.21387929076,81274.61752011318
t2012,0.0,0.0,0.0,0.0,0.0,0.0,0.0,0.0,0.0,139499.21387929076,60483.65983672632
t2013,0.0,0.0,0.0,0.0,0.0,0.0,0.0,0.0,0.0,139499.21387929076,0.0
t2014,0.0,0.0,0.0,0.0,0.0,0.0,0.0,0.0,0.0,118276.09858119396,0.0
t2015,0.0,0.0,0.0,0.0,0.0,0.0,0.0,0.0,0.0,100313.07496911845,0.0
t2016,0.0,0.0,0.0,0.0,0.0,0.0,0.0,0.0,0.0,87505.0791307991,0.0
t2017,0.0,0.0,0.0,0.0,0.0,0.0,0.0,0.0,0.0,77983.47912657767,0.0
t2018,0.0,0.0,0.0,0.0,0.0,0.0,0.0,0.0,0.0,70694.511670014,0.0
t2019,0.0,0.0,0.0,0.0,0.0,0.0,0.0,0.0,0.0,64769.009067316314,0.0
t2020,0.0,0.0,0.0,0.0,0.0,0.0,0.0,0.0,0.0,59129.14094927689,0.0
t2021,0.0,0.0,0.0,0.0,0.0,0.0,0.0,0.0,0.0,52786.002836919826,0.0
t2022,0.0,0.0,0.0,0.0,0.0,0.0,0.0,0.0,0.0,43206.07977061644,0.0
t2023,0.0,0.0,0.0,0.0,0.0,0.0,0.0,0.0,0.0,27477.42119162898,0.0
t2024,0.0,0.0,0.0,0.0,0.0,0.0,0.0,0.0,0.0,9834.882346171853,0.0
t2025,0.0,0.0,0.0,0.0,0.0,0.0,0.0,0.0,0.0,0.0,0.0
t2026,0.0,0.0,0.0,0.0,0.0,0.0,0.0,0.0,0.0,11389.113904812471,0.0
t2027,0.0,0.0,0.0,0.0,0.0,0.0,0.0,0.0,0.0,36789.32774597536,0.0
t2028,0.0,0.0,0.0,0.0,0.0,0.0,0.0,0.0,0.0,51767.911946401946,0.0
t2029,0.0,0.0,0.0,0.0,0.0,0.0,0.0,0.0,0.0,75329.57549481702,0.0
t2030,0.0,0.0,0.0,0.0,0.0,0.0,0.0,0.0,0.0,107414.3946870539,0.0
t2031,0.0,0.0,0.0,0.0,0.0,0.0,0.0,0.0,0.0,139499.21387929076,0.0
t2032,0.0,0.0,0.0,0.0,0.0,0.0,0.0,0.0,0.0,139499.21387929076,34730.224662507186
t2033,0.0,0.0,0.0,0.0,0.0,0.0,0.0,0.0,0.0,139499.21387929076,53516.58011536329
t2034,0.0,0.0,0.0,0.0,0.0,0.0,0.0,0.0,0.0,139499.21387929076,63387.10126939019
t2035,0.0,0.0,0.0,0.0,0.0,0.0,0.0,0.0,0.0,139499.21387929076,54684.67206986
t2036,0.0,0.0,0.0,0.0,0.0,0.0,0.0,0.0,0.0,139499.21387929076,18679.18477978868
t2037,0.0,0.0,0.0,0.0,0.0,0.0,0.0,0.0,0.0,121914.29428219261,0.0
t2038,0.0,0.0,0.0,0.0,0.0,0.0,0.0,0.0,0.0,98400.1352742969,0.0
t2039,0.0,0.0,0.0,0.0,0.0,0.0,0.0,0.0,0.0,80982.50172753273,0.0
t2040,0.0,0.0,0.0,0.0,0.0,0.0,0.0,0.0,0.0,70757.13670283674,0.0
t2041,0.0,0.0,0.0,0.0,0.0,0.0,0.0,0.0,0.0,62711.87697091502,0.0
t2042,0.0,0.0,0.0,0.0,0.0,0.0,0.0,0.0,0.0,58394.026593096576,0.0
t2043,0.0,0.0,0.0,0.0,0.0,0.0,0.0,0.0,0.0,55742.19461678288,0.0
t2044,0.0,0.0,0.0,0.0,0.0,0.0,0.0,0.0,0.0,53429.17062992075,0.0
t2045,0.0,0.0,0.0,0.0,0.0,0.0,0.0,0.0,0.0,50726.519393901806,0.0
t2046,0.0,0.0,0.0,0.0,0.0,0.0,0.0,0.0,0.0,44133.77354885818,0.0
t2047,0.0,0.0,0.0,0.0,0.0,0.0,0.0,0.0,0.0,30879.185200103297,0.0
t2048,0.0,0.0,0.0,0.0,0.0,0.0,0.0,0.0,0.0,13789.717032127126,0.0
t2049,0.0,0.0,0.0,0.0,0.0,0.0,0.0,0.0,0.0,0.0,0.0
t2050,0.0,0.0,0.0,0.0,0.0,0.0,0.0,0.0,0.0,2477.5691525238053,0.0
t2051,0.0,0.0,0.0,0.0,0.0,0.0,0.0,0.0,0.0,13351.193699455438,0.0
t2052,0.0,0.0,0.0,0.0,0.0,0.0,0.0,0.0,0.0,30723.832689344683,0.0
t2053,0.0,0.0,0.0,0.0,0.0,0.0,0.0,0.0,0.0,57748.835682504505,0.0
t2054,0.0,0.0,0.0,0.0,0.0,0.0,0.0,0.0,0.0,87113.87964257806,0.0
t2055,0.0,0.0,0.0,0.0,0.0,0.0,0.0,0.0,0.0,116264.43389840942,0.0
t2056,0.0,0.0,0.0,0.0,0.0,0.0,0.0,0.0,0.0,139499.21387929076,1322.7738034680908
t2057,0.0,0.0,0.0,0.0,0.0,0.0,0.0,0.0,0.0,139499.21387929076,23781.169967649003
t2058,0.0,0.0,0.0,0.0,0.0,0.0,0.0,0.0,0.0,139499.21387929076,32085.83577550098
t2059,0.0,0.0,0.0,0.0,0.0,0.0,0.0,0.0,0.0,139499.21387929076,26797.035411107474
t2060,0.0,0.0,0.0,0.0,0.0,0.0,0.0,0.0,0.0,134639.61916689697,0.0
t2061,0.0,0.0,0.0,0.0,0.0,0.0,0.0,0.0,0.0,114614.29156448366,0.0
t2062,0.0,0.0,0.0,0.0,0.0,0.0,0.0,0.0,0.0,96902.9014178043,0.0
t2063,0.0,0.0,0.0,0.0,0.0,0.0,0.0,0.0,0.0,82622.27021881308,0.0
t2064,0.0,0.0,0.0,0.0,0.0,0.0,0.0,0.0,0.0,71715.96007089983,0.0
t2065,0.0,0.0,0.0,0.0,0.0,0.0,0.0,0.0,0.0,66129.55583521377,0.0
t2066,0.0,0.0,0.0,0.0,0.0,0.0,0.0,0.0,0.0,62378.487851361184,0.0
t2067,0.0,0.0,0.0,0.0,0.0,0.0,0.0,0.0,0.0,60908.60479455548,0.0
t2068,0.0,0.0,0.0,0.0,0.0,0.0,0.0,0.0,0.0,60028.469328436535,0.0
t2069,0.0,0.0,0.0,0.0,0.0,0.0,0.0,0.0,0.0,57812.99969073319,0.0
t2070,0.0,0.0,0.0,0.0,0.0,0.0,0.0,0.0,0.0,52223.49630752104,0.0
t2071,0.0,0.0,0.0,0.0,0.0,0.0,0.0,0.0,0.0,37981.01655906239,0.0
t2072,0.0,0.0,0.0,0.0,0.0,0.0,0.0,0.0,0.0,20353.72962890119,0.0
t2073,0.0,0.0,0.0,0.0,0.0,0.0,0.0,0.0,0.0,4994.920638313561,0.0
t2074,0.0,0.0,0.0,0.0,0.0,0.0,0.0,0.0,0.0,0.0,0.0
t2075,0.0,0.0,0.0,0.0,0.0,0.0,0.0,0.0,0.0,5300.695379317041,0.0
t2076,0.0,0.0,0.0,0.0,0.0,0.0,0.0,0.0,0.0,19964.68157914313,0.0
t2077,0.0,0.0,0.0,0.0,0.0,0.0,0.0,0.0,0.0,41451.93075127594,0.0
t2078,0.0,0.0,0.0,0.0,0.0,0.0,0.0,0.0,0.0,66254.42260771936,0.0
t2079,0.0,0.0,0.0,0.0,0.0,0.0,0.0,0.0,0.0,91420.01406555601,0.0
t2080,0.0,0.0,0.0,0.0,0.0,0.0,0.0,0.0,0.0,118093.80216094758,0.0
t2081,0.0,0.0,0.0,0.0,0.0,0.0,0.0,0.0,0.0,139016.79079023772,0.0
t2082,0.0,0.0,0.0,0.0,0.0,0.0,0.0,0.0,0.0,139499.21387929076,13769.211024315466
t2083,0.0,0.0,0.0,0.0,0.0,0.0,0.0,0.0,0.0,139499.21387929076,7539.861941751355
t2084,0.0,0.0,0.0,0.0,0.0,0.0,0.0,0.0,0.0,129460.46022283868,0.0
t2085,0.0,0.0,0.0,0.0,0.0,0.0,0.0,0.0,0.0,111393.35412099632,0.0
t2086,0.0,0.0,0.0,0.0,0.0,0.0,0.0,0.0,0.0,95233.90477931798,0.0
t2087,0.0,0.0,0.0,0.0,0.0,0.0,0.0,0.0,0.0,83369.82130473069,0.0
t2088,0.0,0.0,0.0,0.0,0.0,0.0,0.0,0.0,0.0,74837.26128902231,0.0
t2089,0.0,0.0,0.0,0.0,0.0,0.0,0.0,0.0,0.0,68751.63510254578,0.0
t2090,0.0,0.0,0.0,0.0,0.0,0.0,0.0,0.0,0.0,64782.77674101089,0.0
t2091,0.0,0.0,0.0,0.0,0.0,0.0,0.0,0.0,0.0,61920.557298385436,0.0
t2092,0.0,0.0,0.0,0.0,0.0,0.0,0.0,0.0,0.0,57883.13503095751,0.0
t2093,0.0,0.0,0.0,0.0,0.0,0.0,0.0,0.0,0.0,53046.16115289128,0.0
t2094,0.0,0.0,0.0,0.0,0.0,0.0,0.0,0.0,0.0,45059.039559037876,0.0
t2095,0.0,0.0,0.0,0.0,0.0,0.0,0.0,0.0,0.0,30966.95894619474,0.0
t2096,0.0,0.0,0.0,0.0,0.0,0.0,0.0,0.0,0.0,13645.114734160317,0.0
t2097,0.0,0.0,0.0,0.0,0.0,0.0,0.0,0.0,0.0,1670.3653833874412,0.0
t2098,0.0,0.0,0.0,0.0,0.0,0.0,0.0,0.0,0.0,0.0,0.0
t2099,0.0,0.0,0.0,0.0,0.0,0.0,0.0,0.0,0.0,4651.293812152199,0.0
t2100,0.0,0.0,0.0,0.0,0.0,0.0,0.0,0.0,0.0,17227.070982672674,0.0
t2101,0.0,0.0,0.0,0.0,0.0,0.0,0.0,0.0,0.0,34707.32119028145,0.0
t2102,0.0,0.0,0.0,0.0,0.0,0.0,0.0,0.0,0.0,55449.09607878447,0.0
t2103,0.0,0.0,0.0,0.0,0.0,0.0,0.0,0.0,0.0,76239.95395231692,0.0
t2104,0.0,0.0,0.0,0.0,0.0,0.0,0.0,0.0,0.0,99709.33482150054,0.0
t2105,0.0,0.0,0.0,0.0,0.0,0.0,0.0,0.0,0.0,123652.88449405544,0.0
t2106,0.0,0.0,0.0,0.0,0.0,0.0,0.0,0.0,0.0,139499.21387929076,5553.999646231122
t2107,0.0,0.0,0.0,0.0,0.0,0.0,0.0,0.0,0.0,139499.21387929076,13920.494546106316
t2108,0.0,0.0,0.0,0.0,0.0,0.0,0.0,0.0,0.0,139499.21387929076,0.0
t2109,0.0,0.0,0.0,0.0,0.0,0.0,0.0,0.0,0.0,120327.07113703643,0.0
t2110,0.0,0.0,0.0,0.0,0.0,0.0,0.0,0.0,0.0,103416.10495707607,0.0
t2111,0.0,0.0,0.0,0.0,0.0,0.0,0.0,0.0,0.0,86804.54611146363,0.0
t2112,0.0,0.0,0.0,0.0,0.0,0.0,0.0,0.0,0.0,78615.69165202997,0.0
t2113,0.0,0.0,0.0,0.0,0.0,0.0,0.0,0.0,0.0,72101.02281439056,0.0
t2114,0.0,0.0,0.0,0.0,0.0,0.0,0.0,0.0,0.0,66435.699600836,0.0
t2115,0.0,0.0,0.0,0.0,0.0,0.0,0.0,0.0,0.0,62087.63822534691,0.0
t2116,0.0,0.0,0.0,0.0,0.0,0.0,0.0,0.0,0.0,58376.35267905173,0.0
t2117,0.0,0.0,0.0,0.0,0.0,0.0,0.0,0.0,0.0,55057.47388535885,0.0
t2118,0.0,0.0,0.0,0.0,0.0,0.0,0.0,0.0,0.0,47318.598292415205,0.0
t2119,0.0,0.0,0.0,0.0,0.0,0.0,0.0,0.0,0.0,32829.58374793613,0.0
t2120,0.0,0.0,0.0,0.0,0.0,0.0,0.0,0.0,0.0,15631.458138679443,0.0
t2121,0.0,0.0,0.0,0.0,0.0,0.0,0.0,0.0,0.0,0.0,0.0
t2122,0.0,0.0,0.0,0.0,0.0,0.0,0.0,0.0,0.0,2056.695566872671,0.0
t2123,0.0,0.0,0.0,0.0,0.0,0.0,0.0,0.0,0.0,15947.904884619189,0.0
t2124,0.0,0.0,0.0,0.0,0.0,0.0,0.0,0.0,0.0,41674.01119207781,0.0
t2125,0.0,0.0,0.0,0.0,0.0,0.0,0.0,0.0,0.0,68263.01688970726,0.0
t2126,0.0,0.0,0.0,0.0,0.0,0.0,0.0,0.0,0.0,94895.41122954364,0.0
t2127,0.0,0.0,0.0,0.0,0.0,0.0,0.0,0.0,0.0,120897.38371303258,0.0
t2128,0.0,0.0,0.0,0.0,0.0,0.0,0.0,0.0,0.0,139499.21387929076,7454.567440932885
t2129,0.0,0.0,0.0,0.0,0.0,0.0,0.0,0.0,0.0,139499.21387929076,33531.96960636646
t2130,0.0,0.0,0.0,0.0,0.0,0.0,0.0,0.0,0.0,139499.21387929076,51763.36363608949
t2131,0.0,0.0,0.0,0.0,0.0,0.0,0.0,0.0,0.0,139499.21387929076,52279.97156545826
t2132,0.0,0.0,0.0,0.0,0.0,0.0,0.0,0.0,0.0,139499.21387929076,30867.41093719998
t2133,0.0,0.0,0.0,0.0,0.0,0.0,0.0,0.0,0.0,127822.4734093177,0.0
t2134,0.0,0.0,0.0,0.0,0.0,0.0,0.0,0.0,0.0,104423.52375147518,0.0
t2135,0.0,0.0,0.0,0.0,0.0,0.0,0.0,0.0,0.0,85010.03420924774,0.0
t2136,0.0,0.0,0.0,0.0,0.0,0.0,0.0,0.0,0.0,69618.09958265818,0.0
t2137,0.0,0.0,0.0,0.0,0.0,0.0,0.0,0.0,0.0,58125.1288653091,0.0
t2138,0.0,0.0,0.0,0.0,0.0,0.0,0.0,0.0,0.0,49691.61551007426,0.0
t2139,0.0,0.0,0.0,0.0,0.0,0.0,0.0,0.0,0.0,43940.40701516599,0.0
t2140,0.0,0.0,0.0,0.0,0.0,0.0,0.0,0.0,0.0,39241.51382558644,0.0
t2141,0.0,0.0,0.0,0.0,0.0,0.0,0.0,0.0,0.0,33973.37398119427,0.0
t2142,0.0,0.0,0.0,0.0,0.0,0.0,0.0,0.0,0.0,26828.339486077282,0.0
t2143,0.0,0.0,0.0,0.0,0.0,0.0,0.0,0.0,0.0,17193.12934066576,0.0
t2144,0.0,0.0,0.0,0.0,0.0,0.0,0.0,0.0,0.0,5605.389860121706,0.0
t2145,0.0,0.0,0.0,0.0,0.0,0.0,0.0,0.0,0.0,0.0,0.0
t2146,0.0,0.0,0.0,0.0,0.0,0.0,0.0,0.0,0.0,12119.395261362239,0.0
t2147,0.0,0.0,0.0,0.0,0.0,0.0,0.0,0.0,0.0,35933.219102439216,0.0
t2148,0.0,0.0,0.0,0.0,0.0,0.0,0.0,0.0,0.0,60110.0584807485,0.0
t2149,0.0,0.0,0.0,0.0,0.0,0.0,0.0,0.0,0.0,84677.74290356362,0.0
t2150,0.0,0.0,0.0,0.0,0.0,0.0,0.0,0.0,0.0,108303.12542958945,0.0
t2151,0.0,0.0,0.0,0.0,0.0,0.0,0.0,0.0,0.0,139499.21387929076,0.0
t2152,0.0,0.0,0.0,0.0,0.0,0.0,0.0,0.0,0.0,139499.21387929076,31790.26296779309
t2153,0.0,0.0,0.0,0.0,0.0,0.0,0.0,0.0,0.0,139499.21387929076,51997.33557158299
t2154,0.0,0.0,0.0,0.0,0.0,0.0,0.0,0.0,0.0,139499.21387929076,60994.23442217215
t2155,0.0,0.0,0.0,0.0,0.0,0.0,0.0,0.0,0.0,139499.21387929076,55849.4048977021
t2156,0.0,0.0,0.0,0.0,0.0,0.0,0.0,0.0,0.0,139499.21387929076,23925.120000280524
t2157,0.0,0.0,0.0,0.0,0.0,0.0,0.0,0.0,0.0,124162.03742866318,0.0
t2158,0.0,0.0,0.0,0.0,0.0,0.0,0.0,0.0,0.0,100825.44402781602,0.0
t2159,0.0,0.0,0.0,0.0,0.0,0.0,0.0,0.0,0.0,80632.68358892617,0.0
t2160,0.0,0.0,0.0,0.0,0.0,0.0,0.0,0.0,0.0,64062.3632788955,0.0
t2161,0.0,0.0,0.0,0.0,0.0,0.0,0.0,0.0,0.0,51839.685201525106,0.0
t2162,0.0,0.0,0.0,0.0,0.0,0.0,0.0,0.0,0.0,42370.06905166985,0.0
t2163,0.0,0.0,0.0,0.0,0.0,0.0,0.0,0.0,0.0,35085.349889038785,0.0
t2164,0.0,0.0,0.0,0.0,0.0,0.0,0.0,0.0,0.0,29330.972181243076,0.0
t2165,0.0,0.0,0.0,0.0,0.0,0.0,0.0,0.0,0.0,23715.57403069179,0.0
t2166,0.0,0.0,0.0,0.0,0.0,0.0,0.0,0.0,0.0,17080.68538051702,0.0
t2167,0.0,0.0,0.0,0.0,0.0,0.0,0.0,0.0,0.0,9091.436617751851,0.0
t2168,0.0,0.0,0.0,0.0,0.0,0.0,0.0,0.0,0.0,0.0,0.0
t2169,0.0,0.0,0.0,0.0,0.0,0.0,0.0,0.0,0.0,0.0,0.0
t2170,0.0,0.0,0.0,0.0,0.0,0.0,0.0,0.0,0.0,15134.179780991655,0.0
t2171,0.0,0.0,0.0,0.0,0.0,0.0,0.0,0.0,0.0,39590.3087337405,0.0
t2172,0.0,0.0,0.0,0.0,0.0,0.0,0.0,0.0,0.0,64281.625469890765,0.0
t2173,0.0,0.0,0.0,0.0,0.0,0.0,0.0,0.0,0.0,85974.21161969224,0.0
t2174,0.0,0.0,0.0,0.0,0.0,0.0,0.0,0.0,0.0,107414.3946870539,0.0
t2175,0.0,0.0,0.0,0.0,0.0,0.0,0.0,0.0,0.0,139499.21387929076,0.0
t2176,0.0,0.0,0.0,0.0,0.0,0.0,0.0,0.0,0.0,139499.21387929076,36553.56704353575
t2177,0.0,0.0,0.0,0.0,0.0,0.0,0.0,0.0,0.0,139499.21387929076,60244.54381759698
t2178,0.0,0.0,0.0,0.0,0.0,0.0,0.0,0.0,0.0,139499.21387929076,71008.78031748091
t2179,0.0,0.0,0.0,0.0,0.0,0.0,0.0,0.0,0.0,139499.21387929076,64306.772840039106
t2180,0.0,0.0,0.0,0.0,0.0,0.0,0.0,0.0,0.0,139499.21387929076,35523.11185772627
t2181,0.0,0.0,0.0,0.0,0.0,0.0,0.0,0.0,0.0,128803.57746459285,0.0
t2182,0.0,0.0,0.0,0.0,0.0,0.0,0.0,0.0,0.0,107093.28041327882,0.0
t2183,0.0,0.0,0.0,0.0,0.0,0.0,0.0,0.0,0.0,89378.88182143845,0.0
t2184,0.0,0.0,0.0,0.0,0.0,0.0,0.0,0.0,0.0,78477.00920323015,0.0
t2185,0.0,0.0,0.0,0.0,0.0,0.0,0.0,0.0,0.0,72320.83086044535,0.0
t2186,0.0,0.0,0.0,0.0,0.0,0.0,0.0,0.0,0.0,67730.07689426544,0.0
t2187,0.0,0.0,0.0,0.0,0.0,0.0,0.0,0.0,0.0,63131.5324583862,0.0
t2188,0.0,0.0,0.0,0.0,0.0,0.0,0.0,0.0,0.0,56774.86282097315,0.0
t2189,0.0,0.0,0.0,0.0,0.0,0.0,0.0,0.0,0.0,49247.137162545514,0.0
t2190,0.0,0.0,0.0,0.0,0.0,0.0,0.0,0.0,0.0,39017.74949320244,0.0
t2191,0.0,0.0,0.0,0.0,0.0,0.0,0.0,0.0,0.0,23076.929130251076,0.0
t2192,0.0,0.0,0.0,0.0,0.0,0.0,0.0,0.0,0.0,5530.888014494911,0.0
t2193,0.0,0.0,0.0,0.0,0.0,0.0,0.0,0.0,0.0,0.0,0.0
t2194,0.0,0.0,0.0,0.0,0.0,0.0,0.0,0.0,0.0,14301.607223745013,0.0
t2195,0.0,0.0,0.0,0.0,0.0,0.0,0.0,0.0,0.0,28041.150627689512,0.0
t2196,0.0,0.0,0.0,0.0,0.0,0.0,0.0,0.0,0.0,56756.54486673837,0.0
t2197,0.0,0.0,0.0,0.0,0.0,0.0,0.0,0.0,0.0,88841.36405897525,0.0
t2198,0.0,0.0,0.0,0.0,0.0,0.0,0.0,0.0,0.0,107414.3946870539,0.0
t2199,0.0,0.0,0.0,0.0,0.0,0.0,0.0,0.0,0.0,139499.21387929076,0.0
t2200,0.0,0.0,0.0,0.0,0.0,0.0,0.0,0.0,0.0,139499.21387929076,30667.827191628803
t2201,0.0,0.0,0.0,0.0,0.0,0.0,0.0,0.0,0.0,139499.21387929076,48369.64074988325
t2202,0.0,0.0,0.0,0.0,0.0,0.0,0.0,0.0,0.0,139499.21387929076,57711.441900718
t2203,0.0,0.0,0.0,0.0,0.0,0.0,0.0,0.0,0.0,139499.21387929076,56864.10124777401
t2204,0.0,0.0,0.0,0.0,0.0,0.0,0.0,0.0,0.0,139499.21387929076,37557.12565703175
t2205,0.0,0.0,0.0,0.0,0.0,0.0,0.0,0.0,0.0,130897.88928212808,0.0
t2206,0.0,0.0,0.0,0.0,0.0,0.0,0.0,0.0,0.0,110021.40268957056,0.0
t2207,0.0,0.0,0.0,0.0,0.0,0.0,0.0,0.0,0.0,93148.13694531683,0.0
t2208,0.0,0.0,0.0,0.0,0.0,0.0,0.0,0.0,0.0,82220.1619898857,0.0
t2209,0.0,0.0,0.0,0.0,0.0,0.0,0.0,0.0,0.0,73813.37704275032,0.0
t2210,0.0,0.0,0.0,0.0,0.0,0.0,0.0,0.0,0.0,67251.71691914547,0.0
t2211,0.0,0.0,0.0,0.0,0.0,0.0,0.0,0.0,0.0,60848.72155120561,0.0
t2212,0.0,0.0,0.0,0.0,0.0,0.0,0.0,0.0,0.0,55933.216018388775,0.0
t2213,0.0,0.0,0.0,0.0,0.0,0.0,0.0,0.0,0.0,50707.33177172736,0.0
t2214,0.0,0.0,0.0,0.0,0.0,0.0,0.0,0.0,0.0,41096.9954049518,0.0
t2215,0.0,0.0,0.0,0.0,0.0,0.0,0.0,0.0,0.0,26546.13537079663,0.0
t2216,0.0,0.0,0.0,0.0,0.0,0.0,0.0,0.0,0.0,10214.597069722522,0.0
t2217,0.0,0.0,0.0,0.0,0.0,0.0,0.0,0.0,0.0,1.8189894035458565e-12,0.0
t2218,0.0,0.0,0.0,0.0,0.0,0.0,0.0,0.0,0.0,9409.501746845806,0.0
t2219,0.0,0.0,0.0,0.0,0.0,0.0,0.0,0.0,0.0,27472.001883698325,0.0
t2220,0.0,0.0,0.0,0.0,0.0,0.0,0.0,0.0,0.0,51009.018546192514,0.0
t2221,0.0,0.0,0.0,0.0,0.0,0.0,0.0,0.0,0.0,73656.93728012811,0.0
t2222,0.0,0.0,0.0,0.0,0.0,0.0,0.0,0.0,0.0,95984.27094972806,0.0
t2223,0.0,0.0,0.0,0.0,0.0,0.0,0.0,0.0,0.0,116154.802041033,0.0
t2224,0.0,0.0,0.0,0.0,0.0,0.0,0.0,0.0,0.0,131509.8964776429,0.0
t2225,0.0,0.0,0.0,0.0,0.0,0.0,0.0,0.0,0.0,139499.21387929076,131.21167620399746
t2226,0.0,0.0,0.0,0.0,0.0,0.0,0.0,0.0,0.0,139499.21387929076,4451.5273177207355
t2227,0.0,0.0,0.0,0.0,0.0,0.0,0.0,0.0,0.0,139499.21387929076,0.0
t2228,0.0,0.0,0.0,0.0,0.0,0.0,0.0,0.0,0.0,123962.5050065706,0.0
t2229,0.0,0.0,0.0,0.0,0.0,0.0,0.0,0.0,0.0,101216.3052031733,0.0
t2230,0.0,0.0,0.0,0.0,0.0,0.0,0.0,0.0,0.0,79832.71449492697,0.0
t2231,0.0,0.0,0.0,0.0,0.0,0.0,0.0,0.0,0.0,62705.5185002785,0.0
t2232,0.0,0.0,0.0,0.0,0.0,0.0,0.0,0.0,0.0,50978.74668248551,0.0
t2233,0.0,0.0,0.0,0.0,0.0,0.0,0.0,0.0,0.0,43577.6944731224,0.0
t2234,0.0,0.0,0.0,0.0,0.0,0.0,0.0,0.0,0.0,38561.3283829306,0.0
t2235,0.0,0.0,0.0,0.0,0.0,0.0,0.0,0.0,0.0,35442.25262556169,0.0
t2236,0.0,0.0,0.0,0.0,0.0,0.0,0.0,0.0,0.0,33137.56027253871,0.0
t2237,0.0,0.0,0.0,0.0,0.0,0.0,0.0,0.0,0.0,30803.041528559424,0.0
t2238,0.0,0.0,0.0,0.0,0.0,0.0,0.0,0.0,0.0,26111.396176049006,0.0
t2239,0.0,0.0,0.0,0.0,0.0,0.0,0.0,0.0,0.0,14604.222912906005,0.0
t2240,0.0,0.0,0.0,0.0,0.0,0.0,0.0,0.0,0.0,0.0,0.0
t2241,0.0,0.0,0.0,0.0,0.0,0.0,0.0,0.0,0.0,0.0,0.0
t2242,0.0,0.0,0.0,0.0,0.0,0.0,0.0,0.0,0.0,14716.753429167973,0.0
t2243,0.0,0.0,0.0,0.0,0.0,0.0,0.0,0.0,0.0,39020.004416899086,0.0
t2244,0.0,0.0,0.0,0.0,0.0,0.0,0.0,0.0,0.0,45966.558719259854,0.0
t2245,0.0,0.0,0.0,0.0,0.0,0.0,0.0,0.0,0.0,78051.37791149673,0.0
t2246,0.0,0.0,0.0,0.0,0.0,0.0,0.0,0.0,0.0,109603.55193425102,0.0
t2247,0.0,0.0,0.0,0.0,0.0,0.0,0.0,0.0,0.0,139499.21387929076,0.0
t2248,0.0,0.0,0.0,0.0,0.0,0.0,0.0,0.0,0.0,139499.21387929076,32884.40027707437
t2249,0.0,0.0,0.0,0.0,0.0,0.0,0.0,0.0,0.0,139499.21387929076,54074.06927068072
t2250,0.0,0.0,0.0,0.0,0.0,0.0,0.0,0.0,0.0,139499.21387929076,64520.87597004138
t2251,0.0,0.0,0.0,0.0,0.0,0.0,0.0,0.0,0.0,139499.21387929076,59406.332151246745
t2252,0.0,0.0,0.0,0.0,0.0,0.0,0.0,0.0,0.0,139499.21387929076,33059.18623600377
t2253,0.0,0.0,0.0,0.0,0.0,0.0,0.0,0.0,0.0,124911.08511093666,0.0
t2254,0.0,0.0,0.0,0.0,0.0,0.0,0.0,0.0,0.0,101517.64523182975,0.0
t2255,0.0,0.0,0.0,0.0,0.0,0.0,0.0,0.0,0.0,84040.88337214293,0.0
t2256,0.0,0.0,0.0,0.0,0.0,0.0,0.0,0.0,0.0,71931.83454113366,0.0
t2257,0.0,0.0,0.0,0.0,0.0,0.0,0.0,0.0,0.0,62945.44547128822,0.0
t2258,0.0,0.0,0.0,0.0,0.0,0.0,0.0,0.0,0.0,56677.18240197431,0.0
t2259,0.0,0.0,0.0,0.0,0.0,0.0,0.0,0.0,0.0,50701.33692976356,0.0
t2260,0.0,0.0,0.0,0.0,0.0,0.0,0.0,0.0,0.0,45433.32294726067,0.0
t2261,0.0,0.0,0.0,0.0,0.0,0.0,0.0,0.0,0.0,40136.87968915079,0.0
t2262,0.0,0.0,0.0,0.0,0.0,0.0,0.0,0.0,0.0,31993.567834323763,0.0
t2263,0.0,0.0,0.0,0.0,0.0,0.0,0.0,0.0,0.0,17571.73301561579,0.0
t2264,0.0,0.0,0.0,0.0,0.0,0.0,0.0,0.0,0.0,1060.990556180881,0.0
t2265,0.0,0.0,0.0,0.0,0.0,0.0,0.0,0.0,0.0,0.0,0.0
t2266,0.0,0.0,0.0,0.0,0.0,0.0,0.0,0.0,0.0,15245.525647910428,0.0
t2267,0.0,0.0,0.0,0.0,0.0,0.0,0.0,0.0,0.0,41468.54501812495,0.0
t2268,0.0,0.0,0.0,0.0,0.0,0.0,0.0,0.0,0.0,57432.385226464874,0.0
t2269,0.0,0.0,0.0,0.0,0.0,0.0,0.0,0.0,0.0,87266.83982602037,0.0
t2270,0.0,0.0,0.0,0.0,0.0,0.0,0.0,0.0,0.0,115004.77611000255,0.0
t2271,0.0,0.0,0.0,0.0,0.0,0.0,0.0,0.0,0.0,139499.21387929076,0.0
t2272,0.0,0.0,0.0,0.0,0.0,0.0,0.0,0.0,0.0,139499.21387929076,29978.648678223984
t2273,0.0,0.0,0.0,0.0,0.0,0.0,0.0,0.0,0.0,139499.21387929076,50624.38099968634
t2274,0.0,0.0,0.0,0.0,0.0,0.0,0.0,0.0,0.0,139499.21387929076,61627.390735230845
t2275,0.0,0.0,0.0,0.0,0.0,0.0,0.0,0.0,0.0,139499.21387929076,57938.02797664495
t2276,0.0,0.0,0.0,0.0,0.0,0.0,0.0,0.0,0.0,139499.21387929076,31913.949262845894
t2277,0.0,0.0,0.0,0.0,0.0,0.0,0.0,0.0,0.0,125457.68898089722,0.0
t2278,0.0,0.0,0.0,0.0,0.0,0.0,0.0,0.0,0.0,101287.12972720756,0.0
t2279,0.0,0.0,0.0,0.0,0.0,0.0,0.0,0.0,0.0,80979.06238888999,0.0
t2280,0.0,0.0,0.0,0.0,0.0,0.0,0.0,0.0,0.0,65786.28435839422,0.0
t2281,0.0,0.0,0.0,0.0,0.0,0.0,0.0,0.0,0.0,54698.10640254742,0.0
t2282,0.0,0.0,0.0,0.0,0.0,0.0,0.0,0.0,0.0,45653.041800228064,0.0
t2283,0.0,0.0,0.0,0.0,0.0,0.0,0.0,0.0,0.0,38820.30422949071,0.0
t2284,0.0,0.0,0.0,0.0,0.0,0.0,0.0,0.0,0.0,34522.69032278554,0.0
t2285,0.0,0.0,0.0,0.0,0.0,0.0,0.0,0.0,0.0,29832.654575724253,0.0
t2286,0.0,0.0,0.0,0.0,0.0,0.0,0.0,0.0,0.0,22937.087196029293,0.0
t2287,0.0,0.0,0.0,0.0,0.0,0.0,0.0,0.0,0.0,12404.800815904053,0.0
t2288,0.0,0.0,0.0,0.0,0.0,0.0,0.0,0.0,0.0,528.3316542331808,0.0
t2289,0.0,0.0,0.0,0.0,0.0,0.0,0.0,0.0,0.0,0.0,0.0
t2290,0.0,0.0,0.0,0.0,0.0,0.0,0.0,0.0,0.0,15957.168295328134,0.0
t2291,0.0,0.0,0.0,0.0,0.0,0.0,0.0,0.0,0.0,42876.30662552462,0.0
t2292,0.0,0.0,0.0,0.0,0.0,0.0,0.0,0.0,0.0,67883.47490112102,0.0
t2293,0.0,0.0,0.0,0.0,0.0,0.0,0.0,0.0,0.0,93602.01363343447,0.0
t2294,0.0,0.0,0.0,0.0,0.0,0.0,0.0,0.0,0.0,116400.66860503698,0.0
t2295,0.0,0.0,0.0,0.0,0.0,0.0,0.0,0.0,0.0,139499.21387929076,0.0
t2296,0.0,0.0,0.0,0.0,0.0,0.0,0.0,0.0,0.0,139499.21387929076,28008.207009295314
t2297,0.0,0.0,0.0,0.0,0.0,0.0,0.0,0.0,0.0,139499.21387929076,48206.862386598405
t2298,0.0,0.0,0.0,0.0,0.0,0.0,0.0,0.0,0.0,139499.21387929076,55527.42426683581
t2299,0.0,0.0,0.0,0.0,0.0,0.0,0.0,0.0,0.0,139499.21387929076,48601.1436909508
t2300,0.0,0.0,0.0,0.0,0.0,0.0,0.0,0.0,0.0,139499.21387929076,10042.625057508252
t2301,0.0,0.0,0.0,0.0,0.0,0.0,0.0,0.0,0.0,120012.29869391321,0.0
t2302,0.0,0.0,0.0,0.0,0.0,0.0,0.0,0.0,0.0,99075.18083648576,0.0
t2303,0.0,0.0,0.0,0.0,0.0,0.0,0.0,0.0,0.0,81479.00278004288,0.0
t2304,0.0,0.0,0.0,0.0,0.0,0.0,0.0,0.0,0.0,66360.59646154087,0.0
t2305,0.0,0.0,0.0,0.0,0.0,0.0,0.0,0.0,0.0,54062.094613263456,0.0
t2306,0.0,0.0,0.0,0.0,0.0,0.0,0.0,0.0,0.0,44302.35268992578,0.0
t2307,0.0,0.0,0.0,0.0,0.0,0.0,0.0,0.0,0.0,36884.7192863656,0.0
t2308,0.0,0.0,0.0,0.0,0.0,0.0,0.0,0.0,0.0,30132.908143510474,0.0
t2309,0.0,0.0,0.0,0.0,0.0,0.0,0.0,0.0,0.0,23875.36118397149,0.0
t2310,0.0,0.0,0.0,0.0,0.0,0.0,0.0,0.0,0.0,17239.62563188537,0.0
t2311,0.0,0.0,0.0,0.0,0.0,0.0,0.0,0.0,0.0,8857.795119025226,0.0
t2312,0.0,0.0,0.0,0.0,0.0,0.0,0.0,0.0,0.0,315.23083073212746,0.0
t2313,0.0,0.0,0.0,0.0,0.0,0.0,0.0,0.0,0.0,0.0,0.0
t2314,0.0,0.0,0.0,0.0,0.0,0.0,0.0,0.0,0.0,20253.58844204093,0.0
t2315,0.0,0.0,0.0,0.0,0.0,0.0,0.0,0.0,0.0,35440.875683639046,0.0
t2316,0.0,0.0,0.0,0.0,0.0,0.0,0.0,0.0,0.0,65997.07286075021,0.0
t2317,0.0,0.0,0.0,0.0,0.0,0.0,0.0,0.0,0.0,95708.21165188093,0.0
t2318,0.0,0.0,0.0,0.0,0.0,0.0,0.0,0.0,0.0,111638.86792176156,0.0
t2319,0.0,0.0,0.0,0.0,0.0,0.0,0.0,0.0,0.0,139499.21387929076,0.0
t2320,0.0,0.0,0.0,0.0,0.0,0.0,0.0,0.0,0.0,139499.21387929076,31362.810088055117
t2321,0.0,0.0,0.0,0.0,0.0,0.0,0.0,0.0,0.0,139499.21387929076,49102.11863913463
t2322,0.0,0.0,0.0,0.0,0.0,0.0,0.0,0.0,0.0,139499.21387929076,57452.59057766758
t2323,0.0,0.0,0.0,0.0,0.0,0.0,0.0,0.0,0.0,139499.21387929076,45959.6159266297
t2324,0.0,0.0,0.0,0.0,0.0,0.0,0.0,0.0,0.0,139499.21387929076,12128.3772977966
t2325,0.0,0.0,0.0,0.0,0.0,0.0,0.0,0.0,0.0,121336.95519833689,0.0
t2326,0.0,0.0,0.0,0.0,0.0,0.0,0.0,0.0,0.0,101180.17365092864,0.0
t2327,0.0,0.0,0.0,0.0,0.0,0.0,0.0,0.0,0.0,84463.30810024895,0.0
t2328,0.0,0.0,0.0,0.0,0.0,0.0,0.0,0.0,0.0,71598.45329857105,0.0
t2329,0.0,0.0,0.0,0.0,0.0,0.0,0.0,0.0,0.0,60740.251422054396,0.0
t2330,0.0,0.0,0.0,0.0,0.0,0.0,0.0,0.0,0.0,51311.0289420309,0.0
t2331,0.0,0.0,0.0,0.0,0.0,0.0,0.0,0.0,0.0,43380.76124649546,0.0
t2332,0.0,0.0,0.0,0.0,0.0,0.0,0.0,0.0,0.0,36804.407714938425,0.0
t2333,0.0,0.0,0.0,0.0,0.0,0.0,0.0,0.0,0.0,30481.19435091603,0.0
t2334,0.0,0.0,0.0,0.0,0.0,0.0,0.0,0.0,0.0,23874.8453013596,0.0
t2335,0.0,0.0,0.0,0.0,0.0,0.0,0.0,0.0,0.0,16127.146640715619,0.0
t2336,0.0,0.0,0.0,0.0,0.0,0.0,0.0,0.0,0.0,7167.753192147655,0.0
t2337,0.0,0.0,0.0,0.0,0.0,0.0,0.0,0.0,0.0,0.0,0.0
t2338,0.0,0.0,0.0,0.0,0.0,0.0,0.0,0.0,0.0,0.0,0.0
t2339,0.0,0.0,0.0,0.0,0.0,0.0,0.0,0.0,0.0,23367.484597006653,0.0
t2340,0.0,0.0,0.0,0.0,0.0,0.0,0.0,0.0,0.0,54035.224378474675,0.0
t2341,0.0,0.0,0.0,0.0,0.0,0.0,0.0,0.0,0.0,85731.37717986525,0.0
t2342,0.0,0.0,0.0,0.0,0.0,0.0,0.0,0.0,0.0,117816.19637210213,0.0
t2343,0.0,0.0,0.0,0.0,0.0,0.0,0.0,0.0,0.0,132250.59444746177,0.0
t2344,0.0,0.0,0.0,0.0,0.0,0.0,0.0,0.0,0.0,139499.21387929076,27043.424437663245
t2345,0.0,0.0,0.0,0.0,0.0,0.0,0.0,0.0,0.0,139499.21387929076,53674.536963172104
t2346,0.0,0.0,0.0,0.0,0.0,0.0,0.0,0.0,0.0,139499.21387929076,66840.2874175324
t2347,0.0,0.0,0.0,0.0,0.0,0.0,0.0,0.0,0.0,139499.21387929076,66622.4566986026
t2348,0.0,0.0,0.0,0.0,0.0,0.0,0.0,0.0,0.0,139499.21387929076,49288.931127504045
t2349,0.0,0.0,0.0,0.0,0.0,0.0,0.0,0.0,0.0,139499.21387929076,0.0
t2350,0.0,0.0,0.0,0.0,0.0,0.0,0.0,0.0,0.0,120862.42602183564,0.0
t2351,0.0,0.0,0.0,0.0,0.0,0.0,0.0,0.0,0.0,105104.29583654397,0.0
t2352,0.0,0.0,0.0,0.0,0.0,0.0,0.0,0.0,0.0,92628.54450834547,0.0
t2353,0.0,0.0,0.0,0.0,0.0,0.0,0.0,0.0,0.0,83032.86305541353,0.0
t2354,0.0,0.0,0.0,0.0,0.0,0.0,0.0,0.0,0.0,74920.98214793099,0.0
t2355,0.0,0.0,0.0,0.0,0.0,0.0,0.0,0.0,0.0,67806.12315545353,0.0
t2356,0.0,0.0,0.0,0.0,0.0,0.0,0.0,0.0,0.0,60580.98437940556,0.0
t2357,0.0,0.0,0.0,0.0,0.0,0.0,0.0,0.0,0.0,52380.273350214295,0.0
t2358,0.0,0.0,0.0,0.0,0.0,0.0,0.0,0.0,0.0,41402.00597213386,0.0
t2359,0.0,0.0,0.0,0.0,0.0,0.0,0.0,0.0,0.0,25433.810310821445,0.0
t2360,0.0,0.0,0.0,0.0,0.0,0.0,0.0,0.0,0.0,7262.690952528017,0.0
t2361,0.0,0.0,0.0,0.0,0.0,0.0,0.0,0.0,0.0,0.0,0.0
t2362,0.0,0.0,0.0,0.0,0.0,0.0,0.0,0.0,0.0,4056.402975182356,0.0
t2363,0.0,0.0,0.0,0.0,0.0,0.0,0.0,0.0,0.0,15370.197539754809,0.0
t2364,0.0,0.0,0.0,0.0,0.0,0.0,0.0,0.0,0.0,36133.69082679726,0.0
t2365,0.0,0.0,0.0,0.0,0.0,0.0,0.0,0.0,0.0,59224.812236973696,0.0
t2366,0.0,0.0,0.0,0.0,0.0,0.0,0.0,0.0,0.0,78451.96765830115,0.0
t2367,0.0,0.0,0.0,0.0,0.0,0.0,0.0,0.0,0.0,101508.51517260353,0.0
t2368,0.0,0.0,0.0,0.0,0.0,0.0,0.0,0.0,0.0,124158.64223444444,0.0
t2369,0.0,0.0,0.0,0.0,0.0,0.0,0.0,0.0,0.0,139499.21387929076,152.67877465539235
t2370,0.0,0.0,0.0,0.0,0.0,0.0,0.0,0.0,0.0,139499.21387929076,10139.521076582794
t2371,0.0,0.0,0.0,0.0,0.0,0.0,0.0,0.0,0.0,139499.21387929076,10950.598874419624
t2372,0.0,0.0,0.0,0.0,0.0,0.0,0.0,0.0,0.0,138950.46584861382,0.0
t2373,0.0,0.0,0.0,0.0,0.0,0.0,0.0,0.0,0.0,116389.35636488722,0.0
t2374,0.0,0.0,0.0,0.0,0.0,0.0,0.0,0.0,0.0,94658.7739100407,0.0
t2375,0.0,0.0,0.0,0.0,0.0,0.0,0.0,0.0,0.0,77746.36796098729,0.0
t2376,0.0,0.0,0.0,0.0,0.0,0.0,0.0,0.0,0.0,66986.12680022494,0.0
t2377,0.0,0.0,0.0,0.0,0.0,0.0,0.0,0.0,0.0,59233.81253719284,0.0
t2378,0.0,0.0,0.0,0.0,0.0,0.0,0.0,0.0,0.0,54214.94095677133,0.0
t2379,0.0,0.0,0.0,0.0,0.0,0.0,0.0,0.0,0.0,49996.623019487655,0.0
t2380,0.0,0.0,0.0,0.0,0.0,0.0,0.0,0.0,0.0,45902.84404583817,0.0
t2381,0.0,0.0,0.0,0.0,0.0,0.0,0.0,0.0,0.0,41773.34322275849,0.0
t2382,0.0,0.0,0.0,0.0,0.0,0.0,0.0,0.0,0.0,34927.387534815156,0.0
t2383,0.0,0.0,0.0,0.0,0.0,0.0,0.0,0.0,0.0,22750.17536380815,0.0
t2384,0.0,0.0,0.0,0.0,0.0,0.0,0.0,0.0,0.0,9233.688564483027,0.0
t2385,0.0,0.0,0.0,0.0,0.0,0.0,0.0,0.0,0.0,0.0,0.0
t2386,0.0,0.0,0.0,0.0,0.0,0.0,0.0,0.0,0.0,5612.050204329364,0.0
t2387,0.0,0.0,0.0,0.0,0.0,0.0,0.0,0.0,0.0,27864.187931741966,0.0
t2388,0.0,0.0,0.0,0.0,0.0,0.0,0.0,0.0,0.0,56121.215432426296,0.0
t2389,0.0,0.0,0.0,0.0,0.0,0.0,0.0,0.0,0.0,84406.0200534674,0.0
t2390,0.0,0.0,0.0,0.0,0.0,0.0,0.0,0.0,0.0,111554.13279759118,0.0
t2391,0.0,0.0,0.0,0.0,0.0,0.0,0.0,0.0,0.0,137458.09155009664,0.0
t2392,0.0,0.0,0.0,0.0,0.0,0.0,0.0,0.0,0.0,139499.21387929076,22107.92877727357
t2393,0.0,0.0,0.0,0.0,0.0,0.0,0.0,0.0,0.0,139499.21387929076,35139.221606486855
t2394,0.0,0.0,0.0,0.0,0.0,0.0,0.0,0.0,0.0,139499.21387929076,40593.22108491719
t2395,0.0,0.0,0.0,0.0,0.0,0.0,0.0,0.0,0.0,139499.21387929076,31599.980886214566
t2396,0.0,0.0,0.0,0.0,0.0,0.0,0.0,0.0,0.0,139499.21387929076,4361.157857355553
t2397,0.0,0.0,0.0,0.0,0.0,0.0,0.0,0.0,0.0,115365.06248708544,0.0
t2398,0.0,0.0,0.0,0.0,0.0,0.0,0.0,0.0,0.0,91034.1357540765,0.0
t2399,0.0,0.0,0.0,0.0,0.0,0.0,0.0,0.0,0.0,72128.985458261,0.0
t2400,0.0,0.0,0.0,0.0,0.0,0.0,0.0,0.0,0.0,58803.91100071354,0.0
t2401,0.0,0.0,0.0,0.0,0.0,0.0,0.0,0.0,0.0,50912.70412363345,0.0
t2402,0.0,0.0,0.0,0.0,0.0,0.0,0.0,0.0,0.0,45818.7752928728,0.0
t2403,0.0,0.0,0.0,0.0,0.0,0.0,0.0,0.0,0.0,42645.23970346047,0.0
t2404,0.0,0.0,0.0,0.0,0.0,0.0,0.0,0.0,0.0,38994.46912898809,0.0
t2405,0.0,0.0,0.0,0.0,0.0,0.0,0.0,0.0,0.0,34274.16595338177,0.0
t2406,0.0,0.0,0.0,0.0,0.0,0.0,0.0,0.0,0.0,26955.29603163383,0.0
t2407,0.0,0.0,0.0,0.0,0.0,0.0,0.0,0.0,0.0,14264.895046253596,0.0
t2408,0.0,0.0,0.0,0.0,0.0,0.0,0.0,0.0,0.0,0.0,0.0
t2409,0.0,0.0,0.0,0.0,0.0,0.0,0.0,0.0,0.0,0.0,0.0
t2410,0.0,0.0,0.0,0.0,0.0,0.0,0.0,0.0,0.0,12987.881598207456,0.0
t2411,0.0,0.0,0.0,0.0,0.0,0.0,0.0,0.0,0.0,35636.40234855549,0.0
t2412,0.0,0.0,0.0,0.0,0.0,0.0,0.0,0.0,0.0,60946.86596528761,0.0
t2413,0.0,0.0,0.0,0.0,0.0,0.0,0.0,0.0,0.0,86640.15147008607,0.0
t2414,0.0,0.0,0.0,0.0,0.0,0.0,0.0,0.0,0.0,112332.1138538409,0.0
t2415,0.0,0.0,0.0,0.0,0.0,0.0,0.0,0.0,0.0,139499.21387929076,0.0
t2416,0.0,0.0,0.0,0.0,0.0,0.0,0.0,0.0,0.0,139499.21387929076,24703.745566610196
t2417,0.0,0.0,0.0,0.0,0.0,0.0,0.0,0.0,0.0,139499.21387929076,42452.05366764609
t2418,0.0,0.0,0.0,0.0,0.0,0.0,0.0,0.0,0.0,139499.21387929076,52892.71105590918
t2419,0.0,0.0,0.0,0.0,0.0,0.0,0.0,0.0,0.0,139499.21387929076,47923.81616132493
t2420,0.0,0.0,0.0,0.0,0.0,0.0,0.0,0.0,0.0,139499.21387929076,12711.028304385238
t2421,0.0,0.0,0.0,0.0,0.0,0.0,0.0,0.0,0.0,121417.97824324154,0.0
t2422,0.0,0.0,0.0,0.0,0.0,0.0,0.0,0.0,0.0,98349.2502385498,0.0
t2423,0.0,0.0,0.0,0.0,0.0,0.0,0.0,0.0,0.0,80697.74160991254,0.0
t2424,0.0,0.0,0.0,0.0,0.0,0.0,0.0,0.0,0.0,70649.7535044065,0.0
t2425,0.0,0.0,0.0,0.0,0.0,0.0,0.0,0.0,0.0,62652.67618387579,0.0
t2426,0.0,0.0,0.0,0.0,0.0,0.0,0.0,0.0,0.0,55938.39033179157,0.0
t2427,0.0,0.0,0.0,0.0,0.0,0.0,0.0,0.0,0.0,51128.678261600995,0.0
t2428,0.0,0.0,0.0,0.0,0.0,0.0,0.0,0.0,0.0,46305.064153184205,0.0
t2429,0.0,0.0,0.0,0.0,0.0,0.0,0.0,0.0,0.0,39976.15629394326,0.0
t2430,0.0,0.0,0.0,0.0,0.0,0.0,0.0,0.0,0.0,32185.575779035447,0.0
t2431,0.0,0.0,0.0,0.0,0.0,0.0,0.0,0.0,0.0,22371.469981249953,0.0
t2432,0.0,0.0,0.0,0.0,0.0,0.0,0.0,0.0,0.0,9382.261370438073,0.0
t2433,0.0,0.0,0.0,0.0,0.0,0.0,0.0,0.0,0.0,0.0,0.0
t2434,0.0,0.0,0.0,0.0,0.0,0.0,0.0,0.0,0.0,0.0,0.0
t2435,0.0,0.0,0.0,0.0,0.0,0.0,0.0,0.0,0.0,0.0,0.0
t2436,0.0,0.0,0.0,0.0,0.0,0.0,0.0,0.0,0.0,20458.56289311129,0.0
t2437,0.0,0.0,0.0,0.0,0.0,0.0,0.0,0.0,0.0,47490.232073773695,0.0
t2438,0.0,0.0,0.0,0.0,0.0,0.0,0.0,0.0,0.0,75693.56775481906,0.0
t2439,0.0,0.0,0.0,0.0,0.0,0.0,0.0,0.0,0.0,103158.99693448654,0.0
t2440,0.0,0.0,0.0,0.0,0.0,0.0,0.0,0.0,0.0,130959.4183125484,0.0
t2441,0.0,0.0,0.0,0.0,0.0,0.0,0.0,0.0,0.0,139499.21387929076,16158.381311593874
t2442,0.0,0.0,0.0,0.0,0.0,0.0,0.0,0.0,0.0,139499.21387929076,32512.912477568898
t2443,0.0,0.0,0.0,0.0,0.0,0.0,0.0,0.0,0.0,139499.21387929076,36929.43886560705
t2444,0.0,0.0,0.0,0.0,0.0,0.0,0.0,0.0,0.0,139499.21387929076,15606.255196917346
t2445,0.0,0.0,0.0,0.0,0.0,0.0,0.0,0.0,0.0,121361.0652386449,0.0
t2446,0.0,0.0,0.0,0.0,0.0,0.0,0.0,0.0,0.0,97980.78738019687,0.0
t2447,0.0,0.0,0.0,0.0,0.0,0.0,0.0,0.0,0.0,77942.5415212553,0.0
t2448,0.0,0.0,0.0,0.0,0.0,0.0,0.0,0.0,0.0,64960.96267648165,0.0
t2449,0.0,0.0,0.0,0.0,0.0,0.0,0.0,0.0,0.0,57154.36314145342,0.0
t2450,0.0,0.0,0.0,0.0,0.0,0.0,0.0,0.0,0.0,53863.50870861269,0.0
t2451,0.0,0.0,0.0,0.0,0.0,0.0,0.0,0.0,0.0,52998.97947460384,0.0
t2452,0.0,0.0,0.0,0.0,0.0,0.0,0.0,0.0,0.0,52589.29452055551,0.0
t2453,0.0,0.0,0.0,0.0,0.0,0.0,0.0,0.0,0.0,50908.86650557055,0.0
t2454,0.0,0.0,0.0,0.0,0.0,0.0,0.0,0.0,0.0,43634.991764471466,0.0
t2455,0.0,0.0,0.0,0.0,0.0,0.0,0.0,0.0,0.0,30012.679383012466,0.0
t2456,0.0,0.0,0.0,0.0,0.0,0.0,0.0,0.0,0.0,14035.838482921281,0.0
t2457,0.0,0.0,0.0,0.0,0.0,0.0,0.0,0.0,0.0,0.0,0.0
t2458,0.0,0.0,0.0,0.0,0.0,0.0,0.0,0.0,0.0,0.0,0.0
t2459,0.0,0.0,0.0,0.0,0.0,0.0,0.0,0.0,0.0,0.0,0.0
t2460,0.0,0.0,0.0,0.0,0.0,0.0,0.0,0.0,0.0,0.0,0.0
t2461,0.0,0.0,0.0,0.0,0.0,0.0,0.0,0.0,0.0,7510.3801194647085,0.0
t2462,0.0,0.0,0.0,0.0,0.0,0.0,0.0,0.0,0.0,34867.41353025466,0.0
t2463,0.0,0.0,0.0,0.0,0.0,0.0,0.0,0.0,0.0,53934.15903439494,0.0
t2464,0.0,0.0,0.0,0.0,0.0,0.0,0.0,0.0,0.0,79617.45682501954,0.0
t2465,0.0,0.0,0.0,0.0,0.0,0.0,0.0,0.0,0.0,100635.1114451111,0.0
t2466,0.0,0.0,0.0,0.0,0.0,0.0,0.0,0.0,0.0,114767.1460830236,0.0
t2467,0.0,0.0,0.0,0.0,0.0,0.0,0.0,0.0,0.0,123629.78041919584,0.0
t2468,0.0,0.0,0.0,0.0,0.0,0.0,0.0,0.0,0.0,118645.17779431789,0.0
t2469,0.0,0.0,0.0,0.0,0.0,0.0,0.0,0.0,0.0,95941.34935898399,0.0
t2470,0.0,0.0,0.0,0.0,0.0,0.0,0.0,0.0,0.0,73182.15137355616,0.0
t2471,0.0,0.0,0.0,0.0,0.0,0.0,0.0,0.0,0.0,53414.45911875422,0.0
t2472,0.0,0.0,0.0,0.0,0.0,0.0,0.0,0.0,0.0,39568.63934342173,0.0
t2473,0.0,0.0,0.0,0.0,0.0,0.0,0.0,0.0,0.0,30854.766565577098,0.0
t2474,0.0,0.0,0.0,0.0,0.0,0.0,0.0,0.0,0.0,25743.041047519968,0.0
t2475,0.0,0.0,0.0,0.0,0.0,0.0,0.0,0.0,0.0,22601.96174037448,0.0
t2476,0.0,0.0,0.0,0.0,0.0,0.0,0.0,0.0,0.0,20039.892726231097,0.0
t2477,0.0,0.0,0.0,0.0,0.0,0.0,0.0,0.0,0.0,16691.269955948188,0.0
t2478,0.0,0.0,0.0,0.0,0.0,0.0,0.0,0.0,0.0,12975.599377403707,0.0
t2479,0.0,0.0,0.0,0.0,0.0,0.0,0.0,0.0,0.0,7525.989301874417,0.0
t2480,0.0,0.0,0.0,0.0,0.0,0.0,0.0,0.0,0.0,0.0,0.0
t2481,0.0,0.0,0.0,0.0,0.0,0.0,0.0,0.0,0.0,0.0,0.0
t2482,0.0,0.0,0.0,0.0,0.0,0.0,0.0,0.0,0.0,0.0,0.0
t2483,0.0,0.0,0.0,0.0,0.0,0.0,0.0,0.0,0.0,7133.722675607911,0.0
t2484,0.0,0.0,0.0,0.0,0.0,0.0,0.0,0.0,0.0,25052.588919960126,0.0
t2485,0.0,0.0,0.0,0.0,0.0,0.0,0.0,0.0,0.0,47478.08162484015,0.0
t2486,0.0,0.0,0.0,0.0,0.0,0.0,0.0,0.0,0.0,59669.37523271756,0.0
t2487,0.0,0.0,0.0,0.0,0.0,0.0,0.0,0.0,0.0,70949.31508699819,0.0
t2488,0.0,0.0,0.0,0.0,0.0,0.0,0.0,0.0,0.0,82617.21695893497,0.0
t2489,0.0,0.0,0.0,0.0,0.0,0.0,0.0,0.0,0.0,92405.52112610643,0.0
t2490,0.0,0.0,0.0,0.0,0.0,0.0,0.0,0.0,0.0,108069.41122155178,0.0
t2491,0.0,0.0,0.0,0.0,0.0,0.0,0.0,0.0,0.0,108069.41122155178,0.0
t2492,0.0,0.0,0.0,0.0,0.0,0.0,0.0,0.0,0.0,107738.50698144737,0.0
t2493,0.0,0.0,0.0,0.0,0.0,0.0,0.0,0.0,0.0,88681.80715689731,0.0
t2494,0.0,0.0,0.0,0.0,0.0,0.0,0.0,0.0,0.0,71049.9869908173,0.0
t2495,0.0,0.0,0.0,0.0,0.0,0.0,0.0,0.0,0.0,56347.74656963232,0.0
t2496,0.0,0.0,0.0,0.0,0.0,0.0,0.0,0.0,0.0,45394.4974319451,0.0
t2497,0.0,0.0,0.0,0.0,0.0,0.0,0.0,0.0,0.0,38614.32735077772,0.0
t2498,0.0,0.0,0.0,0.0,0.0,0.0,0.0,0.0,0.0,34316.901394546265,0.0
t2499,0.0,0.0,0.0,0.0,0.0,0.0,0.0,0.0,0.0,31580.341841781184,0.0
t2500,0.0,0.0,0.0,0.0,0.0,0.0,0.0,0.0,0.0,30117.951103308067,0.0
t2501,0.0,0.0,0.0,0.0,0.0,0.0,0.0,0.0,0.0,28670.494250567677,0.0
t2502,0.0,0.0,0.0,0.0,0.0,0.0,0.0,0.0,0.0,26331.458669182015,0.0
t2503,0.0,0.0,0.0,0.0,0.0,0.0,0.0,0.0,0.0,22429.358198279613,0.0
t2504,0.0,0.0,0.0,0.0,0.0,0.0,0.0,0.0,0.0,17290.29172038504,0.0
t2505,0.0,0.0,0.0,0.0,0.0,0.0,0.0,0.0,0.0,16619.08082537434,0.0
t2506,0.0,0.0,0.0,0.0,0.0,0.0,0.0,0.0,0.0,16619.08082537434,0.0
t2507,0.0,0.0,0.0,0.0,0.0,0.0,0.0,0.0,0.0,22036.263828567575,0.0
t2508,0.0,0.0,0.0,0.0,0.0,0.0,0.0,0.0,0.0,45625.77466712157,0.0
t2509,0.0,0.0,0.0,0.0,0.0,0.0,0.0,0.0,0.0,58136.3847878798,0.0
t2510,0.0,0.0,0.0,0.0,0.0,0.0,0.0,0.0,0.0,88123.07775451348,0.0
t2511,0.0,0.0,0.0,0.0,0.0,0.0,0.0,0.0,0.0,107414.3946870539,0.0
t2512,0.0,0.0,0.0,0.0,0.0,0.0,0.0,0.0,0.0,139499.21387929076,0.0
t2513,0.0,0.0,0.0,0.0,0.0,0.0,0.0,0.0,0.0,139499.21387929076,36431.89512137128
t2514,0.0,0.0,0.0,0.0,0.0,0.0,0.0,0.0,0.0,139499.21387929076,58376.369157040026
t2515,0.0,0.0,0.0,0.0,0.0,0.0,0.0,0.0,0.0,139499.21387929076,66086.53263359098
t2516,0.0,0.0,0.0,0.0,0.0,0.0,0.0,0.0,0.0,139499.21387929076,54145.10761737128
t2517,0.0,0.0,0.0,0.0,0.0,0.0,0.0,0.0,0.0,139499.21387929076,3028.5832058959277
t2518,0.0,0.0,0.0,0.0,0.0,0.0,0.0,0.0,0.0,121758.06478200326,0.0
t2519,0.0,0.0,0.0,0.0,0.0,0.0,0.0,0.0,0.0,106558.03774088569,0.0
t2520,0.0,0.0,0.0,0.0,0.0,0.0,0.0,0.0,0.0,92325.00792001345,0.0
t2521,0.0,0.0,0.0,0.0,0.0,0.0,0.0,0.0,0.0,82049.83660260562,0.0
t2522,0.0,0.0,0.0,0.0,0.0,0.0,0.0,0.0,0.0,73189.16234707096,0.0
t2523,0.0,0.0,0.0,0.0,0.0,0.0,0.0,0.0,0.0,63689.281136482634,0.0
t2524,0.0,0.0,0.0,0.0,0.0,0.0,0.0,0.0,0.0,55707.64979020745,0.0
t2525,0.0,0.0,0.0,0.0,0.0,0.0,0.0,0.0,0.0,47852.82536938455,0.0
t2526,0.0,0.0,0.0,0.0,0.0,0.0,0.0,0.0,0.0,36659.34591689738,0.0
t2527,0.0,0.0,0.0,0.0,0.0,0.0,0.0,0.0,0.0,19227.52159157353,0.0
t2528,0.0,0.0,0.0,0.0,0.0,0.0,0.0,0.0,0.0,657.0703298439803,0.0
t2529,0.0,0.0,0.0,0.0,0.0,0.0,0.0,0.0,0.0,0.0,0.0
t2530,0.0,0.0,0.0,0.0,0.0,0.0,0.0,0.0,0.0,13078.821286254637,0.0
t2531,0.0,0.0,0.0,0.0,0.0,0.0,0.0,0.0,0.0,37855.666349935935,0.0
t2532,0.0,0.0,0.0,0.0,0.0,0.0,0.0,0.0,0.0,50127.457204519465,0.0
t2533,0.0,0.0,0.0,0.0,0.0,0.0,0.0,0.0,0.0,77883.5464328816,0.0
t2534,0.0,0.0,0.0,0.0,0.0,0.0,0.0,0.0,0.0,107414.3946870539,0.0
t2535,0.0,0.0,0.0,0.0,0.0,0.0,0.0,0.0,0.0,139499.21387929076,0.0
t2536,0.0,0.0,0.0,0.0,0.0,0.0,0.0,0.0,0.0,139499.21387929076,29000.09389445619
t2537,0.0,0.0,0.0,0.0,0.0,0.0,0.0,0.0,0.0,139499.21387929076,50172.01676539867
t2538,0.0,0.0,0.0,0.0,0.0,0.0,0.0,0.0,0.0,139499.21387929076,64693.47413890519
t2539,0.0,0.0,0.0,0.0,0.0,0.0,0.0,0.0,0.0,139499.21387929076,65938.67118988428
t2540,0.0,0.0,0.0,0.0,0.0,0.0,0.0,0.0,0.0,139499.21387929076,49454.00339241321
t2541,0.0,0.0,0.0,0.0,0.0,0.0,0.0,0.0,0.0,134925.78821519215,0.0
t2542,0.0,0.0,0.0,0.0,0.0,0.0,0.0,0.0,0.0,112200.37523696214,0.0
t2543,0.0,0.0,0.0,0.0,0.0,0.0,0.0,0.0,0.0,94217.69986041656,0.0
t2544,0.0,0.0,0.0,0.0,0.0,0.0,0.0,0.0,0.0,81305.69454678823,0.0
t2545,0.0,0.0,0.0,0.0,0.0,0.0,0.0,0.0,0.0,71801.79158143527,0.0
t2546,0.0,0.0,0.0,0.0,0.0,0.0,0.0,0.0,0.0,64832.76175130091,0.0
t2547,0.0,0.0,0.0,0.0,0.0,0.0,0.0,0.0,0.0,58782.3785880779,0.0
t2548,0.0,0.0,0.0,0.0,0.0,0.0,0.0,0.0,0.0,52968.48810897782,0.0
t2549,0.0,0.0,0.0,0.0,0.0,0.0,0.0,0.0,0.0,46030.45546884174,0.0
t2550,0.0,0.0,0.0,0.0,0.0,0.0,0.0,0.0,0.0,35401.24162365991,0.0
t2551,0.0,0.0,0.0,0.0,0.0,0.0,0.0,0.0,0.0,18540.93653970513,0.0
t2552,0.0,0.0,0.0,0.0,0.0,0.0,0.0,0.0,0.0,0.0,0.0
t2553,0.0,0.0,0.0,0.0,0.0,0.0,0.0,0.0,0.0,0.0,0.0
t2554,0.0,0.0,0.0,0.0,0.0,0.0,0.0,0.0,0.0,22668.1501247055,0.0
t2555,0.0,0.0,0.0,0.0,0.0,0.0,0.0,0.0,0.0,40308.93747576441,0.0
t2556,0.0,0.0,0.0,0.0,0.0,0.0,0.0,0.0,0.0,59697.276869262416,0.0
t2557,0.0,0.0,0.0,0.0,0.0,0.0,0.0,0.0,0.0,80328.5820340983,0.0
t2558,0.0,0.0,0.0,0.0,0.0,0.0,0.0,0.0,0.0,110846.44639456399,0.0
t2559,0.0,0.0,0.0,0.0,0.0,0.0,0.0,0.0,0.0,139499.21387929076,0.0
t2560,0.0,0.0,0.0,0.0,0.0,0.0,0.0,0.0,0.0,139499.21387929076,36258.590614432345
t2561,0.0,0.0,0.0,0.0,0.0,0.0,0.0,0.0,0.0,139499.21387929076,60061.59022951584
t2562,0.0,0.0,0.0,0.0,0.0,0.0,0.0,0.0,0.0,139499.21387929076,72982.42980692664
t2563,0.0,0.0,0.0,0.0,0.0,0.0,0.0,0.0,0.0,139499.21387929076,72705.54839810527
t2564,0.0,0.0,0.0,0.0,0.0,0.0,0.0,0.0,0.0,139499.21387929076,54529.161298578954
t2565,0.0,0.0,0.0,0.0,0.0,0.0,0.0,0.0,0.0,134420.01444160522,0.0
t2566,0.0,0.0,0.0,0.0,0.0,0.0,0.0,0.0,0.0,109848.28811078513,0.0
t2567,0.0,0.0,0.0,0.0,0.0,0.0,0.0,0.0,0.0,90609.5799252195,0.0
t2568,0.0,0.0,0.0,0.0,0.0,0.0,0.0,0.0,0.0,77041.68635660732,0.0
t2569,0.0,0.0,0.0,0.0,0.0,0.0,0.0,0.0,0.0,67207.990857044,0.0
t2570,0.0,0.0,0.0,0.0,0.0,0.0,0.0,0.0,0.0,60170.29699048139,0.0
t2571,0.0,0.0,0.0,0.0,0.0,0.0,0.0,0.0,0.0,54949.163603059205,0.0
t2572,0.0,0.0,0.0,0.0,0.0,0.0,0.0,0.0,0.0,50005.52305175984,0.0
t2573,0.0,0.0,0.0,0.0,0.0,0.0,0.0,0.0,0.0,43792.21447004279,0.0
t2574,0.0,0.0,0.0,0.0,0.0,0.0,0.0,0.0,0.0,33998.94334708436,0.0
t2575,0.0,0.0,0.0,0.0,0.0,0.0,0.0,0.0,0.0,18167.553307095943,0.0
t2576,0.0,0.0,0.0,0.0,0.0,0.0,0.0,0.0,0.0,0.0,0.0
t2577,0.0,0.0,0.0,0.0,0.0,0.0,0.0,0.0,0.0,0.0,0.0
t2578,0.0,0.0,0.0,0.0,0.0,0.0,0.0,0.0,0.0,20084.854884074764,0.0
t2579,0.0,0.0,0.0,0.0,0.0,0.0,0.0,0.0,0.0,34733.36159618981,0.0
t2580,0.0,0.0,0.0,0.0,0.0,0.0,0.0,0.0,0.0,54889.465910238934,0.0
t2581,0.0,0.0,0.0,0.0,0.0,0.0,0.0,0.0,0.0,86974.28510247581,0.0
t2582,0.0,0.0,0.0,0.0,0.0,0.0,0.0,0.0,0.0,107414.3946870539,0.0
t2583,0.0,0.0,0.0,0.0,0.0,0.0,0.0,0.0,0.0,139499.21387929076,0.0
t2584,0.0,0.0,0.0,0.0,0.0,0.0,0.0,0.0,0.0,139499.21387929076,36197.83633922993
t2585,0.0,0.0,0.0,0.0,0.0,0.0,0.0,0.0,0.0,139499.21387929076,59895.089838173146
t2586,0.0,0.0,0.0,0.0,0.0,0.0,0.0,0.0,0.0,139499.21387929076,71642.27481440359
t2587,0.0,0.0,0.0,0.0,0.0,0.0,0.0,0.0,0.0,139499.21387929076,68046.97087067466
t2588,0.0,0.0,0.0,0.0,0.0,0.0,0.0,0.0,0.0,139499.21387929076,49976.16368779854
t2589,0.0,0.0,0.0,0.0,0.0,0.0,0.0,0.0,0.0,133641.99802631384,0.0
t2590,0.0,0.0,0.0,0.0,0.0,0.0,0.0,0.0,0.0,109627.85021755018,0.0
t2591,0.0,0.0,0.0,0.0,0.0,0.0,0.0,0.0,0.0,89829.99374910782,0.0
t2592,0.0,0.0,0.0,0.0,0.0,0.0,0.0,0.0,0.0,76646.13544791537,0.0
t2593,0.0,0.0,0.0,0.0,0.0,0.0,0.0,0.0,0.0,67253.36430299409,0.0
t2594,0.0,0.0,0.0,0.0,0.0,0.0,0.0,0.0,0.0,60052.56868931628,0.0
t2595,0.0,0.0,0.0,0.0,0.0,0.0,0.0,0.0,0.0,54584.00846019739,0.0
t2596,0.0,0.0,0.0,0.0,0.0,0.0,0.0,0.0,0.0,48983.72122639595,0.0
t2597,0.0,0.0,0.0,0.0,0.0,0.0,0.0,0.0,0.0,43152.19539853503,0.0
t2598,0.0,0.0,0.0,0.0,0.0,0.0,0.0,0.0,0.0,33333.0860472771,0.0
t2599,0.0,0.0,0.0,0.0,0.0,0.0,0.0,0.0,0.0,17504.823169230476,0.0
t2600,0.0,0.0,0.0,0.0,0.0,0.0,0.0,0.0,0.0,0.0,0.0
t2601,0.0,0.0,0.0,0.0,0.0,0.0,0.0,0.0,0.0,0.0,0.0
t2602,0.0,0.0,0.0,0.0,0.0,0.0,0.0,0.0,0.0,20560.2711093044,0.0
t2603,0.0,0.0,0.0,0.0,0.0,0.0,0.0,0.0,0.0,39550.20113500643,0.0
t2604,0.0,0.0,0.0,0.0,0.0,0.0,0.0,0.0,0.0,58309.03259934311,0.0
t2605,0.0,0.0,0.0,0.0,0.0,0.0,0.0,0.0,0.0,90393.85179157999,0.0
t2606,0.0,0.0,0.0,0.0,0.0,0.0,0.0,0.0,0.0,117957.2878599469,0.0
t2607,0.0,0.0,0.0,0.0,0.0,0.0,0.0,0.0,0.0,139499.21387929076,0.0
t2608,0.0,0.0,0.0,0.0,0.0,0.0,0.0,0.0,0.0,139499.21387929076,36002.55410659585
t2609,0.0,0.0,0.0,0.0,0.0,0.0,0.0,0.0,0.0,139499.21387929076,56159.90679249994
t2610,0.0,0.0,0.0,0.0,0.0,0.0,0.0,0.0,0.0,139499.21387929076,69235.55610416475
t2611,0.0,0.0,0.0,0.0,0.0,0.0,0.0,0.0,0.0,139499.21387929076,64963.14027735796
t2612,0.0,0.0,0.0,0.0,0.0,0.0,0.0,0.0,0.0,139499.21387929076,43063.05499048004
t2613,0.0,0.0,0.0,0.0,0.0,0.0,0.0,0.0,0.0,131966.95872442314,0.0
t2614,0.0,0.0,0.0,0.0,0.0,0.0,0.0,0.0,0.0,108248.22801043722,0.0
t2615,0.0,0.0,0.0,0.0,0.0,0.0,0.0,0.0,0.0,88024.65753748958,0.0
t2616,0.0,0.0,0.0,0.0,0.0,0.0,0.0,0.0,0.0,74874.07631554014,0.0
t2617,0.0,0.0,0.0,0.0,0.0,0.0,0.0,0.0,0.0,64539.59661661439,0.0
t2618,0.0,0.0,0.0,0.0,0.0,0.0,0.0,0.0,0.0,55893.47895852824,0.0
t2619,0.0,0.0,0.0,0.0,0.0,0.0,0.0,0.0,0.0,48451.43790746089,0.0
t2620,0.0,0.0,0.0,0.0,0.0,0.0,0.0,0.0,0.0,42787.42336640092,0.0
t2621,0.0,0.0,0.0,0.0,0.0,0.0,0.0,0.0,0.0,37008.107231015696,0.0
t2622,0.0,0.0,0.0,0.0,0.0,0.0,0.0,0.0,0.0,30031.899367909027,0.0
t2623,0.0,0.0,0.0,0.0,0.0,0.0,0.0,0.0,0.0,19815.6530862948,0.0
t2624,0.0,0.0,0.0,0.0,0.0,0.0,0.0,0.0,0.0,6967.387890675302,0.0
t2625,0.0,0.0,0.0,0.0,0.0,0.0,0.0,0.0,0.0,0.0,0.0
t2626,0.0,0.0,0.0,0.0,0.0,0.0,0.0,0.0,0.0,0.0,0.0
t2627,0.0,0.0,0.0,0.0,0.0,0.0,0.0,0.0,0.0,9873.845117953928,0.0
t2628,0.0,0.0,0.0,0.0,0.0,0.0,0.0,0.0,0.0,26615.52542378981,0.0
t2629,0.0,0.0,0.0,0.0,0.0,0.0,0.0,0.0,0.0,26978.569691097942,0.0
t2630,0.0,0.0,0.0,0.0,0.0,0.0,0.0,0.0,0.0,45611.64130600355,0.0
t2631,0.0,0.0,0.0,0.0,0.0,0.0,0.0,0.0,0.0,70202.64081307637,0.0
t2632,0.0,0.0,0.0,0.0,0.0,0.0,0.0,0.0,0.0,97737.32037782615,0.0
t2633,0.0,0.0,0.0,0.0,0.0,0.0,0.0,0.0,0.0,114407.63580868457,0.0
t2634,0.0,0.0,0.0,0.0,0.0,0.0,0.0,0.0,0.0,127208.23515909624,0.0
t2635,0.0,0.0,0.0,0.0,0.0,0.0,0.0,0.0,0.0,139499.21387929076,10711.766239232891
t2636,0.0,0.0,0.0,0.0,0.0,0.0,0.0,0.0,0.0,139499.21387929076,14027.504823320114
t2637,0.0,0.0,0.0,0.0,0.0,0.0,0.0,0.0,0.0,124087.88142242782,0.0
t2638,0.0,0.0,0.0,0.0,0.0,0.0,0.0,0.0,0.0,101693.50386019654,0.0
t2639,0.0,0.0,0.0,0.0,0.0,0.0,0.0,0.0,0.0,83277.3664772759,0.0
t2640,0.0,0.0,0.0,0.0,0.0,0.0,0.0,0.0,0.0,69840.65868271337,0.0
t2641,0.0,0.0,0.0,0.0,0.0,0.0,0.0,0.0,0.0,58731.316698741066,0.0
t2642,0.0,0.0,0.0,0.0,0.0,0.0,0.0,0.0,0.0,49398.02833403183,0.0
t2643,0.0,0.0,0.0,0.0,0.0,0.0,0.0,0.0,0.0,41377.34978547491,0.0
t2644,0.0,0.0,0.0,0.0,0.0,0.0,0.0,0.0,0.0,34347.77700319465,0.0
t2645,0.0,0.0,0.0,0.0,0.0,0.0,0.0,0.0,0.0,27205.90736484003,0.0
t2646,0.0,0.0,0.0,0.0,0.0,0.0,0.0,0.0,0.0,19270.854536689607,0.0
t2647,0.0,0.0,0.0,0.0,0.0,0.0,0.0,0.0,0.0,9515.667399755579,0.0
t2648,0.0,0.0,0.0,0.0,0.0,0.0,0.0,0.0,0.0,0.0,0.0
t2649,0.0,0.0,0.0,0.0,0.0,0.0,0.0,0.0,0.0,0.0,0.0
t2650,0.0,0.0,0.0,0.0,0.0,0.0,0.0,0.0,0.0,2845.0682739259887,0.0
t2651,0.0,0.0,0.0,0.0,0.0,0.0,0.0,0.0,0.0,17460.134293476724,0.0
t2652,0.0,0.0,0.0,0.0,0.0,0.0,0.0,0.0,0.0,37074.85596328628,0.0
t2653,0.0,0.0,0.0,0.0,0.0,0.0,0.0,0.0,0.0,58512.86451632391,0.0
t2654,0.0,0.0,0.0,0.0,0.0,0.0,0.0,0.0,0.0,80966.23847067953,0.0
t2655,0.0,0.0,0.0,0.0,0.0,0.0,0.0,0.0,0.0,103324.97765200665,0.0
t2656,0.0,0.0,0.0,0.0,0.0,0.0,0.0,0.0,0.0,124875.17585583347,0.0
t2657,0.0,0.0,0.0,0.0,0.0,0.0,0.0,0.0,0.0,139499.21387929076,2174.335805784764
t2658,0.0,0.0,0.0,0.0,0.0,0.0,0.0,0.0,0.0,139499.21387929076,11372.40121544971
t2659,0.0,0.0,0.0,0.0,0.0,0.0,0.0,0.0,0.0,139499.21387929076,0.0
t2660,0.0,0.0,0.0,0.0,0.0,0.0,0.0,0.0,0.0,139499.21387929076,0.0
t2661,0.0,0.0,0.0,0.0,0.0,0.0,0.0,0.0,0.0,117407.13373338392,0.0
t2662,0.0,0.0,0.0,0.0,0.0,0.0,0.0,0.0,0.0,97163.28948453654,0.0
t2663,0.0,0.0,0.0,0.0,0.0,0.0,0.0,0.0,0.0,80019.20735387967,0.0
t2664,0.0,0.0,0.0,0.0,0.0,0.0,0.0,0.0,0.0,67193.91084166957,0.0
t2665,0.0,0.0,0.0,0.0,0.0,0.0,0.0,0.0,0.0,57087.606933206815,0.0
t2666,0.0,0.0,0.0,0.0,0.0,0.0,0.0,0.0,0.0,49523.11331169677,0.0
t2667,0.0,0.0,0.0,0.0,0.0,0.0,0.0,0.0,0.0,43001.53166091436,0.0
t2668,0.0,0.0,0.0,0.0,0.0,0.0,0.0,0.0,0.0,36426.788070840805,0.0
t2669,0.0,0.0,0.0,0.0,0.0,0.0,0.0,0.0,0.0,29977.55918414566,0.0
t2670,0.0,0.0,0.0,0.0,0.0,0.0,0.0,0.0,0.0,22938.91671759694,0.0
t2671,0.0,0.0,0.0,0.0,0.0,0.0,0.0,0.0,0.0,15206.380577574959,0.0
t2672,0.0,0.0,0.0,0.0,0.0,0.0,0.0,0.0,0.0,6418.154831689215,0.0
t2673,0.0,0.0,0.0,0.0,0.0,0.0,0.0,0.0,0.0,6418.154831689215,0.0
t2674,0.0,0.0,0.0,0.0,0.0,0.0,0.0,0.0,0.0,19913.37068399464,0.0
t2675,0.0,0.0,0.0,0.0,0.0,0.0,0.0,0.0,0.0,43225.61954029091,0.0
t2676,0.0,0.0,0.0,0.0,0.0,0.0,0.0,0.0,0.0,64516.07212254677,0.0
t2677,0.0,0.0,0.0,0.0,0.0,0.0,0.0,0.0,0.0,86664.15836722642,0.0
t2678,0.0,0.0,0.0,0.0,0.0,0.0,0.0,0.0,0.0,107414.3946870539,0.0
t2679,0.0,0.0,0.0,0.0,0.0,0.0,0.0,0.0,0.0,139499.21387929076,0.0
t2680,0.0,0.0,0.0,0.0,0.0,0.0,0.0,0.0,0.0,139499.21387929076,40653.19738750035
t2681,0.0,0.0,0.0,0.0,0.0,0.0,0.0,0.0,0.0,139499.21387929076,66379.49766532205
t2682,0.0,0.0,0.0,0.0,0.0,0.0,0.0,0.0,0.0,139499.21387929076,79683.3580267572
t2683,0.0,0.0,0.0,0.0,0.0,0.0,0.0,0.0,0.0,139499.21387929076,77264.94911268025
t2684,0.0,0.0,0.0,0.0,0.0,0.0,0.0,0.0,0.0,139499.21387929076,57391.23921718643
t2685,0.0,0.0,0.0,0.0,0.0,0.0,0.0,0.0,0.0,134981.67634548145,0.0
t2686,0.0,0.0,0.0,0.0,0.0,0.0,0.0,0.0,0.0,110134.88528617113,0.0
t2687,0.0,0.0,0.0,0.0,0.0,0.0,0.0,0.0,0.0,89951.63135774487,0.0
t2688,0.0,0.0,0.0,0.0,0.0,0.0,0.0,0.0,0.0,75518.78371716989,0.0
t2689,0.0,0.0,0.0,0.0,0.0,0.0,0.0,0.0,0.0,64998.6269340171,0.0
t2690,0.0,0.0,0.0,0.0,0.0,0.0,0.0,0.0,0.0,57238.9481554836,0.0
t2691,0.0,0.0,0.0,0.0,0.0,0.0,0.0,0.0,0.0,50781.13909416737,0.0
t2692,0.0,0.0,0.0,0.0,0.0,0.0,0.0,0.0,0.0,46126.27830283905,0.0
t2693,0.0,0.0,0.0,0.0,0.0,0.0,0.0,0.0,0.0,41003.80341310723,0.0
t2694,0.0,0.0,0.0,0.0,0.0,0.0,0.0,0.0,0.0,32696.527665174966,0.0
t2695,0.0,0.0,0.0,0.0,0.0,0.0,0.0,0.0,0.0,17430.79342587699,0.0
t2696,0.0,0.0,0.0,0.0,0.0,0.0,0.0,0.0,0.0,0.0,0.0
t2697,0.0,0.0,0.0,0.0,0.0,0.0,0.0,0.0,0.0,0.0,0.0
t2698,0.0,0.0,0.0,0.0,0.0,0.0,0.0,0.0,0.0,7195.871865027159,0.0
t2699,0.0,0.0,0.0,0.0,0.0,0.0,0.0,0.0,0.0,26825.455457195996,0.0
t2700,0.0,0.0,0.0,0.0,0.0,0.0,0.0,0.0,0.0,58910.274649432875,0.0
t2701,0.0,0.0,0.0,0.0,0.0,0.0,0.0,0.0,0.0,86216.31975498759,0.0
t2702,0.0,0.0,0.0,0.0,0.0,0.0,0.0,0.0,0.0,107414.3946870539,0.0
t2703,0.0,0.0,0.0,0.0,0.0,0.0,0.0,0.0,0.0,139499.21387929076,0.0
t2704,0.0,0.0,0.0,0.0,0.0,0.0,0.0,0.0,0.0,139499.21387929076,41332.82255111911
t2705,0.0,0.0,0.0,0.0,0.0,0.0,0.0,0.0,0.0,139499.21387929076,68654.15413511787
t2706,0.0,0.0,0.0,0.0,0.0,0.0,0.0,0.0,0.0,139499.21387929076,79770.773047589
t2707,0.0,0.0,0.0,0.0,0.0,0.0,0.0,0.0,0.0,139499.21387929076,73257.91231743424
t2708,0.0,0.0,0.0,0.0,0.0,0.0,0.0,0.0,0.0,139499.21387929076,56603.19981196848
t2709,0.0,0.0,0.0,0.0,0.0,0.0,0.0,0.0,0.0,138367.34207396535,0.0
t2710,0.0,0.0,0.0,0.0,0.0,0.0,0.0,0.0,0.0,114918.96595242209,0.0
t2711,0.0,0.0,0.0,0.0,0.0,0.0,0.0,0.0,0.0,95771.5676508721,0.0
t2712,0.0,0.0,0.0,0.0,0.0,0.0,0.0,0.0,0.0,82926.07240379807,0.0
t2713,0.0,0.0,0.0,0.0,0.0,0.0,0.0,0.0,0.0,72663.16091886867,0.0
t2714,0.0,0.0,0.0,0.0,0.0,0.0,0.0,0.0,0.0,64090.00578887781,0.0
t2715,0.0,0.0,0.0,0.0,0.0,0.0,0.0,0.0,0.0,56872.357718513755,0.0
t2716,0.0,0.0,0.0,0.0,0.0,0.0,0.0,0.0,0.0,49718.626053128406,0.0
t2717,0.0,0.0,0.0,0.0,0.0,0.0,0.0,0.0,0.0,41449.37560186291,0.0
t2718,0.0,0.0,0.0,0.0,0.0,0.0,0.0,0.0,0.0,30490.976826810565,0.0
t2719,0.0,0.0,0.0,0.0,0.0,0.0,0.0,0.0,0.0,14369.679488034184,0.0
t2720,0.0,0.0,0.0,0.0,0.0,0.0,0.0,0.0,0.0,0.0,0.0
t2721,0.0,0.0,0.0,0.0,0.0,0.0,0.0,0.0,0.0,8510.02120686931,0.0
t2722,0.0,0.0,0.0,0.0,0.0,0.0,0.0,0.0,0.0,16475.34783242455,0.0
t2723,0.0,0.0,0.0,0.0,0.0,0.0,0.0,0.0,0.0,35337.08368808509,0.0
t2724,0.0,0.0,0.0,0.0,0.0,0.0,0.0,0.0,0.0,53215.2426737195,0.0
t2725,0.0,0.0,0.0,0.0,0.0,0.0,0.0,0.0,0.0,85300.06186595638,0.0
t2726,0.0,0.0,0.0,0.0,0.0,0.0,0.0,0.0,0.0,107414.3946870539,0.0
t2727,0.0,0.0,0.0,0.0,0.0,0.0,0.0,0.0,0.0,139499.21387929076,0.0
t2728,0.0,0.0,0.0,0.0,0.0,0.0,0.0,0.0,0.0,139499.21387929076,39937.819961800546
t2729,0.0,0.0,0.0,0.0,0.0,0.0,0.0,0.0,0.0,139499.21387929076,64249.440345453564
t2730,0.0,0.0,0.0,0.0,0.0,0.0,0.0,0.0,0.0,139499.21387929076,77328.18071415508
t2731,0.0,0.0,0.0,0.0,0.0,0.0,0.0,0.0,0.0,139499.21387929076,73758.9405642997
t2732,0.0,0.0,0.0,0.0,0.0,0.0,0.0,0.0,0.0,139499.21387929076,55319.205423224776
t2733,0.0,0.0,0.0,0.0,0.0,0.0,0.0,0.0,0.0,136293.04799936898,0.0
t2734,0.0,0.0,0.0,0.0,0.0,0.0,0.0,0.0,0.0,110261.123251385,0.0
t2735,0.0,0.0,0.0,0.0,0.0,0.0,0.0,0.0,0.0,90051.34112043667,0.0
t2736,0.0,0.0,0.0,0.0,0.0,0.0,0.0,0.0,0.0,77748.50002397482,0.0
t2737,0.0,0.0,0.0,0.0,0.0,0.0,0.0,0.0,0.0,64998.28150766401,0.0
t2738,0.0,0.0,0.0,0.0,0.0,0.0,0.0,0.0,0.0,58368.735217274334,0.0
t2739,0.0,0.0,0.0,0.0,0.0,0.0,0.0,0.0,0.0,50626.55625747386,0.0
t2740,0.0,0.0,0.0,0.0,0.0,0.0,0.0,0.0,0.0,45499.89084155343,0.0
t2741,0.0,0.0,0.0,0.0,0.0,0.0,0.0,0.0,0.0,41237.392719925956,0.0
t2742,0.0,0.0,0.0,0.0,0.0,0.0,0.0,0.0,0.0,30682.410964924486,0.0
t2743,0.0,0.0,0.0,0.0,0.0,0.0,0.0,0.0,0.0,17966.88073078886,0.0
t2744,0.0,0.0,0.0,0.0,0.0,0.0,0.0,0.0,0.0,0.0,0.0
t2745,0.0,0.0,0.0,0.0,0.0,0.0,0.0,0.0,0.0,4259.759907406748,0.0
t2746,0.0,0.0,0.0,0.0,0.0,0.0,0.0,0.0,0.0,22768.243034845455,0.0
t2747,0.0,0.0,0.0,0.0,0.0,0.0,0.0,0.0,0.0,50859.909796215485,0.0
t2748,0.0,0.0,0.0,0.0,0.0,0.0,0.0,0.0,0.0,66018.75284226821,0.0
t2749,0.0,0.0,0.0,0.0,0.0,0.0,0.0,0.0,0.0,82358.47730772174,0.0
t2750,0.0,0.0,0.0,0.0,0.0,0.0,0.0,0.0,0.0,110191.43140324537,0.0
t2751,0.0,0.0,0.0,0.0,0.0,0.0,0.0,0.0,0.0,139499.21387929076,0.0
t2752,0.0,0.0,0.0,0.0,0.0,0.0,0.0,0.0,0.0,139499.21387929076,28376.87274557631
t2753,0.0,0.0,0.0,0.0,0.0,0.0,0.0,0.0,0.0,139499.21387929076,43915.36353593358
t2754,0.0,0.0,0.0,0.0,0.0,0.0,0.0,0.0,0.0,139499.21387929076,51134.32767835058
t2755,0.0,0.0,0.0,0.0,0.0,0.0,0.0,0.0,0.0,139499.21387929076,45796.502082770894
t2756,0.0,0.0,0.0,0.0,0.0,0.0,0.0,0.0,0.0,139499.21387929076,21999.10804035459
t2757,0.0,0.0,0.0,0.0,0.0,0.0,0.0,0.0,0.0,120383.33833539922,0.0
t2758,0.0,0.0,0.0,0.0,0.0,0.0,0.0,0.0,0.0,93503.53181186129,0.0
t2759,0.0,0.0,0.0,0.0,0.0,0.0,0.0,0.0,0.0,71724.3266354724,0.0
t2760,0.0,0.0,0.0,0.0,0.0,0.0,0.0,0.0,0.0,60414.83619476525,0.0
t2761,0.0,0.0,0.0,0.0,0.0,0.0,0.0,0.0,0.0,52918.40043732047,0.0
t2762,0.0,0.0,0.0,0.0,0.0,0.0,0.0,0.0,0.0,48816.5358602684,0.0
t2763,0.0,0.0,0.0,0.0,0.0,0.0,0.0,0.0,0.0,44560.71041397387,0.0
t2764,0.0,0.0,0.0,0.0,0.0,0.0,0.0,0.0,0.0,40491.633062115354,0.0
t2765,0.0,0.0,0.0,0.0,0.0,0.0,0.0,0.0,0.0,36043.6050472687,0.0
t2766,0.0,0.0,0.0,0.0,0.0,0.0,0.0,0.0,0.0,28650.394298625943,0.0
t2767,0.0,0.0,0.0,0.0,0.0,0.0,0.0,0.0,0.0,15042.853812649855,0.0
t2768,0.0,0.0,0.0,0.0,0.0,0.0,0.0,0.0,0.0,0.0,0.0
t2769,0.0,0.0,0.0,0.0,0.0,0.0,0.0,0.0,0.0,0.0,0.0
t2770,0.0,0.0,0.0,0.0,0.0,0.0,0.0,0.0,0.0,14641.20785514692,0.0
t2771,0.0,0.0,0.0,0.0,0.0,0.0,0.0,0.0,0.0,39480.27025656894,0.0
t2772,0.0,0.0,0.0,0.0,0.0,0.0,0.0,0.0,0.0,66876.54792363406,0.0
t2773,0.0,0.0,0.0,0.0,0.0,0.0,0.0,0.0,0.0,92665.43752708765,0.0
t2774,0.0,0.0,0.0,0.0,0.0,0.0,0.0,0.0,0.0,113915.68160142122,0.0
t2775,0.0,0.0,0.0,0.0,0.0,0.0,0.0,0.0,0.0,125462.76771651709,0.0
t2776,0.0,0.0,0.0,0.0,0.0,0.0,0.0,0.0,0.0,133817.57946212706,0.0
t2777,0.0,0.0,0.0,0.0,0.0,0.0,0.0,0.0,0.0,137703.53799777472,0.0
t2778,0.0,0.0,0.0,0.0,0.0,0.0,0.0,0.0,0.0,139499.21387929076,0.0
t2779,0.0,0.0,0.0,0.0,0.0,0.0,0.0,0.0,0.0,139499.21387929076,0.0
t2780,0.0,0.0,0.0,0.0,0.0,0.0,0.0,0.0,0.0,132992.94684674067,0.0
t2781,0.0,0.0,0.0,0.0,0.0,0.0,0.0,0.0,0.0,106323.26261998287,0.0
t2782,0.0,0.0,0.0,0.0,0.0,0.0,0.0,0.0,0.0,81066.59097497699,0.0
t2783,0.0,0.0,0.0,0.0,0.0,0.0,0.0,0.0,0.0,60646.98950923748,0.0
t2784,0.0,0.0,0.0,0.0,0.0,0.0,0.0,0.0,0.0,48477.686997324054,0.0
t2785,0.0,0.0,0.0,0.0,0.0,0.0,0.0,0.0,0.0,41684.375312908676,0.0
t2786,0.0,0.0,0.0,0.0,0.0,0.0,0.0,0.0,0.0,36064.20755702724,0.0
t2787,0.0,0.0,0.0,0.0,0.0,0.0,0.0,0.0,0.0,31036.619841289354,0.0
t2788,0.0,0.0,0.0,0.0,0.0,0.0,0.0,0.0,0.0,27321.65702945761,0.0
t2789,0.0,0.0,0.0,0.0,0.0,0.0,0.0,0.0,0.0,24409.133386736066,0.0
t2790,0.0,0.0,0.0,0.0,0.0,0.0,0.0,0.0,0.0,20639.522796244106,0.0
t2791,0.0,0.0,0.0,0.0,0.0,0.0,0.0,0.0,0.0,11861.770557216712,0.0
t2792,0.0,0.0,0.0,0.0,0.0,0.0,0.0,0.0,0.0,2125.80150558658,0.0
t2793,0.0,0.0,0.0,0.0,0.0,0.0,0.0,0.0,0.0,0.0,0.0
t2794,0.0,0.0,0.0,0.0,0.0,0.0,0.0,0.0,0.0,7175.03869575942,0.0
t2795,0.0,0.0,0.0,0.0,0.0,0.0,0.0,0.0,0.0,22987.170340140812,0.0
t2796,0.0,0.0,0.0,0.0,0.0,0.0,0.0,0.0,0.0,48578.621847034374,0.0
t2797,0.0,0.0,0.0,0.0,0.0,0.0,0.0,0.0,0.0,77722.47454764725,0.0
t2798,0.0,0.0,0.0,0.0,0.0,0.0,0.0,0.0,0.0,107438.69419752154,0.0
t2799,0.0,0.0,0.0,0.0,0.0,0.0,0.0,0.0,0.0,137975.6525188366,0.0
t2800,0.0,0.0,0.0,0.0,0.0,0.0,0.0,0.0,0.0,139499.21387929076,24433.03876339501
t2801,0.0,0.0,0.0,0.0,0.0,0.0,0.0,0.0,0.0,139499.21387929076,38805.658006451325
t2802,0.0,0.0,0.0,0.0,0.0,0.0,0.0,0.0,0.0,139499.21387929076,45049.21980889212
t2803,0.0,0.0,0.0,0.0,0.0,0.0,0.0,0.0,0.0,139499.21387929076,34483.53227789142
t2804,0.0,0.0,0.0,0.0,0.0,0.0,0.0,0.0,0.0,139499.21387929076,1890.8420519050342
t2805,0.0,0.0,0.0,0.0,0.0,0.0,0.0,0.0,0.0,113652.33885924134,0.0
t2806,0.0,0.0,0.0,0.0,0.0,0.0,0.0,0.0,0.0,88760.58292794084,0.0
t2807,0.0,0.0,0.0,0.0,0.0,0.0,0.0,0.0,0.0,67920.39531928182,0.0
t2808,0.0,0.0,0.0,0.0,0.0,0.0,0.0,0.0,0.0,52740.032781329544,0.0
t2809,0.0,0.0,0.0,0.0,0.0,0.0,0.0,0.0,0.0,41413.43352981745,0.0
t2810,0.0,0.0,0.0,0.0,0.0,0.0,0.0,0.0,0.0,33158.94952108376,0.0
t2811,0.0,0.0,0.0,0.0,0.0,0.0,0.0,0.0,0.0,28101.292368057424,0.0
t2812,0.0,0.0,0.0,0.0,0.0,0.0,0.0,0.0,0.0,23543.300483196603,0.0
t2813,0.0,0.0,0.0,0.0,0.0,0.0,0.0,0.0,0.0,20070.17260880195,0.0
t2814,0.0,0.0,0.0,0.0,0.0,0.0,0.0,0.0,0.0,15881.649451808098,0.0
t2815,0.0,0.0,0.0,0.0,0.0,0.0,0.0,0.0,0.0,8922.885650752603,0.0
t2816,0.0,0.0,0.0,0.0,0.0,0.0,0.0,0.0,0.0,0.0,0.0
t2817,0.0,0.0,0.0,0.0,0.0,0.0,0.0,0.0,0.0,0.0,0.0
t2818,0.0,0.0,0.0,0.0,0.0,0.0,0.0,0.0,0.0,19247.27590255635,0.0
t2819,0.0,0.0,0.0,0.0,0.0,0.0,0.0,0.0,0.0,33045.066309541086,0.0
t2820,0.0,0.0,0.0,0.0,0.0,0.0,0.0,0.0,0.0,59786.094887023355,0.0
t2821,0.0,0.0,0.0,0.0,0.0,0.0,0.0,0.0,0.0,88121.50654444381,0.0
t2822,0.0,0.0,0.0,0.0,0.0,0.0,0.0,0.0,0.0,112722.87255772475,0.0
t2823,0.0,0.0,0.0,0.0,0.0,0.0,0.0,0.0,0.0,121523.02644928626,0.0
t2824,0.0,0.0,0.0,0.0,0.0,0.0,0.0,0.0,0.0,126515.37786034172,0.0
t2825,0.0,0.0,0.0,0.0,0.0,0.0,0.0,0.0,0.0,139499.21387929076,1055.8704766253873
t2826,0.0,0.0,0.0,0.0,0.0,0.0,0.0,0.0,0.0,139499.21387929076,12656.79484120765
t2827,0.0,0.0,0.0,0.0,0.0,0.0,0.0,0.0,0.0,139499.21387929076,5538.126532955716
t2828,0.0,0.0,0.0,0.0,0.0,0.0,0.0,0.0,0.0,127091.57795747466,0.0
t2829,0.0,0.0,0.0,0.0,0.0,0.0,0.0,0.0,0.0,101757.0494834653,0.0
t2830,0.0,0.0,0.0,0.0,0.0,0.0,0.0,0.0,0.0,77801.94075206036,0.0
t2831,0.0,0.0,0.0,0.0,0.0,0.0,0.0,0.0,0.0,58703.71270412659,0.0
t2832,0.0,0.0,0.0,0.0,0.0,0.0,0.0,0.0,0.0,44487.47023293943,0.0
t2833,0.0,0.0,0.0,0.0,0.0,0.0,0.0,0.0,0.0,34500.10262547061,0.0
t2834,0.0,0.0,0.0,0.0,0.0,0.0,0.0,0.0,0.0,27523.797201767207,0.0
t2835,0.0,0.0,0.0,0.0,0.0,0.0,0.0,0.0,0.0,22824.268167507784,0.0
t2836,0.0,0.0,0.0,0.0,0.0,0.0,0.0,0.0,0.0,19092.274631131724,0.0
t2837,0.0,0.0,0.0,0.0,0.0,0.0,0.0,0.0,0.0,14690.42288653968,0.0
t2838,0.0,0.0,0.0,0.0,0.0,0.0,0.0,0.0,0.0,10366.335197138651,0.0
t2839,0.0,0.0,0.0,0.0,0.0,0.0,0.0,0.0,0.0,5047.121963205779,0.0
t2840,0.0,0.0,0.0,0.0,0.0,0.0,0.0,0.0,0.0,0.0,0.0
t2841,0.0,0.0,0.0,0.0,0.0,0.0,0.0,0.0,0.0,1141.6270743684727,0.0
t2842,0.0,0.0,0.0,0.0,0.0,0.0,0.0,0.0,0.0,8780.801525584036,0.0
t2843,0.0,0.0,0.0,0.0,0.0,0.0,0.0,0.0,0.0,25095.134965955964,0.0
t2844,0.0,0.0,0.0,0.0,0.0,0.0,0.0,0.0,0.0,50054.89024856559,0.0
t2845,0.0,0.0,0.0,0.0,0.0,0.0,0.0,0.0,0.0,78435.56255060596,0.0
t2846,0.0,0.0,0.0,0.0,0.0,0.0,0.0,0.0,0.0,104398.7592010004,0.0
t2847,0.0,0.0,0.0,0.0,0.0,0.0,0.0,0.0,0.0,129829.16564435112,0.0
t2848,0.0,0.0,0.0,0.0,0.0,0.0,0.0,0.0,0.0,139499.21387929076,14566.796327118276
t2849,0.0,0.0,0.0,0.0,0.0,0.0,0.0,0.0,0.0,139499.21387929076,28208.433877533244
t2850,0.0,0.0,0.0,0.0,0.0,0.0,0.0,0.0,0.0,139499.21387929076,30627.17761516902
t2851,0.0,0.0,0.0,0.0,0.0,0.0,0.0,0.0,0.0,139499.21387929076,22970.383211376764
t2852,0.0,0.0,0.0,0.0,0.0,0.0,0.0,0.0,0.0,137515.05334074324,0.0
t2853,0.0,0.0,0.0,0.0,0.0,0.0,0.0,0.0,0.0,115828.98095031158,0.0
t2854,0.0,0.0,0.0,0.0,0.0,0.0,0.0,0.0,0.0,96658.0933349268,0.0
t2855,0.0,0.0,0.0,0.0,0.0,0.0,0.0,0.0,0.0,81467.62505389626,0.0
t2856,0.0,0.0,0.0,0.0,0.0,0.0,0.0,0.0,0.0,71519.18036862105,0.0
t2857,0.0,0.0,0.0,0.0,0.0,0.0,0.0,0.0,0.0,65632.84552337292,0.0
t2858,0.0,0.0,0.0,0.0,0.0,0.0,0.0,0.0,0.0,61099.89713122004,0.0
t2859,0.0,0.0,0.0,0.0,0.0,0.0,0.0,0.0,0.0,57855.02203233503,0.0
t2860,0.0,0.0,0.0,0.0,0.0,0.0,0.0,0.0,0.0,54997.36518900426,0.0
t2861,0.0,0.0,0.0,0.0,0.0,0.0,0.0,0.0,0.0,51411.977267240494,0.0
t2862,0.0,0.0,0.0,0.0,0.0,0.0,0.0,0.0,0.0,42648.54702671422,0.0
t2863,0.0,0.0,0.0,0.0,0.0,0.0,0.0,0.0,0.0,26765.641013817647,0.0
t2864,0.0,0.0,0.0,0.0,0.0,0.0,0.0,0.0,0.0,9590.124424769241,0.0
t2865,0.0,0.0,0.0,0.0,0.0,0.0,0.0,0.0,0.0,0.0,0.0
t2866,0.0,0.0,0.0,0.0,0.0,0.0,0.0,0.0,0.0,0.0,0.0
t2867,0.0,0.0,0.0,0.0,0.0,0.0,0.0,0.0,0.0,9957.450360131614,0.0
t2868,0.0,0.0,0.0,0.0,0.0,0.0,0.0,0.0,0.0,24928.352082125297,0.0
t2869,0.0,0.0,0.0,0.0,0.0,0.0,0.0,0.0,0.0,43745.079843010884,0.0
t2870,0.0,0.0,0.0,0.0,0.0,0.0,0.0,0.0,0.0,65797.66272269104,0.0
t2871,0.0,0.0,0.0,0.0,0.0,0.0,0.0,0.0,0.0,85475.45900701957,0.0
t2872,0.0,0.0,0.0,0.0,0.0,0.0,0.0,0.0,0.0,104631.7710694005,0.0
t2873,0.0,0.0,0.0,0.0,0.0,0.0,0.0,0.0,0.0,122249.76873198184,0.0
t2874,0.0,0.0,0.0,0.0,0.0,0.0,0.0,0.0,0.0,137803.43595132732,0.0
t2875,0.0,0.0,0.0,0.0,0.0,0.0,0.0,0.0,0.0,139499.21387929076,2522.2733703097024
t2876,0.0,0.0,0.0,0.0,0.0,0.0,0.0,0.0,0.0,132303.19775245804,0.0
t2877,0.0,0.0,0.0,0.0,0.0,0.0,0.0,0.0,0.0,108913.78103341351,0.0
t2878,0.0,0.0,0.0,0.0,0.0,0.0,0.0,0.0,0.0,88439.62380718383,0.0
t2879,0.0,0.0,0.0,0.0,0.0,0.0,0.0,0.0,0.0,71090.10375386111,0.0
t2880,0.0,0.0,0.0,0.0,0.0,0.0,0.0,0.0,0.0,60159.39877349154,0.0
t2881,0.0,0.0,0.0,0.0,0.0,0.0,0.0,0.0,0.0,53201.281277267684,0.0
t2882,0.0,0.0,0.0,0.0,0.0,0.0,0.0,0.0,0.0,47127.948109487916,0.0
t2883,0.0,0.0,0.0,0.0,0.0,0.0,0.0,0.0,0.0,43604.958437794405,0.0
t2884,0.0,0.0,0.0,0.0,0.0,0.0,0.0,0.0,0.0,41233.83252031679,0.0
t2885,0.0,0.0,0.0,0.0,0.0,0.0,0.0,0.0,0.0,39427.99066866078,0.0
t2886,0.0,0.0,0.0,0.0,0.0,0.0,0.0,0.0,0.0,33234.6975611406,0.0
t2887,0.0,0.0,0.0,0.0,0.0,0.0,0.0,0.0,0.0,19860.095662791926,0.0
t2888,0.0,0.0,0.0,0.0,0.0,0.0,0.0,0.0,0.0,5367.668060043913,0.0
t2889,0.0,0.0,0.0,0.0,0.0,0.0,0.0,0.0,0.0,-2.7284841053187847e-12,0.0
t2890,0.0,0.0,0.0,0.0,0.0,0.0,0.0,0.0,0.0,4863.180625117233,0.0
t2891,0.0,0.0,0.0,0.0,0.0,0.0,0.0,0.0,0.0,19091.95309905092,0.0
t2892,0.0,0.0,0.0,0.0,0.0,0.0,0.0,0.0,0.0,38177.2370886571,0.0
t2893,0.0,0.0,0.0,0.0,0.0,0.0,0.0,0.0,0.0,58677.033103970665,0.0
t2894,0.0,0.0,0.0,0.0,0.0,0.0,0.0,0.0,0.0,79378.91300235168,0.0
t2895,0.0,0.0,0.0,0.0,0.0,0.0,0.0,0.0,0.0,99383.48572602795,0.0
t2896,0.0,0.0,0.0,0.0,0.0,0.0,0.0,0.0,0.0,119072.84409277231,0.0
t2897,0.0,0.0,0.0,0.0,0.0,0.0,0.0,0.0,0.0,133868.05962372705,0.0
t2898,0.0,0.0,0.0,0.0,0.0,0.0,0.0,0.0,0.0,139499.21387929076,7137.467842474161
t2899,0.0,0.0,0.0,0.0,0.0,0.0,0.0,0.0,0.0,139499.21387929076,8165.494178181939
t2900,0.0,0.0,0.0,0.0,0.0,0.0,0.0,0.0,0.0,135662.16292188168,0.0
t2901,0.0,0.0,0.0,0.0,0.0,0.0,0.0,0.0,0.0,109187.92904086715,0.0
t2902,0.0,0.0,0.0,0.0,0.0,0.0,0.0,0.0,0.0,86005.5931720779,0.0
t2903,0.0,0.0,0.0,0.0,0.0,0.0,0.0,0.0,0.0,67625.5599616132,0.0
t2904,0.0,0.0,0.0,0.0,0.0,0.0,0.0,0.0,0.0,57156.959805257444,0.0
t2905,0.0,0.0,0.0,0.0,0.0,0.0,0.0,0.0,0.0,50711.09801058565,0.0
t2906,0.0,0.0,0.0,0.0,0.0,0.0,0.0,0.0,0.0,45873.22626590977,0.0
t2907,0.0,0.0,0.0,0.0,0.0,0.0,0.0,0.0,0.0,41607.565532535344,0.0
t2908,0.0,0.0,0.0,0.0,0.0,0.0,0.0,0.0,0.0,37695.710187111545,0.0
t2909,0.0,0.0,0.0,0.0,0.0,0.0,0.0,0.0,0.0,33172.503189349314,0.0
t2910,0.0,0.0,0.0,0.0,0.0,0.0,0.0,0.0,0.0,26395.83990222347,0.0
t2911,0.0,0.0,0.0,0.0,0.0,0.0,0.0,0.0,0.0,14210.098527078033,0.0
t2912,0.0,0.0,0.0,0.0,0.0,0.0,0.0,0.0,0.0,0.0,0.0
t2913,0.0,0.0,0.0,0.0,0.0,0.0,0.0,0.0,0.0,344.69708210316094,0.0
t2914,0.0,0.0,0.0,0.0,0.0,0.0,0.0,0.0,0.0,11962.716077183431,0.0
t2915,0.0,0.0,0.0,0.0,0.0,0.0,0.0,0.0,0.0,30284.85186878698,0.0
t2916,0.0,0.0,0.0,0.0,0.0,0.0,0.0,0.0,0.0,51015.99877225551,0.0
t2917,0.0,0.0,0.0,0.0,0.0,0.0,0.0,0.0,0.0,71483.96776171966,0.0
t2918,0.0,0.0,0.0,0.0,0.0,0.0,0.0,0.0,0.0,91305.04828568058,0.0
t2919,0.0,0.0,0.0,0.0,0.0,0.0,0.0,0.0,0.0,110772.25744055538,0.0
t2920,0.0,0.0,0.0,0.0,0.0,0.0,0.0,0.0,0.0,125930.521285218,0.0
t2921,0.0,0.0,0.0,0.0,0.0,0.0,0.0,0.0,0.0,136725.24656959542,0.0
t2922,0.0,0.0,0.0,0.0,0.0,0.0,0.0,0.0,0.0,139499.21387929076,4114.489175928708
t2923,0.0,0.0,0.0,0.0,0.0,0.0,0.0,0.0,0.0,139499.21387929076,0.0
t2924,0.0,0.0,0.0,0.0,0.0,0.0,0.0,0.0,0.0,125605.70412295073,0.0
t2925,0.0,0.0,0.0,0.0,0.0,0.0,0.0,0.0,0.0,98529.71352713008,0.0
t2926,0.0,0.0,0.0,0.0,0.0,0.0,0.0,0.0,0.0,73786.58423602414,0.0
t2927,0.0,0.0,0.0,0.0,0.0,0.0,0.0,0.0,0.0,53382.09940982777,0.0
t2928,0.0,0.0,0.0,0.0,0.0,0.0,0.0,0.0,0.0,40259.18754902454,0.0
t2929,0.0,0.0,0.0,0.0,0.0,0.0,0.0,0.0,0.0,33404.700282078265,0.0
t2930,0.0,0.0,0.0,0.0,0.0,0.0,0.0,0.0,0.0,29671.069733595858,0.0
t2931,0.0,0.0,0.0,0.0,0.0,0.0,0.0,0.0,0.0,27829.857142717257,0.0
t2932,0.0,0.0,0.0,0.0,0.0,0.0,0.0,0.0,0.0,26881.965972168597,0.0
t2933,0.0,0.0,0.0,0.0,0.0,0.0,0.0,0.0,0.0,25399.394284949372,0.0
t2934,0.0,0.0,0.0,0.0,0.0,0.0,0.0,0.0,0.0,21535.002986275576,0.0
t2935,0.0,0.0,0.0,0.0,0.0,0.0,0.0,0.0,0.0,12074.718470128217,0.0
t2936,0.0,0.0,0.0,0.0,0.0,0.0,0.0,0.0,0.0,0.0,0.0
t2937,0.0,0.0,0.0,0.0,0.0,0.0,0.0,0.0,0.0,0.0,0.0
t2938,0.0,0.0,0.0,0.0,0.0,0.0,0.0,0.0,0.0,10566.71428128272,0.0
t2939,0.0,0.0,0.0,0.0,0.0,0.0,0.0,0.0,0.0,23254.541047840343,0.0
t2940,0.0,0.0,0.0,0.0,0.0,0.0,0.0,0.0,0.0,46354.85266233008,0.0
t2941,0.0,0.0,0.0,0.0,0.0,0.0,0.0,0.0,0.0,66649.21292471848,0.0
t2942,0.0,0.0,0.0,0.0,0.0,0.0,0.0,0.0,0.0,86727.79622974385,0.0
t2943,0.0,0.0,0.0,0.0,0.0,0.0,0.0,0.0,0.0,104569.52708266102,0.0
t2944,0.0,0.0,0.0,0.0,0.0,0.0,0.0,0.0,0.0,124147.50378851852,0.0
t2945,0.0,0.0,0.0,0.0,0.0,0.0,0.0,0.0,0.0,137186.57780345296,0.0
t2946,0.0,0.0,0.0,0.0,0.0,0.0,0.0,0.0,0.0,139499.21387929076,0.0
t2947,0.0,0.0,0.0,0.0,0.0,0.0,0.0,0.0,0.0,137762.12248864217,0.0
t2948,0.0,0.0,0.0,0.0,0.0,0.0,0.0,0.0,0.0,119017.88036408559,0.0
t2949,0.0,0.0,0.0,0.0,0.0,0.0,0.0,0.0,0.0,89981.68592551051,0.0
t2950,0.0,0.0,0.0,0.0,0.0,0.0,0.0,0.0,0.0,64050.865918528805,0.0
t2951,0.0,0.0,0.0,0.0,0.0,0.0,0.0,0.0,0.0,45750.03862829611,0.0
t2952,0.0,0.0,0.0,0.0,0.0,0.0,0.0,0.0,0.0,36564.79399721062,0.0
t2953,0.0,0.0,0.0,0.0,0.0,0.0,0.0,0.0,0.0,33782.01274774155,0.0
t2954,0.0,0.0,0.0,0.0,0.0,0.0,0.0,0.0,0.0,32549.543376848524,0.0
t2955,0.0,0.0,0.0,0.0,0.0,0.0,0.0,0.0,0.0,31449.62407034082,0.0
t2956,0.0,0.0,0.0,0.0,0.0,0.0,0.0,0.0,0.0,30781.255957469897,0.0
t2957,0.0,0.0,0.0,0.0,0.0,0.0,0.0,0.0,0.0,28840.68415554671,0.0
t2958,0.0,0.0,0.0,0.0,0.0,0.0,0.0,0.0,0.0,24626.202471896286,0.0
t2959,0.0,0.0,0.0,0.0,0.0,0.0,0.0,0.0,0.0,14812.930887547913,0.0
t2960,0.0,0.0,0.0,0.0,0.0,0.0,0.0,0.0,0.0,3048.6987885600265,0.0
t2961,0.0,0.0,0.0,0.0,0.0,0.0,0.0,0.0,0.0,0.0,0.0
t2962,0.0,0.0,0.0,0.0,0.0,0.0,0.0,0.0,0.0,3812.6265786926747,0.0
t2963,0.0,0.0,0.0,0.0,0.0,0.0,0.0,0.0,0.0,23341.387404825575,0.0
t2964,0.0,0.0,0.0,0.0,0.0,0.0,0.0,0.0,0.0,41185.72658281766,0.0
t2965,0.0,0.0,0.0,0.0,0.0,0.0,0.0,0.0,0.0,63676.73906416102,0.0
t2966,0.0,0.0,0.0,0.0,0.0,0.0,0.0,0.0,0.0,86579.00388814314,0.0
t2967,0.0,0.0,0.0,0.0,0.0,0.0,0.0,0.0,0.0,102062.39116007849,0.0
t2968,0.0,0.0,0.0,0.0,0.0,0.0,0.0,0.0,0.0,115922.46160123682,0.0
t2969,0.0,0.0,0.0,0.0,0.0,0.0,0.0,0.0,0.0,126496.5386799079,0.0
t2970,0.0,0.0,0.0,0.0,0.0,0.0,0.0,0.0,0.0,139499.21387929076,0.0
t2971,0.0,0.0,0.0,0.0,0.0,0.0,0.0,0.0,0.0,139499.21387929076,0.0
t2972,0.0,0.0,0.0,0.0,0.0,0.0,0.0,0.0,0.0,122402.1913344524,0.0
t2973,0.0,0.0,0.0,0.0,0.0,0.0,0.0,0.0,0.0,92189.94595708966,0.0
t2974,0.0,0.0,0.0,0.0,0.0,0.0,0.0,0.0,0.0,64202.034277808976,0.0
t2975,0.0,0.0,0.0,0.0,0.0,0.0,0.0,0.0,0.0,44387.80200345002,0.0
t2976,0.0,0.0,0.0,0.0,0.0,0.0,0.0,0.0,0.0,31482.675191367936,0.0
t2977,0.0,0.0,0.0,0.0,0.0,0.0,0.0,0.0,0.0,23084.027295904572,0.0
t2978,0.0,0.0,0.0,0.0,0.0,0.0,0.0,0.0,0.0,16378.754127283066,0.0
t2979,0.0,0.0,0.0,0.0,0.0,0.0,0.0,0.0,0.0,11140.296487614392,0.0
t2980,0.0,0.0,0.0,0.0,0.0,0.0,0.0,0.0,0.0,8251.48378635731,0.0
t2981,0.0,0.0,0.0,0.0,0.0,0.0,0.0,0.0,0.0,6841.793315881134,0.0
t2982,0.0,0.0,0.0,0.0,0.0,0.0,0.0,0.0,0.0,6017.897692854529,0.0
t2983,0.0,0.0,0.0,0.0,0.0,0.0,0.0,0.0,0.0,3651.4328741852464,0.0
t2984,0.0,0.0,0.0,0.0,0.0,0.0,0.0,0.0,0.0,0.0,0.0
t2985,0.0,0.0,0.0,0.0,0.0,0.0,0.0,0.0,0.0,1470.0773613975102,0.0
t2986,0.0,0.0,0.0,0.0,0.0,0.0,0.0,0.0,0.0,15623.241351026627,0.0
t2987,0.0,0.0,0.0,0.0,0.0,0.0,0.0,0.0,0.0,33294.48079362032,0.0
t2988,0.0,0.0,0.0,0.0,0.0,0.0,0.0,0.0,0.0,52637.156227038184,0.0
t2989,0.0,0.0,0.0,0.0,0.0,0.0,0.0,0.0,0.0,74675.63916793914,0.0
t2990,0.0,0.0,0.0,0.0,0.0,0.0,0.0,0.0,0.0,99003.10547757774,0.0
t2991,0.0,0.0,0.0,0.0,0.0,0.0,0.0,0.0,0.0,115209.7782749497,0.0
t2992,0.0,0.0,0.0,0.0,0.0,0.0,0.0,0.0,0.0,132211.51428694226,0.0
t2993,0.0,0.0,0.0,0.0,0.0,0.0,0.0,0.0,0.0,137550.75482055117,0.0
t2994,0.0,0.0,0.0,0.0,0.0,0.0,0.0,0.0,0.0,139499.21387929076,0.0
t2995,0.0,0.0,0.0,0.0,0.0,0.0,0.0,0.0,0.0,131095.53205698048,0.0
t2996,0.0,0.0,0.0,0.0,0.0,0.0,0.0,0.0,0.0,112504.96310353263,0.0
t2997,0.0,0.0,0.0,0.0,0.0,0.0,0.0,0.0,0.0,87492.6591124398,0.0
t2998,0.0,0.0,0.0,0.0,0.0,0.0,0.0,0.0,0.0,66217.41445611247,0.0
t2999,0.0,0.0,0.0,0.0,0.0,0.0,0.0,0.0,0.0,49382.65172615496,0.0
t3000,0.0,0.0,0.0,0.0,0.0,0.0,0.0,0.0,0.0,36742.25174928701,0.0
t3001,0.0,0.0,0.0,0.0,0.0,0.0,0.0,0.0,0.0,26876.377728548516,0.0
t3002,0.0,0.0,0.0,0.0,0.0,0.0,0.0,0.0,0.0,18643.869870149556,0.0
t3003,0.0,0.0,0.0,0.0,0.0,0.0,0.0,0.0,0.0,13886.913214138687,0.0
t3004,0.0,0.0,0.0,0.0,0.0,0.0,0.0,0.0,0.0,10821.414224241886,0.0
t3005,0.0,0.0,0.0,0.0,0.0,0.0,0.0,0.0,0.0,8645.189862663228,0.0
t3006,0.0,0.0,0.0,0.0,0.0,0.0,0.0,0.0,0.0,6668.525875974624,0.0
t3007,0.0,0.0,0.0,0.0,0.0,0.0,0.0,0.0,0.0,4370.842367281123,0.0
t3008,0.0,0.0,0.0,0.0,0.0,0.0,0.0,0.0,0.0,0.0,0.0
t3009,0.0,0.0,0.0,0.0,0.0,0.0,0.0,0.0,0.0,0.0,0.0
t3010,0.0,0.0,0.0,0.0,0.0,0.0,0.0,0.0,0.0,5970.927159221861,0.0
t3011,0.0,0.0,0.0,0.0,0.0,0.0,0.0,0.0,0.0,19373.61154526698,0.0
t3012,0.0,0.0,0.0,0.0,0.0,0.0,0.0,0.0,0.0,38537.41494430552,0.0
t3013,0.0,0.0,0.0,0.0,0.0,0.0,0.0,0.0,0.0,61715.44549468813,0.0
t3014,0.0,0.0,0.0,0.0,0.0,0.0,0.0,0.0,0.0,83862.40943223919,0.0
t3015,0.0,0.0,0.0,0.0,0.0,0.0,0.0,0.0,0.0,105805.88922523825,0.0
t3016,0.0,0.0,0.0,0.0,0.0,0.0,0.0,0.0,0.0,124797.63928125471,0.0
t3017,0.0,0.0,0.0,0.0,0.0,0.0,0.0,0.0,0.0,139499.21387929076,0.0
t3018,0.0,0.0,0.0,0.0,0.0,0.0,0.0,0.0,0.0,139499.21387929076,10716.239659398441
t3019,0.0,0.0,0.0,0.0,0.0,0.0,0.0,0.0,0.0,139499.21387929076,8037.179744548831
t3020,0.0,0.0,0.0,0.0,0.0,0.0,0.0,0.0,0.0,135373.89997952292,0.0
t3021,0.0,0.0,0.0,0.0,0.0,0.0,0.0,0.0,0.0,110242.99193674733,0.0
t3022,0.0,0.0,0.0,0.0,0.0,0.0,0.0,0.0,0.0,86879.61717048408,0.0
t3023,0.0,0.0,0.0,0.0,0.0,0.0,0.0,0.0,0.0,67738.37517550279,0.0
t3024,0.0,0.0,0.0,0.0,0.0,0.0,0.0,0.0,0.0,53999.93861622166,0.0
t3025,0.0,0.0,0.0,0.0,0.0,0.0,0.0,0.0,0.0,45408.62642447136,0.0
t3026,0.0,0.0,0.0,0.0,0.0,0.0,0.0,0.0,0.0,40047.785153838806,0.0
t3027,0.0,0.0,0.0,0.0,0.0,0.0,0.0,0.0,0.0,35859.58575536588,0.0
t3028,0.0,0.0,0.0,0.0,0.0,0.0,0.0,0.0,0.0,33115.63861420627,0.0
t3029,0.0,0.0,0.0,0.0,0.0,0.0,0.0,0.0,0.0,30133.943065859577,0.0
t3030,0.0,0.0,0.0,0.0,0.0,0.0,0.0,0.0,0.0,23962.02380270649,0.0
t3031,0.0,0.0,0.0,0.0,0.0,0.0,0.0,0.0,0.0,13088.20184557809,0.0
t3032,0.0,0.0,0.0,0.0,0.0,0.0,0.0,0.0,0.0,0.0,0.0
t3033,0.0,0.0,0.0,0.0,0.0,0.0,0.0,0.0,0.0,1324.0400017128318,0.0
t3034,0.0,0.0,0.0,0.0,0.0,0.0,0.0,0.0,0.0,15427.349713404838,0.0
t3035,0.0,0.0,0.0,0.0,0.0,0.0,0.0,0.0,0.0,32905.30981581464,0.0
t3036,0.0,0.0,0.0,0.0,0.0,0.0,0.0,0.0,0.0,53892.34291224115,0.0
t3037,0.0,0.0,0.0,0.0,0.0,0.0,0.0,0.0,0.0,74235.18281496914,0.0
t3038,0.0,0.0,0.0,0.0,0.0,0.0,0.0,0.0,0.0,92915.35170009537,0.0
t3039,0.0,0.0,0.0,0.0,0.0,0.0,0.0,0.0,0.0,110777.361569361,0.0
t3040,0.0,0.0,0.0,0.0,0.0,0.0,0.0,0.0,0.0,130753.9075033851,0.0
t3041,0.0,0.0,0.0,0.0,0.0,0.0,0.0,0.0,0.0,139499.21387929076,0.0
t3042,0.0,0.0,0.0,0.0,0.0,0.0,0.0,0.0,0.0,138159.22840261346,0.0
t3043,0.0,0.0,0.0,0.0,0.0,0.0,0.0,0.0,0.0,127926.38309377429,0.0
t3044,0.0,0.0,0.0,0.0,0.0,0.0,0.0,0.0,0.0,106687.5004297786,0.0
t3045,0.0,0.0,0.0,0.0,0.0,0.0,0.0,0.0,0.0,80923.03984149259,0.0
t3046,0.0,0.0,0.0,0.0,0.0,0.0,0.0,0.0,0.0,57781.362157150674,0.0
t3047,0.0,0.0,0.0,0.0,0.0,0.0,0.0,0.0,0.0,41947.54929977528,0.0
t3048,0.0,0.0,0.0,0.0,0.0,0.0,0.0,0.0,0.0,31602.61318661787,0.0
t3049,0.0,0.0,0.0,0.0,0.0,0.0,0.0,0.0,0.0,26142.892983764006,0.0
t3050,0.0,0.0,0.0,0.0,0.0,0.0,0.0,0.0,0.0,23311.89992884128,0.0
t3051,0.0,0.0,0.0,0.0,0.0,0.0,0.0,0.0,0.0,22268.00478794286,0.0
t3052,0.0,0.0,0.0,0.0,0.0,0.0,0.0,0.0,0.0,22268.00478794286,0.0
t3053,0.0,0.0,0.0,0.0,0.0,0.0,0.0,0.0,0.0,22268.00478794286,0.0
t3054,0.0,0.0,0.0,0.0,0.0,0.0,0.0,0.0,0.0,19837.63169017466,0.0
t3055,0.0,0.0,0.0,0.0,0.0,0.0,0.0,0.0,0.0,12354.075962860737,0.0
t3056,0.0,0.0,0.0,0.0,0.0,0.0,0.0,0.0,0.0,3236.045056693144,0.0
t3057,0.0,0.0,0.0,0.0,0.0,0.0,0.0,0.0,0.0,0.0,0.0
t3058,0.0,0.0,0.0,0.0,0.0,0.0,0.0,0.0,0.0,0.0,0.0
t3059,0.0,0.0,0.0,0.0,0.0,0.0,0.0,0.0,0.0,0.0,0.0
t3060,0.0,0.0,0.0,0.0,0.0,0.0,0.0,0.0,0.0,4382.34929948416,0.0
t3061,0.0,0.0,0.0,0.0,0.0,0.0,0.0,0.0,0.0,16353.041076251764,0.0
t3062,0.0,0.0,0.0,0.0,0.0,0.0,0.0,0.0,0.0,25169.488542775434,0.0
t3063,0.0,0.0,0.0,0.0,0.0,0.0,0.0,0.0,0.0,40887.26474299519,0.0
t3064,0.0,0.0,0.0,0.0,0.0,0.0,0.0,0.0,0.0,56424.755205409296,0.0
t3065,0.0,0.0,0.0,0.0,0.0,0.0,0.0,0.0,0.0,74858.4757423619,0.0
t3066,0.0,0.0,0.0,0.0,0.0,0.0,0.0,0.0,0.0,87111.59907608904,0.0
t3067,0.0,0.0,0.0,0.0,0.0,0.0,0.0,0.0,0.0,95774.70647379431,0.0
t3068,0.0,0.0,0.0,0.0,0.0,0.0,0.0,0.0,0.0,88495.95201444664,0.0
t3069,0.0,0.0,0.0,0.0,0.0,0.0,0.0,0.0,0.0,73219.55858714116,0.0
t3070,0.0,0.0,0.0,0.0,0.0,0.0,0.0,0.0,0.0,56517.79320799023,0.0
t3071,0.0,0.0,0.0,0.0,0.0,0.0,0.0,0.0,0.0,43093.676784500465,0.0
t3072,0.0,0.0,0.0,0.0,0.0,0.0,0.0,0.0,0.0,34489.5827320155,0.0
t3073,0.0,0.0,0.0,0.0,0.0,0.0,0.0,0.0,0.0,29921.984525404503,0.0
t3074,0.0,0.0,0.0,0.0,0.0,0.0,0.0,0.0,0.0,27438.172136989706,0.0
t3075,0.0,0.0,0.0,0.0,0.0,0.0,0.0,0.0,0.0,26128.6429413954,0.0
t3076,0.0,0.0,0.0,0.0,0.0,0.0,0.0,0.0,0.0,25312.287810844475,0.0
t3077,0.0,0.0,0.0,0.0,0.0,0.0,0.0,0.0,0.0,23902.662125725834,0.0
t3078,0.0,0.0,0.0,0.0,0.0,0.0,0.0,0.0,0.0,19789.3812091935,0.0
t3079,0.0,0.0,0.0,0.0,0.0,0.0,0.0,0.0,0.0,11388.183839932923,0.0
t3080,0.0,0.0,0.0,0.0,0.0,0.0,0.0,0.0,0.0,0.0,0.0
t3081,0.0,0.0,0.0,0.0,0.0,0.0,0.0,0.0,0.0,1563.793788891111,0.0
t3082,0.0,0.0,0.0,0.0,0.0,0.0,0.0,0.0,0.0,17052.312965577046,0.0
t3083,0.0,0.0,0.0,0.0,0.0,0.0,0.0,0.0,0.0,40171.54103301048,0.0
t3084,0.0,0.0,0.0,0.0,0.0,0.0,0.0,0.0,0.0,64735.86215000805,0.0
t3085,0.0,0.0,0.0,0.0,0.0,0.0,0.0,0.0,0.0,91083.52605529732,0.0
t3086,0.0,0.0,0.0,0.0,0.0,0.0,0.0,0.0,0.0,114991.56802542326,0.0
t3087,0.0,0.0,0.0,0.0,0.0,0.0,0.0,0.0,0.0,138351.44196893426,0.0
t3088,0.0,0.0,0.0,0.0,0.0,0.0,0.0,0.0,0.0,139499.21387929076,20192.147105708787
t3089,0.0,0.0,0.0,0.0,0.0,0.0,0.0,0.0,0.0,139499.21387929076,31355.163170238564
t3090,0.0,0.0,0.0,0.0,0.0,0.0,0.0,0.0,0.0,139499.21387929076,28364.078194360933
t3091,0.0,0.0,0.0,0.0,0.0,0.0,0.0,0.0,0.0,139499.21387929076,17663.788228909
t3092,0.0,0.0,0.0,0.0,0.0,0.0,0.0,0.0,0.0,135723.28365596788,0.0
t3093,0.0,0.0,0.0,0.0,0.0,0.0,0.0,0.0,0.0,109442.14022432215,0.0
t3094,0.0,0.0,0.0,0.0,0.0,0.0,0.0,0.0,0.0,83549.8650055554,0.0
t3095,0.0,0.0,0.0,0.0,0.0,0.0,0.0,0.0,0.0,63578.13670692558,0.0
t3096,0.0,0.0,0.0,0.0,0.0,0.0,0.0,0.0,0.0,50713.439248303854,0.0
t3097,0.0,0.0,0.0,0.0,0.0,0.0,0.0,0.0,0.0,42161.53790088043,0.0
t3098,0.0,0.0,0.0,0.0,0.0,0.0,0.0,0.0,0.0,36509.22394210363,0.0
t3099,0.0,0.0,0.0,0.0,0.0,0.0,0.0,0.0,0.0,33012.61878625412,0.0
t3100,0.0,0.0,0.0,0.0,0.0,0.0,0.0,0.0,0.0,29939.93543813465,0.0
t3101,0.0,0.0,0.0,0.0,0.0,0.0,0.0,0.0,0.0,26637.53691583637,0.0
t3102,0.0,0.0,0.0,0.0,0.0,0.0,0.0,0.0,0.0,21147.2215803092,0.0
t3103,0.0,0.0,0.0,0.0,0.0,0.0,0.0,0.0,0.0,11056.731875738851,0.0
t3104,0.0,0.0,0.0,0.0,0.0,0.0,0.0,0.0,0.0,1776.816618717916,0.0
t3105,0.0,0.0,0.0,0.0,0.0,0.0,0.0,0.0,0.0,0.0,0.0
t3106,0.0,0.0,0.0,0.0,0.0,0.0,0.0,0.0,0.0,0.0,0.0
t3107,0.0,0.0,0.0,0.0,0.0,0.0,0.0,0.0,0.0,5359.68413118122,0.0
t3108,0.0,0.0,0.0,0.0,0.0,0.0,0.0,0.0,0.0,16226.38903421507,0.0
t3109,0.0,0.0,0.0,0.0,0.0,0.0,0.0,0.0,0.0,24526.81656387511,0.0
t3110,0.0,0.0,0.0,0.0,0.0,0.0,0.0,0.0,0.0,40536.5355002897,0.0
t3111,0.0,0.0,0.0,0.0,0.0,0.0,0.0,0.0,0.0,57710.06377030567,0.0
t3112,0.0,0.0,0.0,0.0,0.0,0.0,0.0,0.0,0.0,77289.42005546522,0.0
t3113,0.0,0.0,0.0,0.0,0.0,0.0,0.0,0.0,0.0,97074.98738770773,0.0
t3114,0.0,0.0,0.0,0.0,0.0,0.0,0.0,0.0,0.0,111291.3377923486,0.0
t3115,0.0,0.0,0.0,0.0,0.0,0.0,0.0,0.0,0.0,116558.03531984851,0.0
t3116,0.0,0.0,0.0,0.0,0.0,0.0,0.0,0.0,0.0,109693.58971395428,0.0
t3117,0.0,0.0,0.0,0.0,0.0,0.0,0.0,0.0,0.0,92897.7949987567,0.0
t3118,0.0,0.0,0.0,0.0,0.0,0.0,0.0,0.0,0.0,75782.54629270833,0.0
t3119,0.0,0.0,0.0,0.0,0.0,0.0,0.0,0.0,0.0,64356.630485744405,0.0
t3120,0.0,0.0,0.0,0.0,0.0,0.0,0.0,0.0,0.0,57061.30522042677,0.0
t3121,0.0,0.0,0.0,0.0,0.0,0.0,0.0,0.0,0.0,52601.3309341958,0.0
t3122,0.0,0.0,0.0,0.0,0.0,0.0,0.0,0.0,0.0,47931.792229571234,0.0
t3123,0.0,0.0,0.0,0.0,0.0,0.0,0.0,0.0,0.0,45786.10061490889,0.0
t3124,0.0,0.0,0.0,0.0,0.0,0.0,0.0,0.0,0.0,41826.92409437251,0.0
t3125,0.0,0.0,0.0,0.0,0.0,0.0,0.0,0.0,0.0,38355.74018633477,0.0
t3126,0.0,0.0,0.0,0.0,0.0,0.0,0.0,0.0,0.0,30885.100436181794,0.0
t3127,0.0,0.0,0.0,0.0,0.0,0.0,0.0,0.0,0.0,17327.666246829427,0.0
t3128,0.0,0.0,0.0,0.0,0.0,0.0,0.0,0.0,0.0,0.0,0.0
t3129,0.0,0.0,0.0,0.0,0.0,0.0,0.0,0.0,0.0,889.2950132384285,0.0
t3130,0.0,0.0,0.0,0.0,0.0,0.0,0.0,0.0,0.0,16117.663841128277,0.0
t3131,0.0,0.0,0.0,0.0,0.0,0.0,0.0,0.0,0.0,36846.506080271356,0.0
t3132,0.0,0.0,0.0,0.0,0.0,0.0,0.0,0.0,0.0,61010.654223890844,0.0
t3133,0.0,0.0,0.0,0.0,0.0,0.0,0.0,0.0,0.0,83829.038963338,0.0
t3134,0.0,0.0,0.0,0.0,0.0,0.0,0.0,0.0,0.0,106301.09841397656,0.0
t3135,0.0,0.0,0.0,0.0,0.0,0.0,0.0,0.0,0.0,127740.00412363943,0.0
t3136,0.0,0.0,0.0,0.0,0.0,0.0,0.0,0.0,0.0,139499.21387929076,9351.73123851415
t3137,0.0,0.0,0.0,0.0,0.0,0.0,0.0,0.0,0.0,139499.21387929076,28067.61327857664
t3138,0.0,0.0,0.0,0.0,0.0,0.0,0.0,0.0,0.0,139499.21387929076,38123.61810277525
t3139,0.0,0.0,0.0,0.0,0.0,0.0,0.0,0.0,0.0,139499.21387929076,35643.078660935316
t3140,0.0,0.0,0.0,0.0,0.0,0.0,0.0,0.0,0.0,139499.21387929076,15089.286914386807
t3141,0.0,0.0,0.0,0.0,0.0,0.0,0.0,0.0,0.0,125076.68163032785,0.0
t3142,0.0,0.0,0.0,0.0,0.0,0.0,0.0,0.0,0.0,104119.29601353985,0.0
t3143,0.0,0.0,0.0,0.0,0.0,0.0,0.0,0.0,0.0,86194.69346144721,0.0
t3144,0.0,0.0,0.0,0.0,0.0,0.0,0.0,0.0,0.0,72339.43297218948,0.0
t3145,0.0,0.0,0.0,0.0,0.0,0.0,0.0,0.0,0.0,61479.754820576505,0.0
t3146,0.0,0.0,0.0,0.0,0.0,0.0,0.0,0.0,0.0,51948.76731788498,0.0
t3147,0.0,0.0,0.0,0.0,0.0,0.0,0.0,0.0,0.0,43295.72700367942,0.0
t3148,0.0,0.0,0.0,0.0,0.0,0.0,0.0,0.0,0.0,35602.941900037484,0.0
t3149,0.0,0.0,0.0,0.0,0.0,0.0,0.0,0.0,0.0,28273.23641316546,0.0
t3150,0.0,0.0,0.0,0.0,0.0,0.0,0.0,0.0,0.0,20146.41532301438,0.0
t3151,0.0,0.0,0.0,0.0,0.0,0.0,0.0,0.0,0.0,11125.53811634965,0.0
t3152,0.0,0.0,0.0,0.0,0.0,0.0,0.0,0.0,0.0,0.0,0.0
t3153,0.0,0.0,0.0,0.0,0.0,0.0,0.0,0.0,0.0,0.0,0.0
t3154,0.0,0.0,0.0,0.0,0.0,0.0,0.0,0.0,0.0,2236.0117170289072,0.0
t3155,0.0,0.0,0.0,0.0,0.0,0.0,0.0,0.0,0.0,26742.00956702671,0.0
t3156,0.0,0.0,0.0,0.0,0.0,0.0,0.0,0.0,0.0,55753.20217758569,0.0
t3157,0.0,0.0,0.0,0.0,0.0,0.0,0.0,0.0,0.0,85865.22039924674,0.0
t3158,0.0,0.0,0.0,0.0,0.0,0.0,0.0,0.0,0.0,114435.03184867391,0.0
t3159,0.0,0.0,0.0,0.0,0.0,0.0,0.0,0.0,0.0,130322.51842645233,0.0
t3160,0.0,0.0,0.0,0.0,0.0,0.0,0.0,0.0,0.0,139499.21387929076,19472.830576132666
t3161,0.0,0.0,0.0,0.0,0.0,0.0,0.0,0.0,0.0,139499.21387929076,41164.25467991508
t3162,0.0,0.0,0.0,0.0,0.0,0.0,0.0,0.0,0.0,139499.21387929076,56437.935042880184
t3163,0.0,0.0,0.0,0.0,0.0,0.0,0.0,0.0,0.0,139499.21387929076,59556.75444341646
t3164,0.0,0.0,0.0,0.0,0.0,0.0,0.0,0.0,0.0,139499.21387929076,47854.06793367583
t3165,0.0,0.0,0.0,0.0,0.0,0.0,0.0,0.0,0.0,139499.21387929076,0.0
t3166,0.0,0.0,0.0,0.0,0.0,0.0,0.0,0.0,0.0,116501.80099687824,0.0
t3167,0.0,0.0,0.0,0.0,0.0,0.0,0.0,0.0,0.0,94601.49947449181,0.0
t3168,0.0,0.0,0.0,0.0,0.0,0.0,0.0,0.0,0.0,76169.34464289149,0.0
t3169,0.0,0.0,0.0,0.0,0.0,0.0,0.0,0.0,0.0,60977.07247076104,0.0
t3170,0.0,0.0,0.0,0.0,0.0,0.0,0.0,0.0,0.0,48483.9480621673,0.0
t3171,0.0,0.0,0.0,0.0,0.0,0.0,0.0,0.0,0.0,38078.60223626831,0.0
t3172,0.0,0.0,0.0,0.0,0.0,0.0,0.0,0.0,0.0,29427.70388773163,0.0
t3173,0.0,0.0,0.0,0.0,0.0,0.0,0.0,0.0,0.0,21381.138277528087,0.0
t3174,0.0,0.0,0.0,0.0,0.0,0.0,0.0,0.0,0.0,13384.292684004608,0.0
t3175,0.0,0.0,0.0,0.0,0.0,0.0,0.0,0.0,0.0,5372.389340966759,0.0
t3176,0.0,0.0,0.0,0.0,0.0,0.0,0.0,0.0,0.0,0.0,0.0
t3177,0.0,0.0,0.0,0.0,0.0,0.0,0.0,0.0,0.0,13472.216345491639,0.0
t3178,0.0,0.0,0.0,0.0,0.0,0.0,0.0,0.0,0.0,23744.732372909733,0.0
t3179,0.0,0.0,0.0,0.0,0.0,0.0,0.0,0.0,0.0,41455.75156684397,0.0
t3180,0.0,0.0,0.0,0.0,0.0,0.0,0.0,0.0,0.0,62609.52857889773,0.0
t3181,0.0,0.0,0.0,0.0,0.0,0.0,0.0,0.0,0.0,78648.22184410918,0.0
t3182,0.0,0.0,0.0,0.0,0.0,0.0,0.0,0.0,0.0,110060.48130937772,0.0
t3183,0.0,0.0,0.0,0.0,0.0,0.0,0.0,0.0,0.0,139499.21387929076,0.0
t3184,0.0,0.0,0.0,0.0,0.0,0.0,0.0,0.0,0.0,139499.21387929076,28638.54041902639
t3185,0.0,0.0,0.0,0.0,0.0,0.0,0.0,0.0,0.0,139499.21387929076,47745.669620416964
t3186,0.0,0.0,0.0,0.0,0.0,0.0,0.0,0.0,0.0,139499.21387929076,58046.87132858842
t3187,0.0,0.0,0.0,0.0,0.0,0.0,0.0,0.0,0.0,139499.21387929076,56371.501172687604
t3188,0.0,0.0,0.0,0.0,0.0,0.0,0.0,0.0,0.0,139499.21387929076,42278.625879515705
t3189,0.0,0.0,0.0,0.0,0.0,0.0,0.0,0.0,0.0,134361.35143000397,0.0
t3190,0.0,0.0,0.0,0.0,0.0,0.0,0.0,0.0,0.0,110671.9999780708,0.0
t3191,0.0,0.0,0.0,0.0,0.0,0.0,0.0,0.0,0.0,91221.7607114154,0.0
t3192,0.0,0.0,0.0,0.0,0.0,0.0,0.0,0.0,0.0,77682.36679747113,0.0
t3193,0.0,0.0,0.0,0.0,0.0,0.0,0.0,0.0,0.0,68051.10504680923,0.0
t3194,0.0,0.0,0.0,0.0,0.0,0.0,0.0,0.0,0.0,60956.54368657211,0.0
t3195,0.0,0.0,0.0,0.0,0.0,0.0,0.0,0.0,0.0,55322.99328383754,0.0
t3196,0.0,0.0,0.0,0.0,0.0,0.0,0.0,0.0,0.0,50311.50409636813,0.0
t3197,0.0,0.0,0.0,0.0,0.0,0.0,0.0,0.0,0.0,44382.855162858345,0.0
t3198,0.0,0.0,0.0,0.0,0.0,0.0,0.0,0.0,0.0,35364.65405846016,0.0
t3199,0.0,0.0,0.0,0.0,0.0,0.0,0.0,0.0,0.0,21422.840944658918,0.0
t3200,0.0,0.0,0.0,0.0,0.0,0.0,0.0,0.0,0.0,5887.187221220584,0.0
t3201,0.0,0.0,0.0,0.0,0.0,0.0,0.0,0.0,0.0,0.0,0.0
t3202,0.0,0.0,0.0,0.0,0.0,0.0,0.0,0.0,0.0,4139.054383043815,0.0
t3203,0.0,0.0,0.0,0.0,0.0,0.0,0.0,0.0,0.0,17234.56370603362,0.0
t3204,0.0,0.0,0.0,0.0,0.0,0.0,0.0,0.0,0.0,36443.99514865267,0.0
t3205,0.0,0.0,0.0,0.0,0.0,0.0,0.0,0.0,0.0,58241.85204237624,0.0
t3206,0.0,0.0,0.0,0.0,0.0,0.0,0.0,0.0,0.0,79584.63428384415,0.0
t3207,0.0,0.0,0.0,0.0,0.0,0.0,0.0,0.0,0.0,99459.11560043223,0.0
t3208,0.0,0.0,0.0,0.0,0.0,0.0,0.0,0.0,0.0,116105.65093857939,0.0
t3209,0.0,0.0,0.0,0.0,0.0,0.0,0.0,0.0,0.0,130081.671383529,0.0
t3210,0.0,0.0,0.0,0.0,0.0,0.0,0.0,0.0,0.0,136779.0234710846,0.0
t3211,0.0,0.0,0.0,0.0,0.0,0.0,0.0,0.0,0.0,139499.21387929076,1250.855758529601
t3212,0.0,0.0,0.0,0.0,0.0,0.0,0.0,0.0,0.0,130017.81732188418,0.0
t3213,0.0,0.0,0.0,0.0,0.0,0.0,0.0,0.0,0.0,108237.91568235701,0.0
t3214,0.0,0.0,0.0,0.0,0.0,0.0,0.0,0.0,0.0,87036.62346157849,0.0
t3215,0.0,0.0,0.0,0.0,0.0,0.0,0.0,0.0,0.0,69425.04441272597,0.0
t3216,0.0,0.0,0.0,0.0,0.0,0.0,0.0,0.0,0.0,59259.37999260303,0.0
t3217,0.0,0.0,0.0,0.0,0.0,0.0,0.0,0.0,0.0,52266.33287163287,0.0
t3218,0.0,0.0,0.0,0.0,0.0,0.0,0.0,0.0,0.0,47838.795051289795,0.0
t3219,0.0,0.0,0.0,0.0,0.0,0.0,0.0,0.0,0.0,42942.62104803559,0.0
t3220,0.0,0.0,0.0,0.0,0.0,0.0,0.0,0.0,0.0,40411.30097074619,0.0
t3221,0.0,0.0,0.0,0.0,0.0,0.0,0.0,0.0,0.0,38294.3134320405,0.0
t3222,0.0,0.0,0.0,0.0,0.0,0.0,0.0,0.0,0.0,35846.61853241016,0.0
t3223,0.0,0.0,0.0,0.0,0.0,0.0,0.0,0.0,0.0,24629.62430970178,0.0
t3224,0.0,0.0,0.0,0.0,0.0,0.0,0.0,0.0,0.0,11182.682349041048,0.0
t3225,0.0,0.0,0.0,0.0,0.0,0.0,0.0,0.0,0.0,0.0,0.0
t3226,0.0,0.0,0.0,0.0,0.0,0.0,0.0,0.0,0.0,638.5349671876647,0.0
t3227,0.0,0.0,0.0,0.0,0.0,0.0,0.0,0.0,0.0,12656.830834065091,0.0
t3228,0.0,0.0,0.0,0.0,0.0,0.0,0.0,0.0,0.0,30426.121345530933,0.0
t3229,0.0,0.0,0.0,0.0,0.0,0.0,0.0,0.0,0.0,52388.926193615,0.0
t3230,0.0,0.0,0.0,0.0,0.0,0.0,0.0,0.0,0.0,72974.16059816514,0.0
t3231,0.0,0.0,0.0,0.0,0.0,0.0,0.0,0.0,0.0,95258.5320924089,0.0
t3232,0.0,0.0,0.0,0.0,0.0,0.0,0.0,0.0,0.0,116881.18563322701,0.0
t3233,0.0,0.0,0.0,0.0,0.0,0.0,0.0,0.0,0.0,133284.4830670184,0.0
t3234,0.0,0.0,0.0,0.0,0.0,0.0,0.0,0.0,0.0,139499.21387929076,11560.728025965993
t3235,0.0,0.0,0.0,0.0,0.0,0.0,0.0,0.0,0.0,139499.21387929076,15069.495907661145
t3236,0.0,0.0,0.0,0.0,0.0,0.0,0.0,0.0,0.0,139499.21387929076,2850.8515114658876
t3237,0.0,0.0,0.0,0.0,0.0,0.0,0.0,0.0,0.0,119089.8823828353,0.0
t3238,0.0,0.0,0.0,0.0,0.0,0.0,0.0,0.0,0.0,94361.61007771885,0.0
t3239,0.0,0.0,0.0,0.0,0.0,0.0,0.0,0.0,0.0,73788.1908168147,0.0
t3240,0.0,0.0,0.0,0.0,0.0,0.0,0.0,0.0,0.0,59612.338710302356,0.0
t3241,0.0,0.0,0.0,0.0,0.0,0.0,0.0,0.0,0.0,50036.348012755225,0.0
t3242,0.0,0.0,0.0,0.0,0.0,0.0,0.0,0.0,0.0,43063.43433047706,0.0
t3243,0.0,0.0,0.0,0.0,0.0,0.0,0.0,0.0,0.0,37789.728762750965,0.0
t3244,0.0,0.0,0.0,0.0,0.0,0.0,0.0,0.0,0.0,33395.094199542866,0.0
t3245,0.0,0.0,0.0,0.0,0.0,0.0,0.0,0.0,0.0,28766.095601993853,0.0
t3246,0.0,0.0,0.0,0.0,0.0,0.0,0.0,0.0,0.0,21795.557936560283,0.0
t3247,0.0,0.0,0.0,0.0,0.0,0.0,0.0,0.0,0.0,10277.435227730693,0.0
t3248,0.0,0.0,0.0,0.0,0.0,0.0,0.0,0.0,0.0,3.637978807091713e-12,0.0
t3249,0.0,0.0,0.0,0.0,0.0,0.0,0.0,0.0,0.0,3.637978807091713e-12,0.0
t3250,0.0,0.0,0.0,0.0,0.0,0.0,0.0,0.0,0.0,19976.858791822277,0.0
t3251,0.0,0.0,0.0,0.0,0.0,0.0,0.0,0.0,0.0,47835.97370218626,0.0
t3252,0.0,0.0,0.0,0.0,0.0,0.0,0.0,0.0,0.0,72089.14365639373,0.0
t3253,0.0,0.0,0.0,0.0,0.0,0.0,0.0,0.0,0.0,96130.52247667726,0.0
t3254,0.0,0.0,0.0,0.0,0.0,0.0,0.0,0.0,0.0,116946.69545992182,0.0
t3255,0.0,0.0,0.0,0.0,0.0,0.0,0.0,0.0,0.0,139499.21387929076,0.0
t3256,0.0,0.0,0.0,0.0,0.0,0.0,0.0,0.0,0.0,139499.21387929076,19719.718716874795
t3257,0.0,0.0,0.0,0.0,0.0,0.0,0.0,0.0,0.0,139499.21387929076,29175.73741607067
t3258,0.0,0.0,0.0,0.0,0.0,0.0,0.0,0.0,0.0,139499.21387929076,33047.470466702885
t3259,0.0,0.0,0.0,0.0,0.0,0.0,0.0,0.0,0.0,139499.21387929076,28850.94712697265
t3260,0.0,0.0,0.0,0.0,0.0,0.0,0.0,0.0,0.0,139499.21387929076,7982.351153205392
t3261,0.0,0.0,0.0,0.0,0.0,0.0,0.0,0.0,0.0,117342.5079198355,0.0
t3262,0.0,0.0,0.0,0.0,0.0,0.0,0.0,0.0,0.0,89916.24609937692,0.0
t3263,0.0,0.0,0.0,0.0,0.0,0.0,0.0,0.0,0.0,68215.45371903524,0.0
t3264,0.0,0.0,0.0,0.0,0.0,0.0,0.0,0.0,0.0,53196.36340986857,0.0
t3265,0.0,0.0,0.0,0.0,0.0,0.0,0.0,0.0,0.0,42836.05259539606,0.0
t3266,0.0,0.0,0.0,0.0,0.0,0.0,0.0,0.0,0.0,35135.529992119926,0.0
t3267,0.0,0.0,0.0,0.0,0.0,0.0,0.0,0.0,0.0,29615.664965508186,0.0
t3268,0.0,0.0,0.0,0.0,0.0,0.0,0.0,0.0,0.0,25302.005556197895,0.0
t3269,0.0,0.0,0.0,0.0,0.0,0.0,0.0,0.0,0.0,21429.10877757865,0.0
t3270,0.0,0.0,0.0,0.0,0.0,0.0,0.0,0.0,0.0,15395.857497621073,0.0
t3271,0.0,0.0,0.0,0.0,0.0,0.0,0.0,0.0,0.0,5053.239382072208,0.0
t3272,0.0,0.0,0.0,0.0,0.0,0.0,0.0,0.0,0.0,0.0,0.0
t3273,0.0,0.0,0.0,0.0,0.0,0.0,0.0,0.0,0.0,7124.108759161885,0.0
t3274,0.0,0.0,0.0,0.0,0.0,0.0,0.0,0.0,0.0,25306.69513521789,0.0
t3275,0.0,0.0,0.0,0.0,0.0,0.0,0.0,0.0,0.0,49624.19368984703,0.0
t3276,0.0,0.0,0.0,0.0,0.0,0.0,0.0,0.0,0.0,74374.03336738763,0.0
t3277,0.0,0.0,0.0,0.0,0.0,0.0,0.0,0.0,0.0,98805.0883492657,0.0
t3278,0.0,0.0,0.0,0.0,0.0,0.0,0.0,0.0,0.0,120304.82142455019,0.0
t3279,0.0,0.0,0.0,0.0,0.0,0.0,0.0,0.0,0.0,139499.21387929076,0.0
t3280,0.0,0.0,0.0,0.0,0.0,0.0,0.0,0.0,0.0,139499.21387929076,19903.60646410258
t3281,0.0,0.0,0.0,0.0,0.0,0.0,0.0,0.0,0.0,139499.21387929076,29594.85698040713
t3282,0.0,0.0,0.0,0.0,0.0,0.0,0.0,0.0,0.0,139499.21387929076,33037.02703799433
t3283,0.0,0.0,0.0,0.0,0.0,0.0,0.0,0.0,0.0,139499.21387929076,27492.149033303227
t3284,0.0,0.0,0.0,0.0,0.0,0.0,0.0,0.0,0.0,139499.21387929076,4799.328603375234
t3285,0.0,0.0,0.0,0.0,0.0,0.0,0.0,0.0,0.0,120494.32126411241,0.0
t3286,0.0,0.0,0.0,0.0,0.0,0.0,0.0,0.0,0.0,92331.21506074835,0.0
t3287,0.0,0.0,0.0,0.0,0.0,0.0,0.0,0.0,0.0,69517.03626761505,0.0
t3288,0.0,0.0,0.0,0.0,0.0,0.0,0.0,0.0,0.0,54411.574537911554,0.0
t3289,0.0,0.0,0.0,0.0,0.0,0.0,0.0,0.0,0.0,44776.30430625593,0.0
t3290,0.0,0.0,0.0,0.0,0.0,0.0,0.0,0.0,0.0,38065.304980917346,0.0
t3291,0.0,0.0,0.0,0.0,0.0,0.0,0.0,0.0,0.0,33434.18327279796,0.0
t3292,0.0,0.0,0.0,0.0,0.0,0.0,0.0,0.0,0.0,29687.527691044594,0.0
t3293,0.0,0.0,0.0,0.0,0.0,0.0,0.0,0.0,0.0,25623.194498121415,0.0
t3294,0.0,0.0,0.0,0.0,0.0,0.0,0.0,0.0,0.0,19230.636574142078,0.0
t3295,0.0,0.0,0.0,0.0,0.0,0.0,0.0,0.0,0.0,8329.590704290682,0.0
t3296,0.0,0.0,0.0,0.0,0.0,0.0,0.0,0.0,0.0,0.0,0.0
t3297,0.0,0.0,0.0,0.0,0.0,0.0,0.0,0.0,0.0,5588.250603081411,0.0
t3298,0.0,0.0,0.0,0.0,0.0,0.0,0.0,0.0,0.0,22514.763161283965,0.0
t3299,0.0,0.0,0.0,0.0,0.0,0.0,0.0,0.0,0.0,45638.85853575269,0.0
t3300,0.0,0.0,0.0,0.0,0.0,0.0,0.0,0.0,0.0,70032.9299403719,0.0
t3301,0.0,0.0,0.0,0.0,0.0,0.0,0.0,0.0,0.0,94622.70787676066,0.0
t3302,0.0,0.0,0.0,0.0,0.0,0.0,0.0,0.0,0.0,117780.06655984538,0.0
t3303,0.0,0.0,0.0,0.0,0.0,0.0,0.0,0.0,0.0,139499.21387929076,0.0
t3304,0.0,0.0,0.0,0.0,0.0,0.0,0.0,0.0,0.0,139499.21387929076,21970.720555235108
t3305,0.0,0.0,0.0,0.0,0.0,0.0,0.0,0.0,0.0,139499.21387929076,35963.7454124017
t3306,0.0,0.0,0.0,0.0,0.0,0.0,0.0,0.0,0.0,139499.21387929076,42678.05119898345
t3307,0.0,0.0,0.0,0.0,0.0,0.0,0.0,0.0,0.0,139499.21387929076,38645.970095400065
t3308,0.0,0.0,0.0,0.0,0.0,0.0,0.0,0.0,0.0,139499.21387929076,18733.98025024202
t3309,0.0,0.0,0.0,0.0,0.0,0.0,0.0,0.0,0.0,126464.0877073206,0.0
t3310,0.0,0.0,0.0,0.0,0.0,0.0,0.0,0.0,0.0,97518.89027495915,0.0
t3311,0.0,0.0,0.0,0.0,0.0,0.0,0.0,0.0,0.0,74148.81354462828,0.0
t3312,0.0,0.0,0.0,0.0,0.0,0.0,0.0,0.0,0.0,56803.95680710269,0.0
t3313,0.0,0.0,0.0,0.0,0.0,0.0,0.0,0.0,0.0,45368.416399906855,0.0
t3314,0.0,0.0,0.0,0.0,0.0,0.0,0.0,0.0,0.0,36398.08670001267,0.0
t3315,0.0,0.0,0.0,0.0,0.0,0.0,0.0,0.0,0.0,29291.302895254317,0.0
t3316,0.0,0.0,0.0,0.0,0.0,0.0,0.0,0.0,0.0,23942.46812048337,0.0
t3317,0.0,0.0,0.0,0.0,0.0,0.0,0.0,0.0,0.0,19624.682482974902,0.0
t3318,0.0,0.0,0.0,0.0,0.0,0.0,0.0,0.0,0.0,14250.407722593362,0.0
t3319,0.0,0.0,0.0,0.0,0.0,0.0,0.0,0.0,0.0,6807.437149286693,0.0
t3320,0.0,0.0,0.0,0.0,0.0,0.0,0.0,0.0,0.0,0.0,0.0
t3321,0.0,0.0,0.0,0.0,0.0,0.0,0.0,0.0,0.0,0.0,0.0
t3322,0.0,0.0,0.0,0.0,0.0,0.0,0.0,0.0,0.0,19495.3475794757,0.0
t3323,0.0,0.0,0.0,0.0,0.0,0.0,0.0,0.0,0.0,45911.92996932473,0.0
t3324,0.0,0.0,0.0,0.0,0.0,0.0,0.0,0.0,0.0,57497.7517788008,0.0
t3325,0.0,0.0,0.0,0.0,0.0,0.0,0.0,0.0,0.0,84832.5822878086,0.0
t3326,0.0,0.0,0.0,0.0,0.0,0.0,0.0,0.0,0.0,112648.30225964208,0.0
t3327,0.0,0.0,0.0,0.0,0.0,0.0,0.0,0.0,0.0,139499.21387929076,0.0
t3328,0.0,0.0,0.0,0.0,0.0,0.0,0.0,0.0,0.0,139499.21387929076,27785.2350952525
t3329,0.0,0.0,0.0,0.0,0.0,0.0,0.0,0.0,0.0,139499.21387929076,43333.93038547944
t3330,0.0,0.0,0.0,0.0,0.0,0.0,0.0,0.0,0.0,139499.21387929076,51039.44914544312
t3331,0.0,0.0,0.0,0.0,0.0,0.0,0.0,0.0,0.0,139499.21387929076,45153.19204289282
t3332,0.0,0.0,0.0,0.0,0.0,0.0,0.0,0.0,0.0,139499.21387929076,23387.55481084055
t3333,0.0,0.0,0.0,0.0,0.0,0.0,0.0,0.0,0.0,127550.4160924925,0.0
t3334,0.0,0.0,0.0,0.0,0.0,0.0,0.0,0.0,0.0,102028.14664194243,0.0
t3335,0.0,0.0,0.0,0.0,0.0,0.0,0.0,0.0,0.0,80876.9868794195,0.0
t3336,0.0,0.0,0.0,0.0,0.0,0.0,0.0,0.0,0.0,65745.5825120862,0.0
t3337,0.0,0.0,0.0,0.0,0.0,0.0,0.0,0.0,0.0,54169.10310548263,0.0
t3338,0.0,0.0,0.0,0.0,0.0,0.0,0.0,0.0,0.0,44462.470979839396,0.0
t3339,0.0,0.0,0.0,0.0,0.0,0.0,0.0,0.0,0.0,36464.42256859127,0.0
t3340,0.0,0.0,0.0,0.0,0.0,0.0,0.0,0.0,0.0,30028.932747232586,0.0
t3341,0.0,0.0,0.0,0.0,0.0,0.0,0.0,0.0,0.0,22913.567028403148,0.0
t3342,0.0,0.0,0.0,0.0,0.0,0.0,0.0,0.0,0.0,16031.800472223287,0.0
t3343,0.0,0.0,0.0,0.0,0.0,0.0,0.0,0.0,0.0,7891.873297001853,0.0
t3344,0.0,0.0,0.0,0.0,0.0,0.0,0.0,0.0,0.0,0.0,0.0
t3345,0.0,0.0,0.0,0.0,0.0,0.0,0.0,0.0,0.0,8724.420398403612,0.0
t3346,0.0,0.0,0.0,0.0,0.0,0.0,0.0,0.0,0.0,25396.142250054403,0.0
t3347,0.0,0.0,0.0,0.0,0.0,0.0,0.0,0.0,0.0,49578.174567077665,0.0
t3348,0.0,0.0,0.0,0.0,0.0,0.0,0.0,0.0,0.0,73348.47928383903,0.0
t3349,0.0,0.0,0.0,0.0,0.0,0.0,0.0,0.0,0.0,96750.26194378787,0.0
t3350,0.0,0.0,0.0,0.0,0.0,0.0,0.0,0.0,0.0,118253.78312089914,0.0
t3351,0.0,0.0,0.0,0.0,0.0,0.0,0.0,0.0,0.0,139499.21387929076,0.0
t3352,0.0,0.0,0.0,0.0,0.0,0.0,0.0,0.0,0.0,139499.21387929076,20458.75968497889
t3353,0.0,0.0,0.0,0.0,0.0,0.0,0.0,0.0,0.0,139499.21387929076,30458.533588700073
t3354,0.0,0.0,0.0,0.0,0.0,0.0,0.0,0.0,0.0,139499.21387929076,33941.71726924704
t3355,0.0,0.0,0.0,0.0,0.0,0.0,0.0,0.0,0.0,139499.21387929076,28018.860138775635
t3356,0.0,0.0,0.0,0.0,0.0,0.0,0.0,0.0,0.0,139499.21387929076,8758.937744459232
t3357,0.0,0.0,0.0,0.0,0.0,0.0,0.0,0.0,0.0,119885.39957072455,0.0
t3358,0.0,0.0,0.0,0.0,0.0,0.0,0.0,0.0,0.0,95168.70510424493,0.0
t3359,0.0,0.0,0.0,0.0,0.0,0.0,0.0,0.0,0.0,75859.54669589881,0.0
t3360,0.0,0.0,0.0,0.0,0.0,0.0,0.0,0.0,0.0,62356.5630083452,0.0
t3361,0.0,0.0,0.0,0.0,0.0,0.0,0.0,0.0,0.0,52889.48114176571,0.0
t3362,0.0,0.0,0.0,0.0,0.0,0.0,0.0,0.0,0.0,45792.44549819662,0.0
t3363,0.0,0.0,0.0,0.0,0.0,0.0,0.0,0.0,0.0,40195.08424754548,0.0
t3364,0.0,0.0,0.0,0.0,0.0,0.0,0.0,0.0,0.0,35349.366758304925,0.0
t3365,0.0,0.0,0.0,0.0,0.0,0.0,0.0,0.0,0.0,30117.62602505838,0.0
t3366,0.0,0.0,0.0,0.0,0.0,0.0,0.0,0.0,0.0,22078.785336536675,0.0
t3367,0.0,0.0,0.0,0.0,0.0,0.0,0.0,0.0,0.0,9551.922220509325,0.0
t3368,0.0,0.0,0.0,0.0,0.0,0.0,0.0,0.0,0.0,0.0,0.0
t3369,0.0,0.0,0.0,0.0,0.0,0.0,0.0,0.0,0.0,5648.532782262666,0.0
t3370,0.0,0.0,0.0,0.0,0.0,0.0,0.0,0.0,0.0,21775.00719670649,0.0
t3371,0.0,0.0,0.0,0.0,0.0,0.0,0.0,0.0,0.0,42264.51948861962,0.0
t3372,0.0,0.0,0.0,0.0,0.0,0.0,0.0,0.0,0.0,62322.970287618315,0.0
t3373,0.0,0.0,0.0,0.0,0.0,0.0,0.0,0.0,0.0,81030.57494098693,0.0
t3374,0.0,0.0,0.0,0.0,0.0,0.0,0.0,0.0,0.0,96959.10486204988,0.0
t3375,0.0,0.0,0.0,0.0,0.0,0.0,0.0,0.0,0.0,112106.19211136442,0.0
t3376,0.0,0.0,0.0,0.0,0.0,0.0,0.0,0.0,0.0,125452.27016389312,0.0
t3377,0.0,0.0,0.0,0.0,0.0,0.0,0.0,0.0,0.0,134314.9024859681,0.0
t3378,0.0,0.0,0.0,0.0,0.0,0.0,0.0,0.0,0.0,139499.21387929076,0.0
t3379,0.0,0.0,0.0,0.0,0.0,0.0,0.0,0.0,0.0,139499.21387929076,0.0
t3380,0.0,0.0,0.0,0.0,0.0,0.0,0.0,0.0,0.0,132251.36670368732,0.0
t3381,0.0,0.0,0.0,0.0,0.0,0.0,0.0,0.0,0.0,106170.67622138171,0.0
t3382,0.0,0.0,0.0,0.0,0.0,0.0,0.0,0.0,0.0,77611.7305804953,0.0
t3383,0.0,0.0,0.0,0.0,0.0,0.0,0.0,0.0,0.0,55488.48853953424,0.0
t3384,0.0,0.0,0.0,0.0,0.0,0.0,0.0,0.0,0.0,41288.85850797631,0.0
t3385,0.0,0.0,0.0,0.0,0.0,0.0,0.0,0.0,0.0,31869.036257369215,0.0
t3386,0.0,0.0,0.0,0.0,0.0,0.0,0.0,0.0,0.0,26402.58329185439,0.0
t3387,0.0,0.0,0.0,0.0,0.0,0.0,0.0,0.0,0.0,23362.13588109086,0.0
t3388,0.0,0.0,0.0,0.0,0.0,0.0,0.0,0.0,0.0,21777.041851165515,0.0
t3389,0.0,0.0,0.0,0.0,0.0,0.0,0.0,0.0,0.0,20022.535922136824,0.0
t3390,0.0,0.0,0.0,0.0,0.0,0.0,0.0,0.0,0.0,16071.42945370813,0.0
t3391,0.0,0.0,0.0,0.0,0.0,0.0,0.0,0.0,0.0,7654.268445265647,0.0
t3392,0.0,0.0,0.0,0.0,0.0,0.0,0.0,0.0,0.0,0.0,0.0
t3393,0.0,0.0,0.0,0.0,0.0,0.0,0.0,0.0,0.0,4607.366250895157,0.0
t3394,0.0,0.0,0.0,0.0,0.0,0.0,0.0,0.0,0.0,20900.991778175532,0.0
t3395,0.0,0.0,0.0,0.0,0.0,0.0,0.0,0.0,0.0,43324.39041305384,0.0
t3396,0.0,0.0,0.0,0.0,0.0,0.0,0.0,0.0,0.0,65765.68600677614,0.0
t3397,0.0,0.0,0.0,0.0,0.0,0.0,0.0,0.0,0.0,86332.48108205489,0.0
t3398,0.0,0.0,0.0,0.0,0.0,0.0,0.0,0.0,0.0,103265.86359286023,0.0
t3399,0.0,0.0,0.0,0.0,0.0,0.0,0.0,0.0,0.0,118586.66051184929,0.0
t3400,0.0,0.0,0.0,0.0,0.0,0.0,0.0,0.0,0.0,130926.40557538468,0.0
t3401,0.0,0.0,0.0,0.0,0.0,0.0,0.0,0.0,0.0,139499.21387929076,0.0
t3402,0.0,0.0,0.0,0.0,0.0,0.0,0.0,0.0,0.0,139499.21387929076,5248.193667309287
t3403,0.0,0.0,0.0,0.0,0.0,0.0,0.0,0.0,0.0,139499.21387929076,3936.1452504819654
t3404,0.0,0.0,0.0,0.0,0.0,0.0,0.0,0.0,0.0,133480.165404292,0.0
t3405,0.0,0.0,0.0,0.0,0.0,0.0,0.0,0.0,0.0,106932.01085469178,0.0
t3406,0.0,0.0,0.0,0.0,0.0,0.0,0.0,0.0,0.0,76206.6654090244,0.0
t3407,0.0,0.0,0.0,0.0,0.0,0.0,0.0,0.0,0.0,52658.876312246175,0.0
t3408,0.0,0.0,0.0,0.0,0.0,0.0,0.0,0.0,0.0,38308.10108722258,0.0
t3409,0.0,0.0,0.0,0.0,0.0,0.0,0.0,0.0,0.0,31167.160418158797,0.0
t3410,0.0,0.0,0.0,0.0,0.0,0.0,0.0,0.0,0.0,27454.666913706213,0.0
t3411,0.0,0.0,0.0,0.0,0.0,0.0,0.0,0.0,0.0,24940.522603339694,0.0
t3412,0.0,0.0,0.0,0.0,0.0,0.0,0.0,0.0,0.0,23757.33374196168,0.0
t3413,0.0,0.0,0.0,0.0,0.0,0.0,0.0,0.0,0.0,22831.67533621635,0.0
t3414,0.0,0.0,0.0,0.0,0.0,0.0,0.0,0.0,0.0,18789.338911051036,0.0
t3415,0.0,0.0,0.0,0.0,0.0,0.0,0.0,0.0,0.0,10377.069920402562,0.0
t3416,0.0,0.0,0.0,0.0,0.0,0.0,0.0,0.0,0.0,0.0,0.0
t3417,0.0,0.0,0.0,0.0,0.0,0.0,0.0,0.0,0.0,3962.7535587513253,0.0
t3418,0.0,0.0,0.0,0.0,0.0,0.0,0.0,0.0,0.0,19614.796631621422,0.0
t3419,0.0,0.0,0.0,0.0,0.0,0.0,0.0,0.0,0.0,42334.92393489043,0.0
t3420,0.0,0.0,0.0,0.0,0.0,0.0,0.0,0.0,0.0,66390.3507961829,0.0
t3421,0.0,0.0,0.0,0.0,0.0,0.0,0.0,0.0,0.0,90385.6581825655,0.0
t3422,0.0,0.0,0.0,0.0,0.0,0.0,0.0,0.0,0.0,112194.52310439672,0.0
t3423,0.0,0.0,0.0,0.0,0.0,0.0,0.0,0.0,0.0,130752.67787371107,0.0
t3424,0.0,0.0,0.0,0.0,0.0,0.0,0.0,0.0,0.0,139499.21387929076,8115.406002529066
t3425,0.0,0.0,0.0,0.0,0.0,0.0,0.0,0.0,0.0,139499.21387929076,18769.606847547264
t3426,0.0,0.0,0.0,0.0,0.0,0.0,0.0,0.0,0.0,139499.21387929076,22264.092952812738
t3427,0.0,0.0,0.0,0.0,0.0,0.0,0.0,0.0,0.0,139499.21387929076,17680.825124962168
t3428,0.0,0.0,0.0,0.0,0.0,0.0,0.0,0.0,0.0,139499.21387929076,0.0
t3429,0.0,0.0,0.0,0.0,0.0,0.0,0.0,0.0,0.0,118642.55688704853,0.0
t3430,0.0,0.0,0.0,0.0,0.0,0.0,0.0,0.0,0.0,91485.56232531204,0.0
t3431,0.0,0.0,0.0,0.0,0.0,0.0,0.0,0.0,0.0,67874.10691820786,0.0
t3432,0.0,0.0,0.0,0.0,0.0,0.0,0.0,0.0,0.0,52311.80279689208,0.0
t3433,0.0,0.0,0.0,0.0,0.0,0.0,0.0,0.0,0.0,43179.75628789147,0.0
t3434,0.0,0.0,0.0,0.0,0.0,0.0,0.0,0.0,0.0,37513.83939717309,0.0
t3435,0.0,0.0,0.0,0.0,0.0,0.0,0.0,0.0,0.0,33868.727998655704,0.0
t3436,0.0,0.0,0.0,0.0,0.0,0.0,0.0,0.0,0.0,31474.290945306773,0.0
t3437,0.0,0.0,0.0,0.0,0.0,0.0,0.0,0.0,0.0,29118.00578574582,0.0
t3438,0.0,0.0,0.0,0.0,0.0,0.0,0.0,0.0,0.0,23821.08149877477,0.0
t3439,0.0,0.0,0.0,0.0,0.0,0.0,0.0,0.0,0.0,13242.55967340352,0.0
t3440,0.0,0.0,0.0,0.0,0.0,0.0,0.0,0.0,0.0,0.0,0.0
t3441,0.0,0.0,0.0,0.0,0.0,0.0,0.0,0.0,0.0,391.24582760141857,0.0
t3442,0.0,0.0,0.0,0.0,0.0,0.0,0.0,0.0,0.0,15551.368434255619,0.0
t3443,0.0,0.0,0.0,0.0,0.0,0.0,0.0,0.0,0.0,37699.34629776159,0.0
t3444,0.0,0.0,0.0,0.0,0.0,0.0,0.0,0.0,0.0,60265.90945336942,0.0
t3445,0.0,0.0,0.0,0.0,0.0,0.0,0.0,0.0,0.0,82191.27995316849,0.0
t3446,0.0,0.0,0.0,0.0,0.0,0.0,0.0,0.0,0.0,100688.37786074085,0.0
t3447,0.0,0.0,0.0,0.0,0.0,0.0,0.0,0.0,0.0,115585.37308100724,0.0
t3448,0.0,0.0,0.0,0.0,0.0,0.0,0.0,0.0,0.0,127866.39255637844,0.0
t3449,0.0,0.0,0.0,0.0,0.0,0.0,0.0,0.0,0.0,135296.04250694267,0.0
t3450,0.0,0.0,0.0,0.0,0.0,0.0,0.0,0.0,0.0,139499.21387929076,0.0
t3451,0.0,0.0,0.0,0.0,0.0,0.0,0.0,0.0,0.0,139499.21387929076,0.0
t3452,0.0,0.0,0.0,0.0,0.0,0.0,0.0,0.0,0.0,134764.98719090293,0.0
t3453,0.0,0.0,0.0,0.0,0.0,0.0,0.0,0.0,0.0,113131.2622175643,0.0
t3454,0.0,0.0,0.0,0.0,0.0,0.0,0.0,0.0,0.0,85413.29683482004,0.0
t3455,0.0,0.0,0.0,0.0,0.0,0.0,0.0,0.0,0.0,63364.372480835525,0.0
t3456,0.0,0.0,0.0,0.0,0.0,0.0,0.0,0.0,0.0,48190.53829287331,0.0
t3457,0.0,0.0,0.0,0.0,0.0,0.0,0.0,0.0,0.0,38248.514591613246,0.0
t3458,0.0,0.0,0.0,0.0,0.0,0.0,0.0,0.0,0.0,31609.061966495516,0.0
t3459,0.0,0.0,0.0,0.0,0.0,0.0,0.0,0.0,0.0,27000.727233406673,0.0
t3460,0.0,0.0,0.0,0.0,0.0,0.0,0.0,0.0,0.0,23400.58781586586,0.0
t3461,0.0,0.0,0.0,0.0,0.0,0.0,0.0,0.0,0.0,20360.52327684403,0.0
t3462,0.0,0.0,0.0,0.0,0.0,0.0,0.0,0.0,0.0,16045.161225998761,0.0
t3463,0.0,0.0,0.0,0.0,0.0,0.0,0.0,0.0,0.0,8121.167035745898,0.0
t3464,0.0,0.0,0.0,0.0,0.0,0.0,0.0,0.0,0.0,0.0,0.0
t3465,0.0,0.0,0.0,0.0,0.0,0.0,0.0,0.0,0.0,3735.934232370629,0.0
t3466,0.0,0.0,0.0,0.0,0.0,0.0,0.0,0.0,0.0,20132.730849976382,0.0
t3467,0.0,0.0,0.0,0.0,0.0,0.0,0.0,0.0,0.0,40079.21584560524,0.0
t3468,0.0,0.0,0.0,0.0,0.0,0.0,0.0,0.0,0.0,63714.96470051467,0.0
t3469,0.0,0.0,0.0,0.0,0.0,0.0,0.0,0.0,0.0,87532.21597276733,0.0
t3470,0.0,0.0,0.0,0.0,0.0,0.0,0.0,0.0,0.0,107895.58065444283,0.0
t3471,0.0,0.0,0.0,0.0,0.0,0.0,0.0,0.0,0.0,122173.39570835183,0.0
t3472,0.0,0.0,0.0,0.0,0.0,0.0,0.0,0.0,0.0,131767.3258891907,0.0
t3473,0.0,0.0,0.0,0.0,0.0,0.0,0.0,0.0,0.0,137188.04978722706,0.0
t3474,0.0,0.0,0.0,0.0,0.0,0.0,0.0,0.0,0.0,139499.21387929076,0.0
t3475,0.0,0.0,0.0,0.0,0.0,0.0,0.0,0.0,0.0,133455.9127005788,0.0
t3476,0.0,0.0,0.0,0.0,0.0,0.0,0.0,0.0,0.0,118654.1883372943,0.0
t3477,0.0,0.0,0.0,0.0,0.0,0.0,0.0,0.0,0.0,93593.49784630118,0.0
t3478,0.0,0.0,0.0,0.0,0.0,0.0,0.0,0.0,0.0,68275.1969763752,0.0
t3479,0.0,0.0,0.0,0.0,0.0,0.0,0.0,0.0,0.0,48830.65899339052,0.0
t3480,0.0,0.0,0.0,0.0,0.0,0.0,0.0,0.0,0.0,36586.06454214286,0.0
t3481,0.0,0.0,0.0,0.0,0.0,0.0,0.0,0.0,0.0,28862.537316911308,0.0
t3482,0.0,0.0,0.0,0.0,0.0,0.0,0.0,0.0,0.0,24092.580399071237,0.0
t3483,0.0,0.0,0.0,0.0,0.0,0.0,0.0,0.0,0.0,21995.90392055083,0.0
t3484,0.0,0.0,0.0,0.0,0.0,0.0,0.0,0.0,0.0,19951.406236573363,0.0
t3485,0.0,0.0,0.0,0.0,0.0,0.0,0.0,0.0,0.0,17790.447003729518,0.0
t3486,0.0,0.0,0.0,0.0,0.0,0.0,0.0,0.0,0.0,12711.363129601945,0.0
t3487,0.0,0.0,0.0,0.0,0.0,0.0,0.0,0.0,0.0,7082.489763026599,0.0
t3488,0.0,0.0,0.0,0.0,0.0,0.0,0.0,0.0,0.0,0.0,0.0
t3489,0.0,0.0,0.0,0.0,0.0,0.0,0.0,0.0,0.0,2070.1370290419363,0.0
t3490,0.0,0.0,0.0,0.0,0.0,0.0,0.0,0.0,0.0,12832.124450861824,0.0
t3491,0.0,0.0,0.0,0.0,0.0,0.0,0.0,0.0,0.0,29324.064464160263,0.0
t3492,0.0,0.0,0.0,0.0,0.0,0.0,0.0,0.0,0.0,45939.49991353295,0.0
t3493,0.0,0.0,0.0,0.0,0.0,0.0,0.0,0.0,0.0,64529.57641031192,0.0
t3494,0.0,0.0,0.0,0.0,0.0,0.0,0.0,0.0,0.0,84163.6795783742,0.0
t3495,0.0,0.0,0.0,0.0,0.0,0.0,0.0,0.0,0.0,102751.21272295679,0.0
t3496,0.0,0.0,0.0,0.0,0.0,0.0,0.0,0.0,0.0,118849.30667597843,0.0
t3497,0.0,0.0,0.0,0.0,0.0,0.0,0.0,0.0,0.0,130803.09065021641,0.0
t3498,0.0,0.0,0.0,0.0,0.0,0.0,0.0,0.0,0.0,139499.21387929076,0.0
t3499,0.0,0.0,0.0,0.0,0.0,0.0,0.0,0.0,0.0,139499.21387929076,2157.6527415934056
t3500,0.0,0.0,0.0,0.0,0.0,0.0,0.0,0.0,0.0,134086.61828393218,0.0
t3501,0.0,0.0,0.0,0.0,0.0,0.0,0.0,0.0,0.0,112933.68358754172,0.0
t3502,0.0,0.0,0.0,0.0,0.0,0.0,0.0,0.0,0.0,86512.41589421683,0.0
t3503,0.0,0.0,0.0,0.0,0.0,0.0,0.0,0.0,0.0,65231.654700268584,0.0
t3504,0.0,0.0,0.0,0.0,0.0,0.0,0.0,0.0,0.0,48612.19917439608,0.0
t3505,0.0,0.0,0.0,0.0,0.0,0.0,0.0,0.0,0.0,37150.64741524949,0.0
t3506,0.0,0.0,0.0,0.0,0.0,0.0,0.0,0.0,0.0,29756.965885820748,0.0
t3507,0.0,0.0,0.0,0.0,0.0,0.0,0.0,0.0,0.0,24087.820158275168,0.0
t3508,0.0,0.0,0.0,0.0,0.0,0.0,0.0,0.0,0.0,18871.52196794018,0.0
t3509,0.0,0.0,0.0,0.0,0.0,0.0,0.0,0.0,0.0,13958.646729710154,0.0
t3510,0.0,0.0,0.0,0.0,0.0,0.0,0.0,0.0,0.0,9779.515568666542,0.0
t3511,0.0,0.0,0.0,0.0,0.0,0.0,0.0,0.0,0.0,5180.586910922867,0.0
t3512,0.0,0.0,0.0,0.0,0.0,0.0,0.0,0.0,0.0,0.0,0.0
t3513,0.0,0.0,0.0,0.0,0.0,0.0,0.0,0.0,0.0,101.542645097883,0.0
t3514,0.0,0.0,0.0,0.0,0.0,0.0,0.0,0.0,0.0,9227.500251588364,0.0
t3515,0.0,0.0,0.0,0.0,0.0,0.0,0.0,0.0,0.0,26184.441017497393,0.0
t3516,0.0,0.0,0.0,0.0,0.0,0.0,0.0,0.0,0.0,43454.61908120759,0.0
t3517,0.0,0.0,0.0,0.0,0.0,0.0,0.0,0.0,0.0,64077.05374334192,0.0
t3518,0.0,0.0,0.0,0.0,0.0,0.0,0.0,0.0,0.0,83400.04293317298,0.0
t3519,0.0,0.0,0.0,0.0,0.0,0.0,0.0,0.0,0.0,102324.37754988787,0.0
t3520,0.0,0.0,0.0,0.0,0.0,0.0,0.0,0.0,0.0,118433.87279929982,0.0
t3521,0.0,0.0,0.0,0.0,0.0,0.0,0.0,0.0,0.0,130971.31790054408,0.0
t3522,0.0,0.0,0.0,0.0,0.0,0.0,0.0,0.0,0.0,139499.21387929076,0.0
t3523,0.0,0.0,0.0,0.0,0.0,0.0,0.0,0.0,0.0,139499.21387929076,978.9926902400848
t3524,0.0,0.0,0.0,0.0,0.0,0.0,0.0,0.0,0.0,132007.40165412467,0.0
t3525,0.0,0.0,0.0,0.0,0.0,0.0,0.0,0.0,0.0,109050.40310768694,0.0
t3526,0.0,0.0,0.0,0.0,0.0,0.0,0.0,0.0,0.0,84584.60734677516,0.0
t3527,0.0,0.0,0.0,0.0,0.0,0.0,0.0,0.0,0.0,64370.95812464961,0.0
t3528,0.0,0.0,0.0,0.0,0.0,0.0,0.0,0.0,0.0,48169.902909921286,0.0
t3529,0.0,0.0,0.0,0.0,0.0,0.0,0.0,0.0,0.0,36131.07471499896,0.0
t3530,0.0,0.0,0.0,0.0,0.0,0.0,0.0,0.0,0.0,28204.2697163331,0.0
t3531,0.0,0.0,0.0,0.0,0.0,0.0,0.0,0.0,0.0,22652.548920688103,0.0
t3532,0.0,0.0,0.0,0.0,0.0,0.0,0.0,0.0,0.0,18371.338546170333,0.0
t3533,0.0,0.0,0.0,0.0,0.0,0.0,0.0,0.0,0.0,13766.073014887854,0.0
t3534,0.0,0.0,0.0,0.0,0.0,0.0,0.0,0.0,0.0,8107.588355049956,0.0
t3535,0.0,0.0,0.0,0.0,0.0,0.0,0.0,0.0,0.0,2683.507029813055,0.0
t3536,0.0,0.0,0.0,0.0,0.0,0.0,0.0,0.0,0.0,0.0,0.0
t3537,0.0,0.0,0.0,0.0,0.0,0.0,0.0,0.0,0.0,4253.9675504950455,0.0
t3538,0.0,0.0,0.0,0.0,0.0,0.0,0.0,0.0,0.0,18364.59024634639,0.0
t3539,0.0,0.0,0.0,0.0,0.0,0.0,0.0,0.0,0.0,36991.88906283281,0.0
t3540,0.0,0.0,0.0,0.0,0.0,0.0,0.0,0.0,0.0,57263.91953007836,0.0
t3541,0.0,0.0,0.0,0.0,0.0,0.0,0.0,0.0,0.0,76598.15925940257,0.0
t3542,0.0,0.0,0.0,0.0,0.0,0.0,0.0,0.0,0.0,93212.68248405498,0.0
t3543,0.0,0.0,0.0,0.0,0.0,0.0,0.0,0.0,0.0,108643.0330378785,0.0
t3544,0.0,0.0,0.0,0.0,0.0,0.0,0.0,0.0,0.0,121498.94536150672,0.0
t3545,0.0,0.0,0.0,0.0,0.0,0.0,0.0,0.0,0.0,134234.2473853314,0.0
t3546,0.0,0.0,0.0,0.0,0.0,0.0,0.0,0.0,0.0,139499.21387929076,0.0
t3547,0.0,0.0,0.0,0.0,0.0,0.0,0.0,0.0,0.0,139499.21387929076,0.0
t3548,0.0,0.0,0.0,0.0,0.0,0.0,0.0,0.0,0.0,124481.29773024152,0.0
t3549,0.0,0.0,0.0,0.0,0.0,0.0,0.0,0.0,0.0,97535.65352087651,0.0
t3550,0.0,0.0,0.0,0.0,0.0,0.0,0.0,0.0,0.0,69895.81465314166,0.0
t3551,0.0,0.0,0.0,0.0,0.0,0.0,0.0,0.0,0.0,47680.70384533733,0.0
t3552,0.0,0.0,0.0,0.0,0.0,0.0,0.0,0.0,0.0,33713.190006931894,0.0
t3553,0.0,0.0,0.0,0.0,0.0,0.0,0.0,0.0,0.0,26531.594158756256,0.0
t3554,0.0,0.0,0.0,0.0,0.0,0.0,0.0,0.0,0.0,24011.928179063732,0.0
t3555,0.0,0.0,0.0,0.0,0.0,0.0,0.0,0.0,0.0,24011.928179063732,0.0
t3556,0.0,0.0,0.0,0.0,0.0,0.0,0.0,0.0,0.0,22860.5313119364,0.0
t3557,0.0,0.0,0.0,0.0,0.0,0.0,0.0,0.0,0.0,20454.5329281575,0.0
t3558,0.0,0.0,0.0,0.0,0.0,0.0,0.0,0.0,0.0,15297.748621932024,0.0
t3559,0.0,0.0,0.0,0.0,0.0,0.0,0.0,0.0,0.0,7351.40410156772,0.0
t3560,0.0,0.0,0.0,0.0,0.0,0.0,0.0,0.0,0.0,0.0,0.0
t3561,0.0,0.0,0.0,0.0,0.0,0.0,0.0,0.0,0.0,1224.9663867653544,0.0
t3562,0.0,0.0,0.0,0.0,0.0,0.0,0.0,0.0,0.0,18643.024530760562,0.0
t3563,0.0,0.0,0.0,0.0,0.0,0.0,0.0,0.0,0.0,37377.37498865185,0.0
t3564,0.0,0.0,0.0,0.0,0.0,0.0,0.0,0.0,0.0,55961.98926258121,0.0
t3565,0.0,0.0,0.0,0.0,0.0,0.0,0.0,0.0,0.0,78358.25199636589,0.0
t3566,0.0,0.0,0.0,0.0,0.0,0.0,0.0,0.0,0.0,98087.32410491715,0.0
t3567,0.0,0.0,0.0,0.0,0.0,0.0,0.0,0.0,0.0,115056.95098624253,0.0
t3568,0.0,0.0,0.0,0.0,0.0,0.0,0.0,0.0,0.0,123358.5973676743,0.0
t3569,0.0,0.0,0.0,0.0,0.0,0.0,0.0,0.0,0.0,133106.12664036988,0.0
t3570,0.0,0.0,0.0,0.0,0.0,0.0,0.0,0.0,0.0,139499.21387929076,0.0
t3571,0.0,0.0,0.0,0.0,0.0,0.0,0.0,0.0,0.0,139499.21387929076,0.0
t3572,0.0,0.0,0.0,0.0,0.0,0.0,0.0,0.0,0.0,130916.8411447397,0.0
t3573,0.0,0.0,0.0,0.0,0.0,0.0,0.0,0.0,0.0,106110.15575633121,0.0
t3574,0.0,0.0,0.0,0.0,0.0,0.0,0.0,0.0,0.0,74472.96296634551,0.0
t3575,0.0,0.0,0.0,0.0,0.0,0.0,0.0,0.0,0.0,50296.67307883588,0.0
t3576,0.0,0.0,0.0,0.0,0.0,0.0,0.0,0.0,0.0,35499.73490016551,0.0
t3577,0.0,0.0,0.0,0.0,0.0,0.0,0.0,0.0,0.0,28533.431167155213,0.0
t3578,0.0,0.0,0.0,0.0,0.0,0.0,0.0,0.0,0.0,25159.033489620677,0.0
t3579,0.0,0.0,0.0,0.0,0.0,0.0,0.0,0.0,0.0,23841.52137705676,0.0
t3580,0.0,0.0,0.0,0.0,0.0,0.0,0.0,0.0,0.0,23509.179551034278,0.0
t3581,0.0,0.0,0.0,0.0,0.0,0.0,0.0,0.0,0.0,21963.94964528797,0.0
t3582,0.0,0.0,0.0,0.0,0.0,0.0,0.0,0.0,0.0,17249.548162997537,0.0
t3583,0.0,0.0,0.0,0.0,0.0,0.0,0.0,0.0,0.0,9865.58498556747,0.0
t3584,0.0,0.0,0.0,0.0,0.0,0.0,0.0,0.0,0.0,0.0,0.0
t3585,0.0,0.0,0.0,0.0,0.0,0.0,0.0,0.0,0.0,0.0,0.0
t3586,0.0,0.0,0.0,0.0,0.0,0.0,0.0,0.0,0.0,11468.9320817206,0.0
t3587,0.0,0.0,0.0,0.0,0.0,0.0,0.0,0.0,0.0,27628.836096698593,0.0
t3588,0.0,0.0,0.0,0.0,0.0,0.0,0.0,0.0,0.0,44344.669186047104,0.0
t3589,0.0,0.0,0.0,0.0,0.0,0.0,0.0,0.0,0.0,62498.32557936532,0.0
t3590,0.0,0.0,0.0,0.0,0.0,0.0,0.0,0.0,0.0,79189.86165147136,0.0
t3591,0.0,0.0,0.0,0.0,0.0,0.0,0.0,0.0,0.0,96530.94105185321,0.0
t3592,0.0,0.0,0.0,0.0,0.0,0.0,0.0,0.0,0.0,112590.93322535335,0.0
t3593,0.0,0.0,0.0,0.0,0.0,0.0,0.0,0.0,0.0,124798.6281114871,0.0
t3594,0.0,0.0,0.0,0.0,0.0,0.0,0.0,0.0,0.0,133483.72273446724,0.0
t3595,0.0,0.0,0.0,0.0,0.0,0.0,0.0,0.0,0.0,139499.21387929076,0.0
t3596,0.0,0.0,0.0,0.0,0.0,0.0,0.0,0.0,0.0,134435.9075250235,0.0
t3597,0.0,0.0,0.0,0.0,0.0,0.0,0.0,0.0,0.0,108290.47934203857,0.0
t3598,0.0,0.0,0.0,0.0,0.0,0.0,0.0,0.0,0.0,78272.06196958142,0.0
t3599,0.0,0.0,0.0,0.0,0.0,0.0,0.0,0.0,0.0,52972.32351979232,0.0
t3600,0.0,0.0,0.0,0.0,0.0,0.0,0.0,0.0,0.0,36255.36605444949,0.0
t3601,0.0,0.0,0.0,0.0,0.0,0.0,0.0,0.0,0.0,27348.20700655743,0.0
t3602,0.0,0.0,0.0,0.0,0.0,0.0,0.0,0.0,0.0,21537.220438457567,0.0
t3603,0.0,0.0,0.0,0.0,0.0,0.0,0.0,0.0,0.0,18208.987120046033,0.0
t3604,0.0,0.0,0.0,0.0,0.0,0.0,0.0,0.0,0.0,16910.463373312592,0.0
t3605,0.0,0.0,0.0,0.0,0.0,0.0,0.0,0.0,0.0,16910.463373312592,0.0
t3606,0.0,0.0,0.0,0.0,0.0,0.0,0.0,0.0,0.0,16109.456996710724,0.0
t3607,0.0,0.0,0.0,0.0,0.0,0.0,0.0,0.0,0.0,9459.44000560427,0.0
t3608,0.0,0.0,0.0,0.0,0.0,0.0,0.0,0.0,0.0,0.0,0.0
t3609,0.0,0.0,0.0,0.0,0.0,0.0,0.0,0.0,0.0,0.0,0.0
t3610,0.0,0.0,0.0,0.0,0.0,0.0,0.0,0.0,0.0,11112.416067721071,0.0
t3611,0.0,0.0,0.0,0.0,0.0,0.0,0.0,0.0,0.0,26434.217703455506,0.0
t3612,0.0,0.0,0.0,0.0,0.0,0.0,0.0,0.0,0.0,39995.41201076792,0.0
t3613,0.0,0.0,0.0,0.0,0.0,0.0,0.0,0.0,0.0,54234.2518560258,0.0
t3614,0.0,0.0,0.0,0.0,0.0,0.0,0.0,0.0,0.0,69738.98031045304,0.0
t3615,0.0,0.0,0.0,0.0,0.0,0.0,0.0,0.0,0.0,88057.51773727011,0.0
t3616,0.0,0.0,0.0,0.0,0.0,0.0,0.0,0.0,0.0,106980.18368431267,0.0
t3617,0.0,0.0,0.0,0.0,0.0,0.0,0.0,0.0,0.0,123374.18731806995,0.0
t3618,0.0,0.0,0.0,0.0,0.0,0.0,0.0,0.0,0.0,135808.78758792786,0.0
t3619,0.0,0.0,0.0,0.0,0.0,0.0,0.0,0.0,0.0,139499.21387929076,3606.567303071262
t3620,0.0,0.0,0.0,0.0,0.0,0.0,0.0,0.0,0.0,139499.21387929076,0.0
t3621,0.0,0.0,0.0,0.0,0.0,0.0,0.0,0.0,0.0,119035.1985467331,0.0
t3622,0.0,0.0,0.0,0.0,0.0,0.0,0.0,0.0,0.0,93866.73044687949,0.0
t3623,0.0,0.0,0.0,0.0,0.0,0.0,0.0,0.0,0.0,72136.33772054283,0.0
t3624,0.0,0.0,0.0,0.0,0.0,0.0,0.0,0.0,0.0,56946.08694674138,0.0
t3625,0.0,0.0,0.0,0.0,0.0,0.0,0.0,0.0,0.0,47505.46286184669,0.0
t3626,0.0,0.0,0.0,0.0,0.0,0.0,0.0,0.0,0.0,42320.22269379847,0.0
t3627,0.0,0.0,0.0,0.0,0.0,0.0,0.0,0.0,0.0,37844.49915737785,0.0
t3628,0.0,0.0,0.0,0.0,0.0,0.0,0.0,0.0,0.0,32693.684012932357,0.0
t3629,0.0,0.0,0.0,0.0,0.0,0.0,0.0,0.0,0.0,27520.73817745398,0.0
t3630,0.0,0.0,0.0,0.0,0.0,0.0,0.0,0.0,0.0,19968.805540478446,0.0
t3631,0.0,0.0,0.0,0.0,0.0,0.0,0.0,0.0,0.0,9209.390512382075,0.0
t3632,0.0,0.0,0.0,0.0,0.0,0.0,0.0,0.0,0.0,0.0,0.0
t3633,0.0,0.0,0.0,0.0,0.0,0.0,0.0,0.0,0.0,0.0,0.0
t3634,0.0,0.0,0.0,0.0,0.0,0.0,0.0,0.0,0.0,13241.46442193944,0.0
t3635,0.0,0.0,0.0,0.0,0.0,0.0,0.0,0.0,0.0,31863.839950629517,0.0
t3636,0.0,0.0,0.0,0.0,0.0,0.0,0.0,0.0,0.0,55743.60955309937,0.0
t3637,0.0,0.0,0.0,0.0,0.0,0.0,0.0,0.0,0.0,79701.75667439704,0.0
t3638,0.0,0.0,0.0,0.0,0.0,0.0,0.0,0.0,0.0,100916.08290811602,0.0
t3639,0.0,0.0,0.0,0.0,0.0,0.0,0.0,0.0,0.0,118941.95337447169,0.0
t3640,0.0,0.0,0.0,0.0,0.0,0.0,0.0,0.0,0.0,132206.90995076447,0.0
t3641,0.0,0.0,0.0,0.0,0.0,0.0,0.0,0.0,0.0,139499.21387929076,0.0
t3642,0.0,0.0,0.0,0.0,0.0,0.0,0.0,0.0,0.0,139499.21387929076,3749.713027232651
t3643,0.0,0.0,0.0,0.0,0.0,0.0,0.0,0.0,0.0,139499.21387929076,2812.284770424488
t3644,0.0,0.0,0.0,0.0,0.0,0.0,0.0,0.0,0.0,134702.75599781307,0.0
t3645,0.0,0.0,0.0,0.0,0.0,0.0,0.0,0.0,0.0,111665.30690182048,0.0
t3646,0.0,0.0,0.0,0.0,0.0,0.0,0.0,0.0,0.0,82296.73295670307,0.0
t3647,0.0,0.0,0.0,0.0,0.0,0.0,0.0,0.0,0.0,59476.04300880774,0.0
t3648,0.0,0.0,0.0,0.0,0.0,0.0,0.0,0.0,0.0,42422.139135358855,0.0
t3649,0.0,0.0,0.0,0.0,0.0,0.0,0.0,0.0,0.0,31122.32451593293,0.0
t3650,0.0,0.0,0.0,0.0,0.0,0.0,0.0,0.0,0.0,22892.303510454694,0.0
t3651,0.0,0.0,0.0,0.0,0.0,0.0,0.0,0.0,0.0,16921.48373577636,0.0
t3652,0.0,0.0,0.0,0.0,0.0,0.0,0.0,0.0,0.0,12119.488158803564,0.0
t3653,0.0,0.0,0.0,0.0,0.0,0.0,0.0,0.0,0.0,9549.382390054348,0.0
t3654,0.0,0.0,0.0,0.0,0.0,0.0,0.0,0.0,0.0,7114.200982786594,0.0
t3655,0.0,0.0,0.0,0.0,0.0,0.0,0.0,0.0,0.0,3825.9302737464363,0.0
t3656,0.0,0.0,0.0,0.0,0.0,0.0,0.0,0.0,0.0,0.0,0.0
t3657,0.0,0.0,0.0,0.0,0.0,0.0,0.0,0.0,0.0,3802.1539963364817,0.0
t3658,0.0,0.0,0.0,0.0,0.0,0.0,0.0,0.0,0.0,16256.872710068968,0.0
t3659,0.0,0.0,0.0,0.0,0.0,0.0,0.0,0.0,0.0,38784.18622675443,0.0
t3660,0.0,0.0,0.0,0.0,0.0,0.0,0.0,0.0,0.0,61568.042130843365,0.0
t3661,0.0,0.0,0.0,0.0,0.0,0.0,0.0,0.0,0.0,80905.31229768772,0.0
t3662,0.0,0.0,0.0,0.0,0.0,0.0,0.0,0.0,0.0,98850.14866428068,0.0
t3663,0.0,0.0,0.0,0.0,0.0,0.0,0.0,0.0,0.0,114532.48411181546,0.0
t3664,0.0,0.0,0.0,0.0,0.0,0.0,0.0,0.0,0.0,126742.81119945455,0.0
t3665,0.0,0.0,0.0,0.0,0.0,0.0,0.0,0.0,0.0,134190.65424236926,0.0
t3666,0.0,0.0,0.0,0.0,0.0,0.0,0.0,0.0,0.0,139499.21387929076,0.0
t3667,0.0,0.0,0.0,0.0,0.0,0.0,0.0,0.0,0.0,139499.21387929076,0.0
t3668,0.0,0.0,0.0,0.0,0.0,0.0,0.0,0.0,0.0,132658.57229538463,0.0
t3669,0.0,0.0,0.0,0.0,0.0,0.0,0.0,0.0,0.0,108052.44301621306,0.0
t3670,0.0,0.0,0.0,0.0,0.0,0.0,0.0,0.0,0.0,83359.91910929637,0.0
t3671,0.0,0.0,0.0,0.0,0.0,0.0,0.0,0.0,0.0,61400.47225664688,0.0
t3672,0.0,0.0,0.0,0.0,0.0,0.0,0.0,0.0,0.0,44187.589444387675,0.0
t3673,0.0,0.0,0.0,0.0,0.0,0.0,0.0,0.0,0.0,32800.047326964355,0.0
t3674,0.0,0.0,0.0,0.0,0.0,0.0,0.0,0.0,0.0,24526.400203263896,0.0
t3675,0.0,0.0,0.0,0.0,0.0,0.0,0.0,0.0,0.0,18821.89059784759,0.0
t3676,0.0,0.0,0.0,0.0,0.0,0.0,0.0,0.0,0.0,15317.959208576009,0.0
t3677,0.0,0.0,0.0,0.0,0.0,0.0,0.0,0.0,0.0,13148.976032791486,0.0
t3678,0.0,0.0,0.0,0.0,0.0,0.0,0.0,0.0,0.0,10261.140564042864,0.0
t3679,0.0,0.0,0.0,0.0,0.0,0.0,0.0,0.0,0.0,8021.661333883647,0.0
t3680,0.0,0.0,0.0,0.0,0.0,0.0,0.0,0.0,0.0,5547.243952785411,0.0
t3681,0.0,0.0,0.0,0.0,0.0,0.0,0.0,0.0,0.0,7523.279502174066,0.0
t3682,0.0,0.0,0.0,0.0,0.0,0.0,0.0,0.0,0.0,18107.576886702813,0.0
t3683,0.0,0.0,0.0,0.0,0.0,0.0,0.0,0.0,0.0,35048.04697025708,0.0
t3684,0.0,0.0,0.0,0.0,0.0,0.0,0.0,0.0,0.0,55205.483433131754,0.0
t3685,0.0,0.0,0.0,0.0,0.0,0.0,0.0,0.0,0.0,75792.51358060018,0.0
t3686,0.0,0.0,0.0,0.0,0.0,0.0,0.0,0.0,0.0,93517.49163345226,0.0
t3687,0.0,0.0,0.0,0.0,0.0,0.0,0.0,0.0,0.0,109652.88513119661,0.0
t3688,0.0,0.0,0.0,0.0,0.0,0.0,0.0,0.0,0.0,123788.88855370009,0.0
t3689,0.0,0.0,0.0,0.0,0.0,0.0,0.0,0.0,0.0,134322.3724541797,0.0
t3690,0.0,0.0,0.0,0.0,0.0,0.0,0.0,0.0,0.0,139499.21387929076,0.0
t3691,0.0,0.0,0.0,0.0,0.0,0.0,0.0,0.0,0.0,139499.21387929076,0.0
t3692,0.0,0.0,0.0,0.0,0.0,0.0,0.0,0.0,0.0,137868.12230238962,0.0
t3693,0.0,0.0,0.0,0.0,0.0,0.0,0.0,0.0,0.0,122360.14605421727,0.0
t3694,0.0,0.0,0.0,0.0,0.0,0.0,0.0,0.0,0.0,102525.39546539853,0.0
t3695,0.0,0.0,0.0,0.0,0.0,0.0,0.0,0.0,0.0,86816.06869293455,0.0
t3696,0.0,0.0,0.0,0.0,0.0,0.0,0.0,0.0,0.0,76205.5426656694,0.0
t3697,0.0,0.0,0.0,0.0,0.0,0.0,0.0,0.0,0.0,69948.12310817957,0.0
t3698,0.0,0.0,0.0,0.0,0.0,0.0,0.0,0.0,0.0,65432.86501647855,0.0
t3699,0.0,0.0,0.0,0.0,0.0,0.0,0.0,0.0,0.0,63286.66620304219,0.0
t3700,0.0,0.0,0.0,0.0,0.0,0.0,0.0,0.0,0.0,63286.66620304219,0.0
t3701,0.0,0.0,0.0,0.0,0.0,0.0,0.0,0.0,0.0,63286.66620304219,0.0
t3702,0.0,0.0,0.0,0.0,0.0,0.0,0.0,0.0,0.0,61409.72280867013,0.0
t3703,0.0,0.0,0.0,0.0,0.0,0.0,0.0,0.0,0.0,57428.016896608715,0.0
t3704,0.0,0.0,0.0,0.0,0.0,0.0,0.0,0.0,0.0,49747.82990119403,0.0
t3705,0.0,0.0,0.0,0.0,0.0,0.0,0.0,0.0,0.0,49747.82990119403,0.0
t3706,0.0,0.0,0.0,0.0,0.0,0.0,0.0,0.0,0.0,53714.07436528064,0.0
t3707,0.0,0.0,0.0,0.0,0.0,0.0,0.0,0.0,0.0,62282.85802082658,0.0
t3708,0.0,0.0,0.0,0.0,0.0,0.0,0.0,0.0,0.0,74266.98568971886,0.0
t3709,0.0,0.0,0.0,0.0,0.0,0.0,0.0,0.0,0.0,87911.94857948055,0.0
t3710,0.0,0.0,0.0,0.0,0.0,0.0,0.0,0.0,0.0,101007.63535936535,0.0
t3711,0.0,0.0,0.0,0.0,0.0,0.0,0.0,0.0,0.0,113823.19071801176,0.0
t3712,0.0,0.0,0.0,0.0,0.0,0.0,0.0,0.0,0.0,124546.69481630214,0.0
t3713,0.0,0.0,0.0,0.0,0.0,0.0,0.0,0.0,0.0,131470.64551322054,0.0
t3714,0.0,0.0,0.0,0.0,0.0,0.0,0.0,0.0,0.0,134182.64218041807,0.0
t3715,0.0,0.0,0.0,0.0,0.0,0.0,0.0,0.0,0.0,134182.64218041807,0.0
t3716,0.0,0.0,0.0,0.0,0.0,0.0,0.0,0.0,0.0,120101.51323660335,0.0
t3717,0.0,0.0,0.0,0.0,0.0,0.0,0.0,0.0,0.0,96480.71056628483,0.0
t3718,0.0,0.0,0.0,0.0,0.0,0.0,0.0,0.0,0.0,71066.77130042485,0.0
t3719,0.0,0.0,0.0,0.0,0.0,0.0,0.0,0.0,0.0,51027.97866885014,0.0
t3720,0.0,0.0,0.0,0.0,0.0,0.0,0.0,0.0,0.0,39089.99933397927,0.0
t3721,0.0,0.0,0.0,0.0,0.0,0.0,0.0,0.0,0.0,33201.11057338087,0.0
t3722,0.0,0.0,0.0,0.0,0.0,0.0,0.0,0.0,0.0,31042.91200570422,0.0
t3723,0.0,0.0,0.0,0.0,0.0,0.0,0.0,0.0,0.0,30131.97847684227,0.0
t3724,0.0,0.0,0.0,0.0,0.0,0.0,0.0,0.0,0.0,29979.044483229296,0.0
t3725,0.0,0.0,0.0,0.0,0.0,0.0,0.0,0.0,0.0,29651.923065318875,0.0
t3726,0.0,0.0,0.0,0.0,0.0,0.0,0.0,0.0,0.0,27288.23948751783,0.0
t3727,0.0,0.0,0.0,0.0,0.0,0.0,0.0,0.0,0.0,22211.60892098022,0.0
t3728,0.0,0.0,0.0,0.0,0.0,0.0,0.0,0.0,0.0,16189.72728252706,0.0
t3729,0.0,0.0,0.0,0.0,0.0,0.0,0.0,0.0,0.0,21029.60119889635,0.0
t3730,0.0,0.0,0.0,0.0,0.0,0.0,0.0,0.0,0.0,36140.39302371322,0.0
t3731,0.0,0.0,0.0,0.0,0.0,0.0,0.0,0.0,0.0,53759.711916870605,0.0
t3732,0.0,0.0,0.0,0.0,0.0,0.0,0.0,0.0,0.0,70047.14298353737,0.0
t3733,0.0,0.0,0.0,0.0,0.0,0.0,0.0,0.0,0.0,87393.25561116809,0.0
t3734,0.0,0.0,0.0,0.0,0.0,0.0,0.0,0.0,0.0,101982.65105311693,0.0
t3735,0.0,0.0,0.0,0.0,0.0,0.0,0.0,0.0,0.0,115930.82486859604,0.0
t3736,0.0,0.0,0.0,0.0,0.0,0.0,0.0,0.0,0.0,127299.95035433184,0.0
t3737,0.0,0.0,0.0,0.0,0.0,0.0,0.0,0.0,0.0,134665.42379999522,0.0
t3738,0.0,0.0,0.0,0.0,0.0,0.0,0.0,0.0,0.0,139499.21387929076,0.0
t3739,0.0,0.0,0.0,0.0,0.0,0.0,0.0,0.0,0.0,139499.21387929076,0.0
t3740,0.0,0.0,0.0,0.0,0.0,0.0,0.0,0.0,0.0,127773.93397494969,0.0
t3741,0.0,0.0,0.0,0.0,0.0,0.0,0.0,0.0,0.0,98829.30587024703,0.0
t3742,0.0,0.0,0.0,0.0,0.0,0.0,0.0,0.0,0.0,68399.24602810241,0.0
t3743,0.0,0.0,0.0,0.0,0.0,0.0,0.0,0.0,0.0,44209.273750479064,0.0
t3744,0.0,0.0,0.0,0.0,0.0,0.0,0.0,0.0,0.0,27719.403925381564,0.0
t3745,0.0,0.0,0.0,0.0,0.0,0.0,0.0,0.0,0.0,17488.819894605476,0.0
t3746,0.0,0.0,0.0,0.0,0.0,0.0,0.0,0.0,0.0,11479.88166649086,0.0
t3747,0.0,0.0,0.0,0.0,0.0,0.0,0.0,0.0,0.0,8794.736140324567,0.0
t3748,0.0,0.0,0.0,0.0,0.0,0.0,0.0,0.0,0.0,8166.142528796352,0.0
t3749,0.0,0.0,0.0,0.0,0.0,0.0,0.0,0.0,0.0,8166.142528796352,0.0
t3750,0.0,0.0,0.0,0.0,0.0,0.0,0.0,0.0,0.0,5408.552991018567,0.0
t3751,0.0,0.0,0.0,0.0,0.0,0.0,0.0,0.0,0.0,0.0,0.0
t3752,0.0,0.0,0.0,0.0,0.0,0.0,0.0,0.0,0.0,0.0,0.0
t3753,0.0,0.0,0.0,0.0,0.0,0.0,0.0,0.0,0.0,5307.208147366009,0.0
t3754,0.0,0.0,0.0,0.0,0.0,0.0,0.0,0.0,0.0,20508.46381252141,0.0
t3755,0.0,0.0,0.0,0.0,0.0,0.0,0.0,0.0,0.0,39606.67071602514,0.0
t3756,0.0,0.0,0.0,0.0,0.0,0.0,0.0,0.0,0.0,57715.42959941521,0.0
t3757,0.0,0.0,0.0,0.0,0.0,0.0,0.0,0.0,0.0,73817.13482621164,0.0
t3758,0.0,0.0,0.0,0.0,0.0,0.0,0.0,0.0,0.0,86962.80262326941,0.0
t3759,0.0,0.0,0.0,0.0,0.0,0.0,0.0,0.0,0.0,93341.73232772869,0.0
t3760,0.0,0.0,0.0,0.0,0.0,0.0,0.0,0.0,0.0,99828.13679702143,0.0
t3761,0.0,0.0,0.0,0.0,0.0,0.0,0.0,0.0,0.0,107817.86476168617,0.0
t3762,0.0,0.0,0.0,0.0,0.0,0.0,0.0,0.0,0.0,114684.54254607324,0.0
t3763,0.0,0.0,0.0,0.0,0.0,0.0,0.0,0.0,0.0,117316.97033660529,0.0
t3764,0.0,0.0,0.0,0.0,0.0,0.0,0.0,0.0,0.0,113216.7428789117,0.0
t3765,0.0,0.0,0.0,0.0,0.0,0.0,0.0,0.0,0.0,95052.52312602247,0.0
t3766,0.0,0.0,0.0,0.0,0.0,0.0,0.0,0.0,0.0,70977.46330922733,0.0
t3767,0.0,0.0,0.0,0.0,0.0,0.0,0.0,0.0,0.0,51772.431826438435,0.0
t3768,0.0,0.0,0.0,0.0,0.0,0.0,0.0,0.0,0.0,38624.5420399344,0.0
t3769,0.0,0.0,0.0,0.0,0.0,0.0,0.0,0.0,0.0,30418.209210319226,0.0
t3770,0.0,0.0,0.0,0.0,0.0,0.0,0.0,0.0,0.0,25961.49990785978,0.0
t3771,0.0,0.0,0.0,0.0,0.0,0.0,0.0,0.0,0.0,23451.758132391493,0.0
t3772,0.0,0.0,0.0,0.0,0.0,0.0,0.0,0.0,0.0,22167.702628094426,0.0
t3773,0.0,0.0,0.0,0.0,0.0,0.0,0.0,0.0,0.0,20564.614498788666,0.0
t3774,0.0,0.0,0.0,0.0,0.0,0.0,0.0,0.0,0.0,16744.137866385456,0.0
t3775,0.0,0.0,0.0,0.0,0.0,0.0,0.0,0.0,0.0,9760.313559895192,0.0
t3776,0.0,0.0,0.0,0.0,0.0,0.0,0.0,0.0,0.0,0.0,0.0
t3777,0.0,0.0,0.0,0.0,0.0,0.0,0.0,0.0,0.0,238.05317670145223,0.0
t3778,0.0,0.0,0.0,0.0,0.0,0.0,0.0,0.0,0.0,16123.157598730055,0.0
t3779,0.0,0.0,0.0,0.0,0.0,0.0,0.0,0.0,0.0,31354.13288730797,0.0
t3780,0.0,0.0,0.0,0.0,0.0,0.0,0.0,0.0,0.0,50228.81479842013,0.0
t3781,0.0,0.0,0.0,0.0,0.0,0.0,0.0,0.0,0.0,70037.60409030228,0.0
t3782,0.0,0.0,0.0,0.0,0.0,0.0,0.0,0.0,0.0,90856.71035783726,0.0
t3783,0.0,0.0,0.0,0.0,0.0,0.0,0.0,0.0,0.0,106695.04996007308,0.0
t3784,0.0,0.0,0.0,0.0,0.0,0.0,0.0,0.0,0.0,118185.64071648795,0.0
t3785,0.0,0.0,0.0,0.0,0.0,0.0,0.0,0.0,0.0,126617.7966107862,0.0
t3786,0.0,0.0,0.0,0.0,0.0,0.0,0.0,0.0,0.0,133174.16852469117,0.0
t3787,0.0,0.0,0.0,0.0,0.0,0.0,0.0,0.0,0.0,135537.42015122194,0.0
t3788,0.0,0.0,0.0,0.0,0.0,0.0,0.0,0.0,0.0,127226.63239168716,0.0
t3789,0.0,0.0,0.0,0.0,0.0,0.0,0.0,0.0,0.0,107655.18955203674,0.0
t3790,0.0,0.0,0.0,0.0,0.0,0.0,0.0,0.0,0.0,83227.04846967457,0.0
t3791,0.0,0.0,0.0,0.0,0.0,0.0,0.0,0.0,0.0,62717.83683879406,0.0
t3792,0.0,0.0,0.0,0.0,0.0,0.0,0.0,0.0,0.0,48346.65676017157,0.0
t3793,0.0,0.0,0.0,0.0,0.0,0.0,0.0,0.0,0.0,38960.07263469811,0.0
t3794,0.0,0.0,0.0,0.0,0.0,0.0,0.0,0.0,0.0,33924.35023094098,0.0
t3795,0.0,0.0,0.0,0.0,0.0,0.0,0.0,0.0,0.0,30433.352325864515,0.0
t3796,0.0,0.0,0.0,0.0,0.0,0.0,0.0,0.0,0.0,27501.645817610293,0.0
t3797,0.0,0.0,0.0,0.0,0.0,0.0,0.0,0.0,0.0,24172.886858342677,0.0
t3798,0.0,0.0,0.0,0.0,0.0,0.0,0.0,0.0,0.0,18839.620431198102,0.0
t3799,0.0,0.0,0.0,0.0,0.0,0.0,0.0,0.0,0.0,10523.05867672949,0.0
t3800,0.0,0.0,0.0,0.0,0.0,0.0,0.0,0.0,0.0,0.0,0.0
t3801,0.0,0.0,0.0,0.0,0.0,0.0,0.0,0.0,0.0,0.0,0.0
t3802,0.0,0.0,0.0,0.0,0.0,0.0,0.0,0.0,0.0,9137.067270840698,0.0
t3803,0.0,0.0,0.0,0.0,0.0,0.0,0.0,0.0,0.0,22915.2074192145,0.0
t3804,0.0,0.0,0.0,0.0,0.0,0.0,0.0,0.0,0.0,38780.56166201434,0.0
t3805,0.0,0.0,0.0,0.0,0.0,0.0,0.0,0.0,0.0,55653.66906737284,0.0
t3806,0.0,0.0,0.0,0.0,0.0,0.0,0.0,0.0,0.0,73176.54415166714,0.0
t3807,0.0,0.0,0.0,0.0,0.0,0.0,0.0,0.0,0.0,90249.47580697335,0.0
t3808,0.0,0.0,0.0,0.0,0.0,0.0,0.0,0.0,0.0,107008.4168285701,0.0
t3809,0.0,0.0,0.0,0.0,0.0,0.0,0.0,0.0,0.0,120964.04658021171,0.0
t3810,0.0,0.0,0.0,0.0,0.0,0.0,0.0,0.0,0.0,130599.09819145156,0.0
t3811,0.0,0.0,0.0,0.0,0.0,0.0,0.0,0.0,0.0,136277.2685767007,0.0
t3812,0.0,0.0,0.0,0.0,0.0,0.0,0.0,0.0,0.0,133729.13129754635,0.0
t3813,0.0,0.0,0.0,0.0,0.0,0.0,0.0,0.0,0.0,114144.15812090687,0.0
t3814,0.0,0.0,0.0,0.0,0.0,0.0,0.0,0.0,0.0,88001.46199174106,0.0
t3815,0.0,0.0,0.0,0.0,0.0,0.0,0.0,0.0,0.0,66394.045285645,0.0
t3816,0.0,0.0,0.0,0.0,0.0,0.0,0.0,0.0,0.0,50049.19629419083,0.0
t3817,0.0,0.0,0.0,0.0,0.0,0.0,0.0,0.0,0.0,37772.92729513067,0.0
t3818,0.0,0.0,0.0,0.0,0.0,0.0,0.0,0.0,0.0,28954.7034550816,0.0
t3819,0.0,0.0,0.0,0.0,0.0,0.0,0.0,0.0,0.0,22259.44989552459,0.0
t3820,0.0,0.0,0.0,0.0,0.0,0.0,0.0,0.0,0.0,17349.8431071293,0.0
t3821,0.0,0.0,0.0,0.0,0.0,0.0,0.0,0.0,0.0,13066.582207820496,0.0
t3822,0.0,0.0,0.0,0.0,0.0,0.0,0.0,0.0,0.0,8329.419070536085,0.0
t3823,0.0,0.0,0.0,0.0,0.0,0.0,0.0,0.0,0.0,2931.858969902214,0.0
t3824,0.0,0.0,0.0,0.0,0.0,0.0,0.0,0.0,0.0,0.0,0.0
t3825,0.0,0.0,0.0,0.0,0.0,0.0,0.0,0.0,0.0,6121.596942873007,0.0
t3826,0.0,0.0,0.0,0.0,0.0,0.0,0.0,0.0,0.0,21957.35846074413,0.0
t3827,0.0,0.0,0.0,0.0,0.0,0.0,0.0,0.0,0.0,42219.07971318111,0.0
t3828,0.0,0.0,0.0,0.0,0.0,0.0,0.0,0.0,0.0,61873.22140505019,0.0
t3829,0.0,0.0,0.0,0.0,0.0,0.0,0.0,0.0,0.0,80761.70544082588,0.0
t3830,0.0,0.0,0.0,0.0,0.0,0.0,0.0,0.0,0.0,96991.91393857967,0.0
t3831,0.0,0.0,0.0,0.0,0.0,0.0,0.0,0.0,0.0,111117.64081458692,0.0
t3832,0.0,0.0,0.0,0.0,0.0,0.0,0.0,0.0,0.0,122553.20575109882,0.0
t3833,0.0,0.0,0.0,0.0,0.0,0.0,0.0,0.0,0.0,131193.2745057091,0.0
t3834,0.0,0.0,0.0,0.0,0.0,0.0,0.0,0.0,0.0,139499.21387929076,0.0
t3835,0.0,0.0,0.0,0.0,0.0,0.0,0.0,0.0,0.0,139499.21387929076,1271.935722213841
t3836,0.0,0.0,0.0,0.0,0.0,0.0,0.0,0.0,0.0,132890.25050752593,0.0
t3837,0.0,0.0,0.0,0.0,0.0,0.0,0.0,0.0,0.0,112176.06699887133,0.0
t3838,0.0,0.0,0.0,0.0,0.0,0.0,0.0,0.0,0.0,85951.70338659832,0.0
t3839,0.0,0.0,0.0,0.0,0.0,0.0,0.0,0.0,0.0,63984.92109572022,0.0
t3840,0.0,0.0,0.0,0.0,0.0,0.0,0.0,0.0,0.0,47401.795156755965,0.0
t3841,0.0,0.0,0.0,0.0,0.0,0.0,0.0,0.0,0.0,35172.38724097042,0.0
t3842,0.0,0.0,0.0,0.0,0.0,0.0,0.0,0.0,0.0,25587.640311099207,0.0
t3843,0.0,0.0,0.0,0.0,0.0,0.0,0.0,0.0,0.0,18882.786086201002,0.0
t3844,0.0,0.0,0.0,0.0,0.0,0.0,0.0,0.0,0.0,14231.77374826312,0.0
t3845,0.0,0.0,0.0,0.0,0.0,0.0,0.0,0.0,0.0,10841.625012541233,0.0
t3846,0.0,0.0,0.0,0.0,0.0,0.0,0.0,0.0,0.0,7237.851420662748,0.0
t3847,0.0,0.0,0.0,0.0,0.0,0.0,0.0,0.0,0.0,3853.9258307458836,0.0
t3848,0.0,0.0,0.0,0.0,0.0,0.0,0.0,0.0,0.0,0.0,0.0
t3849,0.0,0.0,0.0,0.0,0.0,0.0,0.0,0.0,0.0,4201.048576532841,0.0
t3850,0.0,0.0,0.0,0.0,0.0,0.0,0.0,0.0,0.0,21286.816675465445,0.0
t3851,0.0,0.0,0.0,0.0,0.0,0.0,0.0,0.0,0.0,42885.21014425246,0.0
t3852,0.0,0.0,0.0,0.0,0.0,0.0,0.0,0.0,0.0,63676.765353865085,0.0
t3853,0.0,0.0,0.0,0.0,0.0,0.0,0.0,0.0,0.0,83475.30711173233,0.0
t3854,0.0,0.0,0.0,0.0,0.0,0.0,0.0,0.0,0.0,101155.26928676876,0.0
t3855,0.0,0.0,0.0,0.0,0.0,0.0,0.0,0.0,0.0,116040.34639215966,0.0
t3856,0.0,0.0,0.0,0.0,0.0,0.0,0.0,0.0,0.0,128748.521479546,0.0
t3857,0.0,0.0,0.0,0.0,0.0,0.0,0.0,0.0,0.0,136488.66815331785,0.0
t3858,0.0,0.0,0.0,0.0,0.0,0.0,0.0,0.0,0.0,139499.21387929076,0.0
t3859,0.0,0.0,0.0,0.0,0.0,0.0,0.0,0.0,0.0,139499.21387929076,0.0
t3860,0.0,0.0,0.0,0.0,0.0,0.0,0.0,0.0,0.0,134611.44010309293,0.0
t3861,0.0,0.0,0.0,0.0,0.0,0.0,0.0,0.0,0.0,115116.41572317714,0.0
t3862,0.0,0.0,0.0,0.0,0.0,0.0,0.0,0.0,0.0,85687.40980732618,0.0
t3863,0.0,0.0,0.0,0.0,0.0,0.0,0.0,0.0,0.0,66435.15895241813,0.0
t3864,0.0,0.0,0.0,0.0,0.0,0.0,0.0,0.0,0.0,53701.81685873693,0.0
t3865,0.0,0.0,0.0,0.0,0.0,0.0,0.0,0.0,0.0,46434.57700908098,0.0
t3866,0.0,0.0,0.0,0.0,0.0,0.0,0.0,0.0,0.0,42218.54725872709,0.0
t3867,0.0,0.0,0.0,0.0,0.0,0.0,0.0,0.0,0.0,39972.561290633865,0.0
t3868,0.0,0.0,0.0,0.0,0.0,0.0,0.0,0.0,0.0,37011.648759057076,0.0
t3869,0.0,0.0,0.0,0.0,0.0,0.0,0.0,0.0,0.0,32855.935569029214,0.0
t3870,0.0,0.0,0.0,0.0,0.0,0.0,0.0,0.0,0.0,25878.127465976868,0.0
t3871,0.0,0.0,0.0,0.0,0.0,0.0,0.0,0.0,0.0,14897.458097207891,0.0
t3872,0.0,0.0,0.0,0.0,0.0,0.0,0.0,0.0,0.0,3380.1696623511525,0.0
t3873,0.0,0.0,0.0,0.0,0.0,0.0,0.0,0.0,0.0,7750.708590924115,0.0
t3874,0.0,0.0,0.0,0.0,0.0,0.0,0.0,0.0,0.0,20656.285204399304,0.0
t3875,0.0,0.0,0.0,0.0,0.0,0.0,0.0,0.0,0.0,39282.526309069726,0.0
t3876,0.0,0.0,0.0,0.0,0.0,0.0,0.0,0.0,0.0,59194.18301077474,0.0
t3877,0.0,0.0,0.0,0.0,0.0,0.0,0.0,0.0,0.0,78380.5630321171,0.0
t3878,0.0,0.0,0.0,0.0,0.0,0.0,0.0,0.0,0.0,95085.64397722475,0.0
t3879,0.0,0.0,0.0,0.0,0.0,0.0,0.0,0.0,0.0,109549.09287679623,0.0
t3880,0.0,0.0,0.0,0.0,0.0,0.0,0.0,0.0,0.0,122517.10838007672,0.0
t3881,0.0,0.0,0.0,0.0,0.0,0.0,0.0,0.0,0.0,132167.7331530614,0.0
t3882,0.0,0.0,0.0,0.0,0.0,0.0,0.0,0.0,0.0,138981.72779478022,0.0
t3883,0.0,0.0,0.0,0.0,0.0,0.0,0.0,0.0,0.0,139499.21387929076,0.0
t3884,0.0,0.0,0.0,0.0,0.0,0.0,0.0,0.0,0.0,132314.11354554948,0.0
t3885,0.0,0.0,0.0,0.0,0.0,0.0,0.0,0.0,0.0,103586.22656568422,0.0
t3886,0.0,0.0,0.0,0.0,0.0,0.0,0.0,0.0,0.0,73050.36912407386,0.0
t3887,0.0,0.0,0.0,0.0,0.0,0.0,0.0,0.0,0.0,48538.9152168139,0.0
t3888,0.0,0.0,0.0,0.0,0.0,0.0,0.0,0.0,0.0,33733.74028537538,0.0
t3889,0.0,0.0,0.0,0.0,0.0,0.0,0.0,0.0,0.0,27176.49461442041,0.0
t3890,0.0,0.0,0.0,0.0,0.0,0.0,0.0,0.0,0.0,24546.103212428272,0.0
t3891,0.0,0.0,0.0,0.0,0.0,0.0,0.0,0.0,0.0,23505.807778708848,0.0
t3892,0.0,0.0,0.0,0.0,0.0,0.0,0.0,0.0,0.0,22742.570798002223,0.0
t3893,0.0,0.0,0.0,0.0,0.0,0.0,0.0,0.0,0.0,21151.580967106085,0.0
t3894,0.0,0.0,0.0,0.0,0.0,0.0,0.0,0.0,0.0,16420.598619210366,0.0
t3895,0.0,0.0,0.0,0.0,0.0,0.0,0.0,0.0,0.0,7916.19651995893,0.0
t3896,0.0,0.0,0.0,0.0,0.0,0.0,0.0,0.0,0.0,0.0,0.0
t3897,0.0,0.0,0.0,0.0,0.0,0.0,0.0,0.0,0.0,5242.202875293943,0.0
t3898,0.0,0.0,0.0,0.0,0.0,0.0,0.0,0.0,0.0,18900.413323648772,0.0
t3899,0.0,0.0,0.0,0.0,0.0,0.0,0.0,0.0,0.0,36833.580184864346,0.0
t3900,0.0,0.0,0.0,0.0,0.0,0.0,0.0,0.0,0.0,54564.60555395729,0.0
t3901,0.0,0.0,0.0,0.0,0.0,0.0,0.0,0.0,0.0,70922.75643878404,0.0
t3902,0.0,0.0,0.0,0.0,0.0,0.0,0.0,0.0,0.0,84873.17424497462,0.0
t3903,0.0,0.0,0.0,0.0,0.0,0.0,0.0,0.0,0.0,96974.8827078792,0.0
t3904,0.0,0.0,0.0,0.0,0.0,0.0,0.0,0.0,0.0,106464.4825265269,0.0
t3905,0.0,0.0,0.0,0.0,0.0,0.0,0.0,0.0,0.0,113837.28982097247,0.0
t3906,0.0,0.0,0.0,0.0,0.0,0.0,0.0,0.0,0.0,119305.62131887166,0.0
t3907,0.0,0.0,0.0,0.0,0.0,0.0,0.0,0.0,0.0,122475.43350606243,0.0
t3908,0.0,0.0,0.0,0.0,0.0,0.0,0.0,0.0,0.0,116968.31806564801,0.0
t3909,0.0,0.0,0.0,0.0,0.0,0.0,0.0,0.0,0.0,96116.22483912163,0.0
t3910,0.0,0.0,0.0,0.0,0.0,0.0,0.0,0.0,0.0,72704.40379405054,0.0
t3911,0.0,0.0,0.0,0.0,0.0,0.0,0.0,0.0,0.0,54614.81237028638,0.0
t3912,0.0,0.0,0.0,0.0,0.0,0.0,0.0,0.0,0.0,44086.93714570215,0.0
t3913,0.0,0.0,0.0,0.0,0.0,0.0,0.0,0.0,0.0,36800.04274211102,0.0
t3914,0.0,0.0,0.0,0.0,0.0,0.0,0.0,0.0,0.0,31981.987263478622,0.0
t3915,0.0,0.0,0.0,0.0,0.0,0.0,0.0,0.0,0.0,29790.53228355014,0.0
t3916,0.0,0.0,0.0,0.0,0.0,0.0,0.0,0.0,0.0,26726.61304195053,0.0
t3917,0.0,0.0,0.0,0.0,0.0,0.0,0.0,0.0,0.0,23070.80807462894,0.0
t3918,0.0,0.0,0.0,0.0,0.0,0.0,0.0,0.0,0.0,16531.255868369924,0.0
t3919,0.0,0.0,0.0,0.0,0.0,0.0,0.0,0.0,0.0,6601.064534700812,0.0
t3920,0.0,0.0,0.0,0.0,0.0,0.0,0.0,0.0,0.0,0.0,0.0
t3921,0.0,0.0,0.0,0.0,0.0,0.0,0.0,0.0,0.0,0.0,0.0
t3922,0.0,0.0,0.0,0.0,0.0,0.0,0.0,0.0,0.0,6453.287836167829,0.0
t3923,0.0,0.0,0.0,0.0,0.0,0.0,0.0,0.0,0.0,21614.171319619207,0.0
t3924,0.0,0.0,0.0,0.0,0.0,0.0,0.0,0.0,0.0,35228.73885820864,0.0
t3925,0.0,0.0,0.0,0.0,0.0,0.0,0.0,0.0,0.0,55362.62063714051,0.0
t3926,0.0,0.0,0.0,0.0,0.0,0.0,0.0,0.0,0.0,73021.29895263101,0.0
t3927,0.0,0.0,0.0,0.0,0.0,0.0,0.0,0.0,0.0,89826.54857295423,0.0
t3928,0.0,0.0,0.0,0.0,0.0,0.0,0.0,0.0,0.0,107962.69525344254,0.0
t3929,0.0,0.0,0.0,0.0,0.0,0.0,0.0,0.0,0.0,122272.43917784313,0.0
t3930,0.0,0.0,0.0,0.0,0.0,0.0,0.0,0.0,0.0,133740.8693740676,0.0
t3931,0.0,0.0,0.0,0.0,0.0,0.0,0.0,0.0,0.0,139499.21387929076,0.0
t3932,0.0,0.0,0.0,0.0,0.0,0.0,0.0,0.0,0.0,139499.21387929076,0.0
t3933,0.0,0.0,0.0,0.0,0.0,0.0,0.0,0.0,0.0,122652.89187401626,0.0
t3934,0.0,0.0,0.0,0.0,0.0,0.0,0.0,0.0,0.0,96639.44939713829,0.0
t3935,0.0,0.0,0.0,0.0,0.0,0.0,0.0,0.0,0.0,76279.87898272829,0.0
t3936,0.0,0.0,0.0,0.0,0.0,0.0,0.0,0.0,0.0,63320.07701001085,0.0
t3937,0.0,0.0,0.0,0.0,0.0,0.0,0.0,0.0,0.0,57442.074679494704,0.0
t3938,0.0,0.0,0.0,0.0,0.0,0.0,0.0,0.0,0.0,53560.92477643993,0.0
t3939,0.0,0.0,0.0,0.0,0.0,0.0,0.0,0.0,0.0,51618.37199478387,0.0
t3940,0.0,0.0,0.0,0.0,0.0,0.0,0.0,0.0,0.0,50672.142570458236,0.0
t3941,0.0,0.0,0.0,0.0,0.0,0.0,0.0,0.0,0.0,48568.195313952005,0.0
t3942,0.0,0.0,0.0,0.0,0.0,0.0,0.0,0.0,0.0,44472.467946000696,0.0
t3943,0.0,0.0,0.0,0.0,0.0,0.0,0.0,0.0,0.0,37854.4025412153,0.0
t3944,0.0,0.0,0.0,0.0,0.0,0.0,0.0,0.0,0.0,28398.75647678504,0.0
t3945,0.0,0.0,0.0,0.0,0.0,0.0,0.0,0.0,0.0,28398.75647678504,0.0
t3946,0.0,0.0,0.0,0.0,0.0,0.0,0.0,0.0,0.0,35481.968138485034,0.0
t3947,0.0,0.0,0.0,0.0,0.0,0.0,0.0,0.0,0.0,49318.64276013455,0.0
t3948,0.0,0.0,0.0,0.0,0.0,0.0,0.0,0.0,0.0,63731.00264799726,0.0
t3949,0.0,0.0,0.0,0.0,0.0,0.0,0.0,0.0,0.0,79280.75082232757,0.0
t3950,0.0,0.0,0.0,0.0,0.0,0.0,0.0,0.0,0.0,94663.70462822767,0.0
t3951,0.0,0.0,0.0,0.0,0.0,0.0,0.0,0.0,0.0,105440.06428839237,0.0
t3952,0.0,0.0,0.0,0.0,0.0,0.0,0.0,0.0,0.0,116002.79759095554,0.0
t3953,0.0,0.0,0.0,0.0,0.0,0.0,0.0,0.0,0.0,123498.50392602822,0.0
t3954,0.0,0.0,0.0,0.0,0.0,0.0,0.0,0.0,0.0,128586.65147356872,0.0
t3955,0.0,0.0,0.0,0.0,0.0,0.0,0.0,0.0,0.0,130588.77005679582,0.0
t3956,0.0,0.0,0.0,0.0,0.0,0.0,0.0,0.0,0.0,125275.56837634047,0.0
t3957,0.0,0.0,0.0,0.0,0.0,0.0,0.0,0.0,0.0,104979.10363905871,0.0
t3958,0.0,0.0,0.0,0.0,0.0,0.0,0.0,0.0,0.0,78993.21967407377,0.0
t3959,0.0,0.0,0.0,0.0,0.0,0.0,0.0,0.0,0.0,56982.87950647296,0.0
t3960,0.0,0.0,0.0,0.0,0.0,0.0,0.0,0.0,0.0,44230.504538115296,0.0
t3961,0.0,0.0,0.0,0.0,0.0,0.0,0.0,0.0,0.0,36256.690752396746,0.0
t3962,0.0,0.0,0.0,0.0,0.0,0.0,0.0,0.0,0.0,31390.37968755296,0.0
t3963,0.0,0.0,0.0,0.0,0.0,0.0,0.0,0.0,0.0,28449.874874909754,0.0
t3964,0.0,0.0,0.0,0.0,0.0,0.0,0.0,0.0,0.0,26467.953776661583,0.0
t3965,0.0,0.0,0.0,0.0,0.0,0.0,0.0,0.0,0.0,22427.480138273095,0.0
t3966,0.0,0.0,0.0,0.0,0.0,0.0,0.0,0.0,0.0,16035.497446756477,0.0
t3967,0.0,0.0,0.0,0.0,0.0,0.0,0.0,0.0,0.0,8409.801574562378,0.0
t3968,0.0,0.0,0.0,0.0,0.0,0.0,0.0,0.0,0.0,0.0,0.0
t3969,0.0,0.0,0.0,0.0,0.0,0.0,0.0,0.0,0.0,0.0,0.0
t3970,0.0,0.0,0.0,0.0,0.0,0.0,0.0,0.0,0.0,6664.916704312529,0.0
t3971,0.0,0.0,0.0,0.0,0.0,0.0,0.0,0.0,0.0,22244.7057110632,0.0
t3972,0.0,0.0,0.0,0.0,0.0,0.0,0.0,0.0,0.0,41781.59844966642,0.0
t3973,0.0,0.0,0.0,0.0,0.0,0.0,0.0,0.0,0.0,63567.85453131115,0.0
t3974,0.0,0.0,0.0,0.0,0.0,0.0,0.0,0.0,0.0,83942.9471651082,0.0
t3975,0.0,0.0,0.0,0.0,0.0,0.0,0.0,0.0,0.0,102677.01583218873,0.0
t3976,0.0,0.0,0.0,0.0,0.0,0.0,0.0,0.0,0.0,115398.75655636656,0.0
t3977,0.0,0.0,0.0,0.0,0.0,0.0,0.0,0.0,0.0,126413.50994681676,0.0
t3978,0.0,0.0,0.0,0.0,0.0,0.0,0.0,0.0,0.0,135883.37081688675,0.0
t3979,0.0,0.0,0.0,0.0,0.0,0.0,0.0,0.0,0.0,139499.21387929076,0.0
t3980,0.0,0.0,0.0,0.0,0.0,0.0,0.0,0.0,0.0,134133.7075314843,0.0
t3981,0.0,0.0,0.0,0.0,0.0,0.0,0.0,0.0,0.0,110933.8998613154,0.0
t3982,0.0,0.0,0.0,0.0,0.0,0.0,0.0,0.0,0.0,82268.05655898454,0.0
t3983,0.0,0.0,0.0,0.0,0.0,0.0,0.0,0.0,0.0,60521.14415013793,0.0
t3984,0.0,0.0,0.0,0.0,0.0,0.0,0.0,0.0,0.0,44146.34382231871,0.0
t3985,0.0,0.0,0.0,0.0,0.0,0.0,0.0,0.0,0.0,33247.10346113938,0.0
t3986,0.0,0.0,0.0,0.0,0.0,0.0,0.0,0.0,0.0,25387.89907771785,0.0
t3987,0.0,0.0,0.0,0.0,0.0,0.0,0.0,0.0,0.0,20061.387232468718,0.0
t3988,0.0,0.0,0.0,0.0,0.0,0.0,0.0,0.0,0.0,15755.662269415116,0.0
t3989,0.0,0.0,0.0,0.0,0.0,0.0,0.0,0.0,0.0,12306.582188272263,0.0
t3990,0.0,0.0,0.0,0.0,0.0,0.0,0.0,0.0,0.0,8377.356072092429,0.0
t3991,0.0,0.0,0.0,0.0,0.0,0.0,0.0,0.0,0.0,3886.2064109314897,0.0
t3992,0.0,0.0,0.0,0.0,0.0,0.0,0.0,0.0,0.0,0.0,0.0
t3993,0.0,0.0,0.0,0.0,0.0,0.0,0.0,0.0,0.0,3438.324349887096,0.0
t3994,0.0,0.0,0.0,0.0,0.0,0.0,0.0,0.0,0.0,9849.627585345166,0.0
t3995,0.0,0.0,0.0,0.0,0.0,0.0,0.0,0.0,0.0,25901.735861166657,0.0
t3996,0.0,0.0,0.0,0.0,0.0,0.0,0.0,0.0,0.0,41844.6828925026,0.0
t3997,0.0,0.0,0.0,0.0,0.0,0.0,0.0,0.0,0.0,57400.00558091395,0.0
t3998,0.0,0.0,0.0,0.0,0.0,0.0,0.0,0.0,0.0,74415.09506312537,0.0
t3999,0.0,0.0,0.0,0.0,0.0,0.0,0.0,0.0,0.0,90378.07046081754,0.0
t4000,0.0,0.0,0.0,0.0,0.0,0.0,0.0,0.0,0.0,109626.81386193808,0.0
t4001,0.0,0.0,0.0,0.0,0.0,0.0,0.0,0.0,0.0,122174.9329458082,0.0
t4002,0.0,0.0,0.0,0.0,0.0,0.0,0.0,0.0,0.0,132213.4723307722,0.0
t4003,0.0,0.0,0.0,0.0,0.0,0.0,0.0,0.0,0.0,139499.21387929076,0.0
t4004,0.0,0.0,0.0,0.0,0.0,0.0,0.0,0.0,0.0,137247.612598508,0.0
t4005,0.0,0.0,0.0,0.0,0.0,0.0,0.0,0.0,0.0,119521.53971501977,0.0
t4006,0.0,0.0,0.0,0.0,0.0,0.0,0.0,0.0,0.0,95530.3390080892,0.0
t4007,0.0,0.0,0.0,0.0,0.0,0.0,0.0,0.0,0.0,73820.16178391228,0.0
t4008,0.0,0.0,0.0,0.0,0.0,0.0,0.0,0.0,0.0,55203.37997683179,0.0
t4009,0.0,0.0,0.0,0.0,0.0,0.0,0.0,0.0,0.0,41495.022242356405,0.0
t4010,0.0,0.0,0.0,0.0,0.0,0.0,0.0,0.0,0.0,31105.455368327886,0.0
t4011,0.0,0.0,0.0,0.0,0.0,0.0,0.0,0.0,0.0,23154.16036911666,0.0
t4012,0.0,0.0,0.0,0.0,0.0,0.0,0.0,0.0,0.0,16984.05870070344,0.0
t4013,0.0,0.0,0.0,0.0,0.0,0.0,0.0,0.0,0.0,12165.784647997065,0.0
t4014,0.0,0.0,0.0,0.0,0.0,0.0,0.0,0.0,0.0,7736.905925639418,0.0
t4015,0.0,0.0,0.0,0.0,0.0,0.0,0.0,0.0,0.0,3532.930713757383,0.0
t4016,0.0,0.0,0.0,0.0,0.0,0.0,0.0,0.0,0.0,4.547473508864641e-13,0.0
t4017,0.0,0.0,0.0,0.0,0.0,0.0,0.0,0.0,0.0,5245.016284136487,0.0
t4018,0.0,0.0,0.0,0.0,0.0,0.0,0.0,0.0,0.0,18715.223432048115,0.0
t4019,0.0,0.0,0.0,0.0,0.0,0.0,0.0,0.0,0.0,36805.19415514232,0.0
t4020,0.0,0.0,0.0,0.0,0.0,0.0,0.0,0.0,0.0,55589.4539960793,0.0
t4021,0.0,0.0,0.0,0.0,0.0,0.0,0.0,0.0,0.0,73052.52277818091,0.0
t4022,0.0,0.0,0.0,0.0,0.0,0.0,0.0,0.0,0.0,89801.69465823815,0.0
t4023,0.0,0.0,0.0,0.0,0.0,0.0,0.0,0.0,0.0,103914.62144669257,0.0
t4024,0.0,0.0,0.0,0.0,0.0,0.0,0.0,0.0,0.0,116650.69549800373,0.0
t4025,0.0,0.0,0.0,0.0,0.0,0.0,0.0,0.0,0.0,131944.35555934295,0.0
t4026,0.0,0.0,0.0,0.0,0.0,0.0,0.0,0.0,0.0,138292.08746021512,0.0
t4027,0.0,0.0,0.0,0.0,0.0,0.0,0.0,0.0,0.0,139499.21387929076,0.0
t4028,0.0,0.0,0.0,0.0,0.0,0.0,0.0,0.0,0.0,135473.2505799,0.0
t4029,0.0,0.0,0.0,0.0,0.0,0.0,0.0,0.0,0.0,119775.3449578395,0.0
t4030,0.0,0.0,0.0,0.0,0.0,0.0,0.0,0.0,0.0,99038.58495657834,0.0
t4031,0.0,0.0,0.0,0.0,0.0,0.0,0.0,0.0,0.0,81497.11502313845,0.0
t4032,0.0,0.0,0.0,0.0,0.0,0.0,0.0,0.0,0.0,69332.1320105695,0.0
t4033,0.0,0.0,0.0,0.0,0.0,0.0,0.0,0.0,0.0,61648.53458684594,0.0
t4034,0.0,0.0,0.0,0.0,0.0,0.0,0.0,0.0,0.0,56965.95464387622,0.0
t4035,0.0,0.0,0.0,0.0,0.0,0.0,0.0,0.0,0.0,54664.354362401325,0.0
t4036,0.0,0.0,0.0,0.0,0.0,0.0,0.0,0.0,0.0,52948.93940747231,0.0
t4037,0.0,0.0,0.0,0.0,0.0,0.0,0.0,0.0,0.0,51315.50090453749,0.0
t4038,0.0,0.0,0.0,0.0,0.0,0.0,0.0,0.0,0.0,47866.357320676536,0.0
t4039,0.0,0.0,0.0,0.0,0.0,0.0,0.0,0.0,0.0,41642.731601945015,0.0
t4040,0.0,0.0,0.0,0.0,0.0,0.0,0.0,0.0,0.0,33594.8001438623,0.0
t4041,0.0,0.0,0.0,0.0,0.0,0.0,0.0,0.0,0.0,33594.8001438623,0.0
t4042,0.0,0.0,0.0,0.0,0.0,0.0,0.0,0.0,0.0,37418.836625008335,0.0
t4043,0.0,0.0,0.0,0.0,0.0,0.0,0.0,0.0,0.0,48893.35284456711,0.0
t4044,0.0,0.0,0.0,0.0,0.0,0.0,0.0,0.0,0.0,60460.95605695255,0.0
t4045,0.0,0.0,0.0,0.0,0.0,0.0,0.0,0.0,0.0,75721.11619598749,0.0
t4046,0.0,0.0,0.0,0.0,0.0,0.0,0.0,0.0,0.0,89206.2529447994,0.0
t4047,0.0,0.0,0.0,0.0,0.0,0.0,0.0,0.0,0.0,98491.37425635401,0.0
t4048,0.0,0.0,0.0,0.0,0.0,0.0,0.0,0.0,0.0,107871.27207880173,0.0
t4049,0.0,0.0,0.0,0.0,0.0,0.0,0.0,0.0,0.0,113776.83619440124,0.0
t4050,0.0,0.0,0.0,0.0,0.0,0.0,0.0,0.0,0.0,120279.00389748182,0.0
t4051,0.0,0.0,0.0,0.0,0.0,0.0,0.0,0.0,0.0,123959.34023160355,0.0
t4052,0.0,0.0,0.0,0.0,0.0,0.0,0.0,0.0,0.0,117596.61548270858,0.0
t4053,0.0,0.0,0.0,0.0,0.0,0.0,0.0,0.0,0.0,96845.10192532749,0.0
t4054,0.0,0.0,0.0,0.0,0.0,0.0,0.0,0.0,0.0,72395.84268644499,0.0
t4055,0.0,0.0,0.0,0.0,0.0,0.0,0.0,0.0,0.0,47902.28584423289,0.0
t4056,0.0,0.0,0.0,0.0,0.0,0.0,0.0,0.0,0.0,34585.77281053547,0.0
t4057,0.0,0.0,0.0,0.0,0.0,0.0,0.0,0.0,0.0,28453.14280555978,0.0
t4058,0.0,0.0,0.0,0.0,0.0,0.0,0.0,0.0,0.0,24341.23617001334,0.0
t4059,0.0,0.0,0.0,0.0,0.0,0.0,0.0,0.0,0.0,21870.052143896588,0.0
t4060,0.0,0.0,0.0,0.0,0.0,0.0,0.0,0.0,0.0,20347.615195966046,0.0
t4061,0.0,0.0,0.0,0.0,0.0,0.0,0.0,0.0,0.0,18196.63387289868,0.0
t4062,0.0,0.0,0.0,0.0,0.0,0.0,0.0,0.0,0.0,13986.740066603126,0.0
t4063,0.0,0.0,0.0,0.0,0.0,0.0,0.0,0.0,0.0,7320.472236964343,0.0
t4064,0.0,0.0,0.0,0.0,0.0,0.0,0.0,0.0,0.0,0.0,0.0
t4065,0.0,0.0,0.0,0.0,0.0,0.0,0.0,0.0,0.0,2737.9591433629685,0.0
t4066,0.0,0.0,0.0,0.0,0.0,0.0,0.0,0.0,0.0,14004.816310456852,0.0
t4067,0.0,0.0,0.0,0.0,0.0,0.0,0.0,0.0,0.0,31290.523128705303,0.0
t4068,0.0,0.0,0.0,0.0,0.0,0.0,0.0,0.0,0.0,51801.86161751896,0.0
t4069,0.0,0.0,0.0,0.0,0.0,0.0,0.0,0.0,0.0,71080.26787540094,0.0
t4070,0.0,0.0,0.0,0.0,0.0,0.0,0.0,0.0,0.0,93187.8193181133,0.0
t4071,0.0,0.0,0.0,0.0,0.0,0.0,0.0,0.0,0.0,111006.74989705946,0.0
t4072,0.0,0.0,0.0,0.0,0.0,0.0,0.0,0.0,0.0,126900.3376920032,0.0
t4073,0.0,0.0,0.0,0.0,0.0,0.0,0.0,0.0,0.0,134924.141832937,0.0
t4074,0.0,0.0,0.0,0.0,0.0,0.0,0.0,0.0,0.0,138261.8714293075,0.0
t4075,0.0,0.0,0.0,0.0,0.0,0.0,0.0,0.0,0.0,139499.21387929076,0.0
t4076,0.0,0.0,0.0,0.0,0.0,0.0,0.0,0.0,0.0,132647.74471154282,0.0
t4077,0.0,0.0,0.0,0.0,0.0,0.0,0.0,0.0,0.0,113004.81021508976,0.0
t4078,0.0,0.0,0.0,0.0,0.0,0.0,0.0,0.0,0.0,91113.21430463647,0.0
t4079,0.0,0.0,0.0,0.0,0.0,0.0,0.0,0.0,0.0,70296.39940012502,0.0
t4080,0.0,0.0,0.0,0.0,0.0,0.0,0.0,0.0,0.0,58623.809133906514,0.0
t4081,0.0,0.0,0.0,0.0,0.0,0.0,0.0,0.0,0.0,47187.87631986357,0.0
t4082,0.0,0.0,0.0,0.0,0.0,0.0,0.0,0.0,0.0,39145.25616189878,0.0
t4083,0.0,0.0,0.0,0.0,0.0,0.0,0.0,0.0,0.0,34434.53773816037,0.0
t4084,0.0,0.0,0.0,0.0,0.0,0.0,0.0,0.0,0.0,29958.267191283132,0.0
t4085,0.0,0.0,0.0,0.0,0.0,0.0,0.0,0.0,0.0,29719.932183377783,0.0
t4086,0.0,0.0,0.0,0.0,0.0,0.0,0.0,0.0,0.0,23247.262840400996,0.0
t4087,0.0,0.0,0.0,0.0,0.0,0.0,0.0,0.0,0.0,17083.971393326643,0.0
t4088,0.0,0.0,0.0,0.0,0.0,0.0,0.0,0.0,0.0,5169.896990822659,0.0
t4089,0.0,0.0,0.0,0.0,0.0,0.0,0.0,0.0,0.0,6887.6494613044215,0.0
t4090,0.0,0.0,0.0,0.0,0.0,0.0,0.0,0.0,0.0,18084.977523595287,0.0
t4091,0.0,0.0,0.0,0.0,0.0,0.0,0.0,0.0,0.0,38027.76408523608,0.0
t4092,0.0,0.0,0.0,0.0,0.0,0.0,0.0,0.0,0.0,56837.452088021375,0.0
t4093,0.0,0.0,0.0,0.0,0.0,0.0,0.0,0.0,0.0,75195.05578285264,0.0
t4094,0.0,0.0,0.0,0.0,0.0,0.0,0.0,0.0,0.0,91895.17036497347,0.0
t4095,0.0,0.0,0.0,0.0,0.0,0.0,0.0,0.0,0.0,109987.71585857985,0.0
t4096,0.0,0.0,0.0,0.0,0.0,0.0,0.0,0.0,0.0,124878.20026122332,0.0
t4097,0.0,0.0,0.0,0.0,0.0,0.0,0.0,0.0,0.0,134944.7423205639,0.0
t4098,0.0,0.0,0.0,0.0,0.0,0.0,0.0,0.0,0.0,139499.21387929076,0.0
t4099,0.0,0.0,0.0,0.0,0.0,0.0,0.0,0.0,0.0,139499.21387929076,0.0
t4100,0.0,0.0,0.0,0.0,0.0,0.0,0.0,0.0,0.0,139499.21387929076,0.0
t4101,0.0,0.0,0.0,0.0,0.0,0.0,0.0,0.0,0.0,122055.14942500152,0.0
t4102,0.0,0.0,0.0,0.0,0.0,0.0,0.0,0.0,0.0,102863.46768989885,0.0
t4103,0.0,0.0,0.0,0.0,0.0,0.0,0.0,0.0,0.0,88836.81352880287,0.0
t4104,0.0,0.0,0.0,0.0,0.0,0.0,0.0,0.0,0.0,80489.68716533779,0.0
t4105,0.0,0.0,0.0,0.0,0.0,0.0,0.0,0.0,0.0,76379.32994706392,0.0
t4106,0.0,0.0,0.0,0.0,0.0,0.0,0.0,0.0,0.0,75040.14520858225,0.0
t4107,0.0,0.0,0.0,0.0,0.0,0.0,0.0,0.0,0.0,75040.14520858225,0.0
t4108,0.0,0.0,0.0,0.0,0.0,0.0,0.0,0.0,0.0,75040.14520858225,0.0
t4109,0.0,0.0,0.0,0.0,0.0,0.0,0.0,0.0,0.0,75040.14520858225,0.0
t4110,0.0,0.0,0.0,0.0,0.0,0.0,0.0,0.0,0.0,73539.86666882494,0.0
t4111,0.0,0.0,0.0,0.0,0.0,0.0,0.0,0.0,0.0,68736.42935152749,0.0
t4112,0.0,0.0,0.0,0.0,0.0,0.0,0.0,0.0,0.0,62600.51842208184,0.0
t4113,0.0,0.0,0.0,0.0,0.0,0.0,0.0,0.0,0.0,64491.79522616295,0.0
t4114,0.0,0.0,0.0,0.0,0.0,0.0,0.0,0.0,0.0,74206.6297517924,0.0
t4115,0.0,0.0,0.0,0.0,0.0,0.0,0.0,0.0,0.0,82599.01382409176,0.0
t4116,0.0,0.0,0.0,0.0,0.0,0.0,0.0,0.0,0.0,95618.17542715104,0.0
t4117,0.0,0.0,0.0,0.0,0.0,0.0,0.0,0.0,0.0,108418.28135228447,0.0
t4118,0.0,0.0,0.0,0.0,0.0,0.0,0.0,0.0,0.0,120234.24114175347,0.0
t4119,0.0,0.0,0.0,0.0,0.0,0.0,0.0,0.0,0.0,129573.0869372041,0.0
t4120,0.0,0.0,0.0,0.0,0.0,0.0,0.0,0.0,0.0,137536.7597937867,0.0
t4121,0.0,0.0,0.0,0.0,0.0,0.0,0.0,0.0,0.0,137536.7597937867,0.0
t4122,0.0,0.0,0.0,0.0,0.0,0.0,0.0,0.0,0.0,135550.5217358868,0.0
t4123,0.0,0.0,0.0,0.0,0.0,0.0,0.0,0.0,0.0,127630.5168378973,0.0
t4124,0.0,0.0,0.0,0.0,0.0,0.0,0.0,0.0,0.0,116523.01706506909,0.0
t4125,0.0,0.0,0.0,0.0,0.0,0.0,0.0,0.0,0.0,91918.65064799445,0.0
t4126,0.0,0.0,0.0,0.0,0.0,0.0,0.0,0.0,0.0,64047.84659935607,0.0
t4127,0.0,0.0,0.0,0.0,0.0,0.0,0.0,0.0,0.0,41919.48472082774,0.0
t4128,0.0,0.0,0.0,0.0,0.0,0.0,0.0,0.0,0.0,26509.691269191273,0.0
t4129,0.0,0.0,0.0,0.0,0.0,0.0,0.0,0.0,0.0,17249.4280169372,0.0
t4130,0.0,0.0,0.0,0.0,0.0,0.0,0.0,0.0,0.0,12086.144578177795,0.0
t4131,0.0,0.0,0.0,0.0,0.0,0.0,0.0,0.0,0.0,9595.289702775433,0.0
t4132,0.0,0.0,0.0,0.0,0.0,0.0,0.0,0.0,0.0,8862.007384516177,0.0
t4133,0.0,0.0,0.0,0.0,0.0,0.0,0.0,0.0,0.0,8504.273106894003,0.0
t4134,0.0,0.0,0.0,0.0,0.0,0.0,0.0,0.0,0.0,6577.268682954285,0.0
t4135,0.0,0.0,0.0,0.0,0.0,0.0,0.0,0.0,0.0,2356.2891837707843,0.0
t4136,0.0,0.0,0.0,0.0,0.0,0.0,0.0,0.0,0.0,0.0,0.0
t4137,0.0,0.0,0.0,0.0,0.0,0.0,0.0,0.0,0.0,6239.641794109641,0.0
t4138,0.0,0.0,0.0,0.0,0.0,0.0,0.0,0.0,0.0,23070.505918900933,0.0
t4139,0.0,0.0,0.0,0.0,0.0,0.0,0.0,0.0,0.0,43526.63828159885,0.0
t4140,0.0,0.0,0.0,0.0,0.0,0.0,0.0,0.0,0.0,62697.81213894756,0.0
t4141,0.0,0.0,0.0,0.0,0.0,0.0,0.0,0.0,0.0,81154.39804482013,0.0
t4142,0.0,0.0,0.0,0.0,0.0,0.0,0.0,0.0,0.0,97953.32283107552,0.0
t4143,0.0,0.0,0.0,0.0,0.0,0.0,0.0,0.0,0.0,112060.26814481257,0.0
t4144,0.0,0.0,0.0,0.0,0.0,0.0,0.0,0.0,0.0,123581.28097619402,0.0
t4145,0.0,0.0,0.0,0.0,0.0,0.0,0.0,0.0,0.0,131484.69901333022,0.0
t4146,0.0,0.0,0.0,0.0,0.0,0.0,0.0,0.0,0.0,133860.2148636465,0.0
t4147,0.0,0.0,0.0,0.0,0.0,0.0,0.0,0.0,0.0,133860.2148636465,0.0
t4148,0.0,0.0,0.0,0.0,0.0,0.0,0.0,0.0,0.0,124418.605141526,0.0
t4149,0.0,0.0,0.0,0.0,0.0,0.0,0.0,0.0,0.0,102725.9456604413,0.0
t4150,0.0,0.0,0.0,0.0,0.0,0.0,0.0,0.0,0.0,72687.98439520645,0.0
t4151,0.0,0.0,0.0,0.0,0.0,0.0,0.0,0.0,0.0,48636.11548924468,0.0
t4152,0.0,0.0,0.0,0.0,0.0,0.0,0.0,0.0,0.0,30780.714494649583,0.0
t4153,0.0,0.0,0.0,0.0,0.0,0.0,0.0,0.0,0.0,18071.040391735354,0.0
t4154,0.0,0.0,0.0,0.0,0.0,0.0,0.0,0.0,0.0,9979.0014379798,0.0
t4155,0.0,0.0,0.0,0.0,0.0,0.0,0.0,0.0,0.0,5304.964981474816,0.0
t4156,0.0,0.0,0.0,0.0,0.0,0.0,0.0,0.0,0.0,2842.5236616185084,0.0
t4157,0.0,0.0,0.0,0.0,0.0,0.0,0.0,0.0,0.0,1784.7975159410107,0.0
t4158,0.0,0.0,0.0,0.0,0.0,0.0,0.0,0.0,0.0,830.0733072640123,0.0
t4159,0.0,0.0,0.0,0.0,0.0,0.0,0.0,0.0,0.0,0.0,0.0
t4160,0.0,0.0,0.0,0.0,0.0,0.0,0.0,0.0,0.0,0.0,0.0
t4161,0.0,0.0,0.0,0.0,0.0,0.0,0.0,0.0,0.0,4276.092165849267,0.0
t4162,0.0,0.0,0.0,0.0,0.0,0.0,0.0,0.0,0.0,21388.44502964082,0.0
t4163,0.0,0.0,0.0,0.0,0.0,0.0,0.0,0.0,0.0,41586.38701726664,0.0
t4164,0.0,0.0,0.0,0.0,0.0,0.0,0.0,0.0,0.0,58491.99626835139,0.0
t4165,0.0,0.0,0.0,0.0,0.0,0.0,0.0,0.0,0.0,76257.55735688444,0.0
t4166,0.0,0.0,0.0,0.0,0.0,0.0,0.0,0.0,0.0,88481.80456216061,0.0
t4167,0.0,0.0,0.0,0.0,0.0,0.0,0.0,0.0,0.0,104994.11680351225,0.0
t4168,0.0,0.0,0.0,0.0,0.0,0.0,0.0,0.0,0.0,119997.30915732206,0.0
t4169,0.0,0.0,0.0,0.0,0.0,0.0,0.0,0.0,0.0,131821.0871143788,0.0
t4170,0.0,0.0,0.0,0.0,0.0,0.0,0.0,0.0,0.0,139499.21387929076,0.0
t4171,0.0,0.0,0.0,0.0,0.0,0.0,0.0,0.0,0.0,139499.21387929076,0.0
t4172,0.0,0.0,0.0,0.0,0.0,0.0,0.0,0.0,0.0,132645.3749000197,0.0
t4173,0.0,0.0,0.0,0.0,0.0,0.0,0.0,0.0,0.0,115122.86657450288,0.0
t4174,0.0,0.0,0.0,0.0,0.0,0.0,0.0,0.0,0.0,86816.18064250608,0.0
t4175,0.0,0.0,0.0,0.0,0.0,0.0,0.0,0.0,0.0,62346.44418774507,0.0
t4176,0.0,0.0,0.0,0.0,0.0,0.0,0.0,0.0,0.0,42460.32406363655,0.0
t4177,0.0,0.0,0.0,0.0,0.0,0.0,0.0,0.0,0.0,28192.269589044285,0.0
t4178,0.0,0.0,0.0,0.0,0.0,0.0,0.0,0.0,0.0,17946.09843842233,0.0
t4179,0.0,0.0,0.0,0.0,0.0,0.0,0.0,0.0,0.0,11111.724167749495,0.0
t4180,0.0,0.0,0.0,0.0,0.0,0.0,0.0,0.0,0.0,6742.371508081961,0.0
t4181,0.0,0.0,0.0,0.0,0.0,0.0,0.0,0.0,0.0,4026.1562146986857,0.0
t4182,0.0,0.0,0.0,0.0,0.0,0.0,0.0,0.0,0.0,1707.619292484726,0.0
t4183,0.0,0.0,0.0,0.0,0.0,0.0,0.0,0.0,0.0,0.0,0.0
t4184,0.0,0.0,0.0,0.0,0.0,0.0,0.0,0.0,0.0,0.0,0.0
t4185,0.0,0.0,0.0,0.0,0.0,0.0,0.0,0.0,0.0,11427.61716797571,0.0
t4186,0.0,0.0,0.0,0.0,0.0,0.0,0.0,0.0,0.0,31132.91699050069,0.0
t4187,0.0,0.0,0.0,0.0,0.0,0.0,0.0,0.0,0.0,54066.2553292262,0.0
t4188,0.0,0.0,0.0,0.0,0.0,0.0,0.0,0.0,0.0,75353.69242200394,0.0
t4189,0.0,0.0,0.0,0.0,0.0,0.0,0.0,0.0,0.0,94044.93983312625,0.0
t4190,0.0,0.0,0.0,0.0,0.0,0.0,0.0,0.0,0.0,109926.71133933016,0.0
t4191,0.0,0.0,0.0,0.0,0.0,0.0,0.0,0.0,0.0,122122.19163416425,0.0
t4192,0.0,0.0,0.0,0.0,0.0,0.0,0.0,0.0,0.0,132553.00302234475,0.0
t4193,0.0,0.0,0.0,0.0,0.0,0.0,0.0,0.0,0.0,139499.21387929076,0.0
t4194,0.0,0.0,0.0,0.0,0.0,0.0,0.0,0.0,0.0,139499.21387929076,3685.8635049308423
t4195,0.0,0.0,0.0,0.0,0.0,0.0,0.0,0.0,0.0,139499.21387929076,8913.082703341404
t4196,0.0,0.0,0.0,0.0,0.0,0.0,0.0,0.0,0.0,137017.42285122076,0.0
t4197,0.0,0.0,0.0,0.0,0.0,0.0,0.0,0.0,0.0,116677.5803918903,0.0
t4198,0.0,0.0,0.0,0.0,0.0,0.0,0.0,0.0,0.0,87684.0950997517,0.0
t4199,0.0,0.0,0.0,0.0,0.0,0.0,0.0,0.0,0.0,63965.9220466898,0.0
t4200,0.0,0.0,0.0,0.0,0.0,0.0,0.0,0.0,0.0,47273.88049240979,0.0
t4201,0.0,0.0,0.0,0.0,0.0,0.0,0.0,0.0,0.0,36398.853409132695,0.0
t4202,0.0,0.0,0.0,0.0,0.0,0.0,0.0,0.0,0.0,30223.013389652435,0.0
t4203,0.0,0.0,0.0,0.0,0.0,0.0,0.0,0.0,0.0,27440.82039758417,0.0
t4204,0.0,0.0,0.0,0.0,0.0,0.0,0.0,0.0,0.0,27522.525146383683,0.0
t4205,0.0,0.0,0.0,0.0,0.0,0.0,0.0,0.0,0.0,27440.8801949525,0.0
t4206,0.0,0.0,0.0,0.0,0.0,0.0,0.0,0.0,0.0,25844.059953727414,0.0
t4207,0.0,0.0,0.0,0.0,0.0,0.0,0.0,0.0,0.0,22340.62184434817,0.0
t4208,0.0,0.0,0.0,0.0,0.0,0.0,0.0,0.0,0.0,20116.43739202465,0.0
t4209,0.0,0.0,0.0,0.0,0.0,0.0,0.0,0.0,0.0,32895.141419669184,0.0
t4210,0.0,0.0,0.0,0.0,0.0,0.0,0.0,0.0,0.0,53151.8376844047,0.0
t4211,0.0,0.0,0.0,0.0,0.0,0.0,0.0,0.0,0.0,75676.59809515711,0.0
t4212,0.0,0.0,0.0,0.0,0.0,0.0,0.0,0.0,0.0,96271.50462065516,0.0
t4213,0.0,0.0,0.0,0.0,0.0,0.0,0.0,0.0,0.0,113956.12437988522,0.0
t4214,0.0,0.0,0.0,0.0,0.0,0.0,0.0,0.0,0.0,127920.80376525699,0.0
t4215,0.0,0.0,0.0,0.0,0.0,0.0,0.0,0.0,0.0,139499.21387929076,0.0
t4216,0.0,0.0,0.0,0.0,0.0,0.0,0.0,0.0,0.0,139499.21387929076,10495.913029851838
t4217,0.0,0.0,0.0,0.0,0.0,0.0,0.0,0.0,0.0,139499.21387929076,17009.22541560755
t4218,0.0,0.0,0.0,0.0,0.0,0.0,0.0,0.0,0.0,139499.21387929076,22299.14378880828
t4219,0.0,0.0,0.0,0.0,0.0,0.0,0.0,0.0,0.0,139499.21387929076,20046.94183384623
t4220,0.0,0.0,0.0,0.0,0.0,0.0,0.0,0.0,0.0,136790.63877613595,0.0
t4221,0.0,0.0,0.0,0.0,0.0,0.0,0.0,0.0,0.0,112850.3996420823,0.0
t4222,0.0,0.0,0.0,0.0,0.0,0.0,0.0,0.0,0.0,82388.65414979994,0.0
t4223,0.0,0.0,0.0,0.0,0.0,0.0,0.0,0.0,0.0,57704.09766495906,0.0
t4224,0.0,0.0,0.0,0.0,0.0,0.0,0.0,0.0,0.0,41425.30447865711,0.0
t4225,0.0,0.0,0.0,0.0,0.0,0.0,0.0,0.0,0.0,30107.275598664623,0.0
t4226,0.0,0.0,0.0,0.0,0.0,0.0,0.0,0.0,0.0,25637.873096934884,0.0
t4227,0.0,0.0,0.0,0.0,0.0,0.0,0.0,0.0,0.0,22779.260900533787,0.0
t4228,0.0,0.0,0.0,0.0,0.0,0.0,0.0,0.0,0.0,22779.260900533787,0.0
t4229,0.0,0.0,0.0,0.0,0.0,0.0,0.0,0.0,0.0,23058.246800609675,0.0
t4230,0.0,0.0,0.0,0.0,0.0,0.0,0.0,0.0,0.0,22618.264337922425,0.0
t4231,0.0,0.0,0.0,0.0,0.0,0.0,0.0,0.0,0.0,21837.026685521625,0.0
t4232,0.0,0.0,0.0,0.0,0.0,0.0,0.0,0.0,0.0,25710.023001437658,0.0
t4233,0.0,0.0,0.0,0.0,0.0,0.0,0.0,0.0,0.0,40457.690013984604,0.0
t4234,0.0,0.0,0.0,0.0,0.0,0.0,0.0,0.0,0.0,61410.036210546416,0.0
t4235,0.0,0.0,0.0,0.0,0.0,0.0,0.0,0.0,0.0,82759.1666077007,0.0
t4236,0.0,0.0,0.0,0.0,0.0,0.0,0.0,0.0,0.0,100210.1801044834,0.0
t4237,0.0,0.0,0.0,0.0,0.0,0.0,0.0,0.0,0.0,114495.97282538809,0.0
t4238,0.0,0.0,0.0,0.0,0.0,0.0,0.0,0.0,0.0,126205.83856981546,0.0
t4239,0.0,0.0,0.0,0.0,0.0,0.0,0.0,0.0,0.0,133359.48830684595,0.0
t4240,0.0,0.0,0.0,0.0,0.0,0.0,0.0,0.0,0.0,138192.7351706671,0.0
t4241,0.0,0.0,0.0,0.0,0.0,0.0,0.0,0.0,0.0,139499.21387929076,0.0
t4242,0.0,0.0,0.0,0.0,0.0,0.0,0.0,0.0,0.0,139499.21387929076,0.0
t4243,0.0,0.0,0.0,0.0,0.0,0.0,0.0,0.0,0.0,137476.2109212069,0.0
t4244,0.0,0.0,0.0,0.0,0.0,0.0,0.0,0.0,0.0,124149.63832087016,0.0
t4245,0.0,0.0,0.0,0.0,0.0,0.0,0.0,0.0,0.0,94613.88316122582,0.0
t4246,0.0,0.0,0.0,0.0,0.0,0.0,0.0,0.0,0.0,60533.15198643411,0.0
t4247,0.0,0.0,0.0,0.0,0.0,0.0,0.0,0.0,0.0,37449.93422167069,0.0
t4248,0.0,0.0,0.0,0.0,0.0,0.0,0.0,0.0,0.0,18558.071837296167,0.0
t4249,0.0,0.0,0.0,0.0,0.0,0.0,0.0,0.0,0.0,10782.460521135232,0.0
t4250,0.0,0.0,0.0,0.0,0.0,0.0,0.0,0.0,0.0,4224.806053075657,0.0
t4251,0.0,0.0,0.0,0.0,0.0,0.0,0.0,0.0,0.0,3919.6919671008445,0.0
t4252,0.0,0.0,0.0,0.0,0.0,0.0,0.0,0.0,0.0,3919.6919671008445,0.0
t4253,0.0,0.0,0.0,0.0,0.0,0.0,0.0,0.0,0.0,3919.6919671008445,0.0
t4254,0.0,0.0,0.0,0.0,0.0,0.0,0.0,0.0,0.0,3919.6919671008445,0.0
t4255,0.0,0.0,0.0,0.0,0.0,0.0,0.0,0.0,0.0,410.12799596281457,0.0
t4256,0.0,0.0,0.0,0.0,0.0,0.0,0.0,0.0,0.0,0.0,0.0
t4257,0.0,0.0,0.0,0.0,0.0,0.0,0.0,0.0,0.0,8141.731655376212,0.0
t4258,0.0,0.0,0.0,0.0,0.0,0.0,0.0,0.0,0.0,25718.76486643554,0.0
t4259,0.0,0.0,0.0,0.0,0.0,0.0,0.0,0.0,0.0,46336.260310211685,0.0
t4260,0.0,0.0,0.0,0.0,0.0,0.0,0.0,0.0,0.0,66287.55815768943,0.0
t4261,0.0,0.0,0.0,0.0,0.0,0.0,0.0,0.0,0.0,84430.95788971892,0.0
t4262,0.0,0.0,0.0,0.0,0.0,0.0,0.0,0.0,0.0,98774.43586330599,0.0
t4263,0.0,0.0,0.0,0.0,0.0,0.0,0.0,0.0,0.0,110902.08550629056,0.0
t4264,0.0,0.0,0.0,0.0,0.0,0.0,0.0,0.0,0.0,121934.46024844461,0.0
t4265,0.0,0.0,0.0,0.0,0.0,0.0,0.0,0.0,0.0,129666.01274505089,0.0
t4266,0.0,0.0,0.0,0.0,0.0,0.0,0.0,0.0,0.0,134659.35482115857,0.0
t4267,0.0,0.0,0.0,0.0,0.0,0.0,0.0,0.0,0.0,135394.08234406405,0.0
t4268,0.0,0.0,0.0,0.0,0.0,0.0,0.0,0.0,0.0,126947.57745227088,0.0
t4269,0.0,0.0,0.0,0.0,0.0,0.0,0.0,0.0,0.0,106805.96740223002,0.0
t4270,0.0,0.0,0.0,0.0,0.0,0.0,0.0,0.0,0.0,76924.81545151284,0.0
t4271,0.0,0.0,0.0,0.0,0.0,0.0,0.0,0.0,0.0,52780.61930153353,0.0
t4272,0.0,0.0,0.0,0.0,0.0,0.0,0.0,0.0,0.0,36621.859054663066,0.0
t4273,0.0,0.0,0.0,0.0,0.0,0.0,0.0,0.0,0.0,25525.421596121647,0.0
t4274,0.0,0.0,0.0,0.0,0.0,0.0,0.0,0.0,0.0,18814.585284979836,0.0
t4275,0.0,0.0,0.0,0.0,0.0,0.0,0.0,0.0,0.0,14868.682859570767,0.0
t4276,0.0,0.0,0.0,0.0,0.0,0.0,0.0,0.0,0.0,12260.633734624267,0.0
t4277,0.0,0.0,0.0,0.0,0.0,0.0,0.0,0.0,0.0,10563.737319966122,0.0
t4278,0.0,0.0,0.0,0.0,0.0,0.0,0.0,0.0,0.0,7662.616582501982,0.0
t4279,0.0,0.0,0.0,0.0,0.0,0.0,0.0,0.0,0.0,2529.7604366041533,0.0
t4280,0.0,0.0,0.0,0.0,0.0,0.0,0.0,0.0,0.0,0.0,0.0
t4281,0.0,0.0,0.0,0.0,0.0,0.0,0.0,0.0,0.0,10749.769748966111,0.0
t4282,0.0,0.0,0.0,0.0,0.0,0.0,0.0,0.0,0.0,31632.414731346573,0.0
t4283,0.0,0.0,0.0,0.0,0.0,0.0,0.0,0.0,0.0,49648.84742687541,0.0
t4284,0.0,0.0,0.0,0.0,0.0,0.0,0.0,0.0,0.0,66656.57070625116,0.0
t4285,0.0,0.0,0.0,0.0,0.0,0.0,0.0,0.0,0.0,83256.11036232712,0.0
t4286,0.0,0.0,0.0,0.0,0.0,0.0,0.0,0.0,0.0,103573.0117751176,0.0
t4287,0.0,0.0,0.0,0.0,0.0,0.0,0.0,0.0,0.0,114746.86553528672,0.0
t4288,0.0,0.0,0.0,0.0,0.0,0.0,0.0,0.0,0.0,131723.6803290243,0.0
t4289,0.0,0.0,0.0,0.0,0.0,0.0,0.0,0.0,0.0,139499.21387929076,0.0
t4290,0.0,0.0,0.0,0.0,0.0,0.0,0.0,0.0,0.0,139499.21387929076,14150.024516160403
t4291,0.0,0.0,0.0,0.0,0.0,0.0,0.0,0.0,0.0,139499.21387929076,17892.783849635813
t4292,0.0,0.0,0.0,0.0,0.0,0.0,0.0,0.0,0.0,139499.21387929076,6043.696753392333
t4293,0.0,0.0,0.0,0.0,0.0,0.0,0.0,0.0,0.0,123535.9025683328,0.0
t4294,0.0,0.0,0.0,0.0,0.0,0.0,0.0,0.0,0.0,94739.35459562225,0.0
t4295,0.0,0.0,0.0,0.0,0.0,0.0,0.0,0.0,0.0,70719.78683590518,0.0
t4296,0.0,0.0,0.0,0.0,0.0,0.0,0.0,0.0,0.0,52990.48100975258,0.0
t4297,0.0,0.0,0.0,0.0,0.0,0.0,0.0,0.0,0.0,41318.50073418133,0.0
t4298,0.0,0.0,0.0,0.0,0.0,0.0,0.0,0.0,0.0,32906.12481551015,0.0
t4299,0.0,0.0,0.0,0.0,0.0,0.0,0.0,0.0,0.0,27273.7047540776,0.0
t4300,0.0,0.0,0.0,0.0,0.0,0.0,0.0,0.0,0.0,23011.62634722984,0.0
t4301,0.0,0.0,0.0,0.0,0.0,0.0,0.0,0.0,0.0,18751.34502008071,0.0
t4302,0.0,0.0,0.0,0.0,0.0,0.0,0.0,0.0,0.0,13474.967051407337,0.0
t4303,0.0,0.0,0.0,0.0,0.0,0.0,0.0,0.0,0.0,6324.444120447608,0.0
t4304,0.0,0.0,0.0,0.0,0.0,0.0,0.0,0.0,0.0,0.0,0.0
t4305,0.0,0.0,0.0,0.0,0.0,0.0,0.0,0.0,0.0,2345.537156824494,0.0
t4306,0.0,0.0,0.0,0.0,0.0,0.0,0.0,0.0,0.0,20739.12928803704,0.0
t4307,0.0,0.0,0.0,0.0,0.0,0.0,0.0,0.0,0.0,34654.83929350202,0.0
t4308,0.0,0.0,0.0,0.0,0.0,0.0,0.0,0.0,0.0,48970.97563441556,0.0
t4309,0.0,0.0,0.0,0.0,0.0,0.0,0.0,0.0,0.0,62999.599419196005,0.0
t4310,0.0,0.0,0.0,0.0,0.0,0.0,0.0,0.0,0.0,75488.0356730388,0.0
t4311,0.0,0.0,0.0,0.0,0.0,0.0,0.0,0.0,0.0,90031.84832375044,0.0
t4312,0.0,0.0,0.0,0.0,0.0,0.0,0.0,0.0,0.0,95543.01335839393,0.0
t4313,0.0,0.0,0.0,0.0,0.0,0.0,0.0,0.0,0.0,104920.76567287493,0.0
t4314,0.0,0.0,0.0,0.0,0.0,0.0,0.0,0.0,0.0,113041.53717285699,0.0
t4315,0.0,0.0,0.0,0.0,0.0,0.0,0.0,0.0,0.0,118514.00321076732,0.0
t4316,0.0,0.0,0.0,0.0,0.0,0.0,0.0,0.0,0.0,116869.21045959847,0.0
t4317,0.0,0.0,0.0,0.0,0.0,0.0,0.0,0.0,0.0,97193.08542316874,0.0
t4318,0.0,0.0,0.0,0.0,0.0,0.0,0.0,0.0,0.0,71264.40247023148,0.0
t4319,0.0,0.0,0.0,0.0,0.0,0.0,0.0,0.0,0.0,51015.549430502186,0.0
t4320,0.0,0.0,0.0,0.0,0.0,0.0,0.0,0.0,0.0,34552.85082080971,0.0
t4321,0.0,0.0,0.0,0.0,0.0,0.0,0.0,0.0,0.0,23454.761210769182,0.0
t4322,0.0,0.0,0.0,0.0,0.0,0.0,0.0,0.0,0.0,15747.999440059757,0.0
t4323,0.0,0.0,0.0,0.0,0.0,0.0,0.0,0.0,0.0,10821.045810801743,0.0
t4324,0.0,0.0,0.0,0.0,0.0,0.0,0.0,0.0,0.0,7908.381897615703,0.0
t4325,0.0,0.0,0.0,0.0,0.0,0.0,0.0,0.0,0.0,6061.615683903825,0.0
t4326,0.0,0.0,0.0,0.0,0.0,0.0,0.0,0.0,0.0,4013.7804026744107,0.0
t4327,0.0,0.0,0.0,0.0,0.0,0.0,0.0,0.0,0.0,1953.9405351940113,0.0
t4328,0.0,0.0,0.0,0.0,0.0,0.0,0.0,0.0,0.0,0.0,0.0
t4329,0.0,0.0,0.0,0.0,0.0,0.0,0.0,0.0,0.0,2914.321499130329,0.0
t4330,0.0,0.0,0.0,0.0,0.0,0.0,0.0,0.0,0.0,10808.064134338167,0.0
t4331,0.0,0.0,0.0,0.0,0.0,0.0,0.0,0.0,0.0,23342.48894973637,0.0
t4332,0.0,0.0,0.0,0.0,0.0,0.0,0.0,0.0,0.0,36028.41795987376,0.0
t4333,0.0,0.0,0.0,0.0,0.0,0.0,0.0,0.0,0.0,51837.18572655741,0.0
t4334,0.0,0.0,0.0,0.0,0.0,0.0,0.0,0.0,0.0,67709.09900208142,0.0
t4335,0.0,0.0,0.0,0.0,0.0,0.0,0.0,0.0,0.0,85925.97429866607,0.0
t4336,0.0,0.0,0.0,0.0,0.0,0.0,0.0,0.0,0.0,97501.69676235563,0.0
t4337,0.0,0.0,0.0,0.0,0.0,0.0,0.0,0.0,0.0,107611.04065784597,0.0
t4338,0.0,0.0,0.0,0.0,0.0,0.0,0.0,0.0,0.0,112485.56494613859,0.0
t4339,0.0,0.0,0.0,0.0,0.0,0.0,0.0,0.0,0.0,110009.85164775944,0.0
t4340,0.0,0.0,0.0,0.0,0.0,0.0,0.0,0.0,0.0,96976.28034440007,0.0
t4341,0.0,0.0,0.0,0.0,0.0,0.0,0.0,0.0,0.0,74920.42258384962,0.0
t4342,0.0,0.0,0.0,0.0,0.0,0.0,0.0,0.0,0.0,51986.35220219108,0.0
t4343,0.0,0.0,0.0,0.0,0.0,0.0,0.0,0.0,0.0,33716.189461259426,0.0
t4344,0.0,0.0,0.0,0.0,0.0,0.0,0.0,0.0,0.0,19160.990421067512,0.0
t4345,0.0,0.0,0.0,0.0,0.0,0.0,0.0,0.0,0.0,9667.272138995737,0.0
t4346,0.0,0.0,0.0,0.0,0.0,0.0,0.0,0.0,0.0,4110.3658246269115,0.0
t4347,0.0,0.0,0.0,0.0,0.0,0.0,0.0,0.0,0.0,1161.9049941191129,0.0
t4348,0.0,0.0,0.0,0.0,0.0,0.0,0.0,0.0,0.0,0.0,0.0
t4349,0.0,0.0,0.0,0.0,0.0,0.0,0.0,0.0,0.0,0.0,0.0
t4350,0.0,0.0,0.0,0.0,0.0,0.0,0.0,0.0,0.0,0.0,0.0
t4351,0.0,0.0,0.0,0.0,0.0,0.0,0.0,0.0,0.0,0.0,0.0
t4352,0.0,0.0,0.0,0.0,0.0,0.0,0.0,0.0,0.0,0.0,0.0
t4353,0.0,0.0,0.0,0.0,0.0,0.0,0.0,0.0,0.0,0.0,0.0
t4354,0.0,0.0,0.0,0.0,0.0,0.0,0.0,0.0,0.0,7767.05852162065,0.0
t4355,0.0,0.0,0.0,0.0,0.0,0.0,0.0,0.0,0.0,20800.951521411123,0.0
t4356,0.0,0.0,0.0,0.0,0.0,0.0,0.0,0.0,0.0,35979.019832311926,0.0
t4357,0.0,0.0,0.0,0.0,0.0,0.0,0.0,0.0,0.0,52731.91547623071,0.0
t4358,0.0,0.0,0.0,0.0,0.0,0.0,0.0,0.0,0.0,71666.00318939751,0.0
t4359,0.0,0.0,0.0,0.0,0.0,0.0,0.0,0.0,0.0,92474.41311664393,0.0
t4360,0.0,0.0,0.0,0.0,0.0,0.0,0.0,0.0,0.0,113293.14506604095,0.0
t4361,0.0,0.0,0.0,0.0,0.0,0.0,0.0,0.0,0.0,129803.06608099167,0.0
t4362,0.0,0.0,0.0,0.0,0.0,0.0,0.0,0.0,0.0,139499.21387929076,0.0
t4363,0.0,0.0,0.0,0.0,0.0,0.0,0.0,0.0,0.0,139022.49938139465,0.0
t4364,0.0,0.0,0.0,0.0,0.0,0.0,0.0,0.0,0.0,127074.84453276289,0.0
t4365,0.0,0.0,0.0,0.0,0.0,0.0,0.0,0.0,0.0,107559.71746892828,0.0
t4366,0.0,0.0,0.0,0.0,0.0,0.0,0.0,0.0,0.0,82349.16819182184,0.0
t4367,0.0,0.0,0.0,0.0,0.0,0.0,0.0,0.0,0.0,65163.486980799404,0.0
t4368,0.0,0.0,0.0,0.0,0.0,0.0,0.0,0.0,0.0,52562.74449801104,0.0
t4369,0.0,0.0,0.0,0.0,0.0,0.0,0.0,0.0,0.0,43704.329446303534,0.0
t4370,0.0,0.0,0.0,0.0,0.0,0.0,0.0,0.0,0.0,38468.93029885021,0.0
t4371,0.0,0.0,0.0,0.0,0.0,0.0,0.0,0.0,0.0,30891.720170326695,0.0
t4372,0.0,0.0,0.0,0.0,0.0,0.0,0.0,0.0,0.0,26569.647063313332,0.0
t4373,0.0,0.0,0.0,0.0,0.0,0.0,0.0,0.0,0.0,25294.184924345554,0.0
t4374,0.0,0.0,0.0,0.0,0.0,0.0,0.0,0.0,0.0,21057.636028605466,0.0
t4375,0.0,0.0,0.0,0.0,0.0,0.0,0.0,0.0,0.0,13536.259260908255,0.0
t4376,0.0,0.0,0.0,0.0,0.0,0.0,0.0,0.0,0.0,4588.350223279742,0.0
t4377,0.0,0.0,0.0,0.0,0.0,0.0,0.0,0.0,0.0,0.0,0.0
t4378,0.0,0.0,0.0,0.0,0.0,0.0,0.0,0.0,0.0,5461.125472679434,0.0
t4379,0.0,0.0,0.0,0.0,0.0,0.0,0.0,0.0,0.0,21358.67061551005,0.0
t4380,0.0,0.0,0.0,0.0,0.0,0.0,0.0,0.0,0.0,40934.665472192406,0.0
t4381,0.0,0.0,0.0,0.0,0.0,0.0,0.0,0.0,0.0,62157.36382165012,0.0
t4382,0.0,0.0,0.0,0.0,0.0,0.0,0.0,0.0,0.0,82010.81135832869,0.0
t4383,0.0,0.0,0.0,0.0,0.0,0.0,0.0,0.0,0.0,98210.06836031654,0.0
t4384,0.0,0.0,0.0,0.0,0.0,0.0,0.0,0.0,0.0,112882.49014454134,0.0
t4385,0.0,0.0,0.0,0.0,0.0,0.0,0.0,0.0,0.0,126354.12557453496,0.0
t4386,0.0,0.0,0.0,0.0,0.0,0.0,0.0,0.0,0.0,136212.48115125002,0.0
t4387,0.0,0.0,0.0,0.0,0.0,0.0,0.0,0.0,0.0,139499.21387929076,0.0
t4388,0.0,0.0,0.0,0.0,0.0,0.0,0.0,0.0,0.0,137655.59258515472,0.0
t4389,0.0,0.0,0.0,0.0,0.0,0.0,0.0,0.0,0.0,118136.01037152557,0.0
t4390,0.0,0.0,0.0,0.0,0.0,0.0,0.0,0.0,0.0,92285.48658778283,0.0
t4391,0.0,0.0,0.0,0.0,0.0,0.0,0.0,0.0,0.0,70308.4593534125,0.0
t4392,0.0,0.0,0.0,0.0,0.0,0.0,0.0,0.0,0.0,54889.573767577815,0.0
t4393,0.0,0.0,0.0,0.0,0.0,0.0,0.0,0.0,0.0,44532.9604648106,0.0
t4394,0.0,0.0,0.0,0.0,0.0,0.0,0.0,0.0,0.0,37574.11569923516,0.0
t4395,0.0,0.0,0.0,0.0,0.0,0.0,0.0,0.0,0.0,34262.15814038221,0.0
t4396,0.0,0.0,0.0,0.0,0.0,0.0,0.0,0.0,0.0,31082.68505289919,0.0
t4397,0.0,0.0,0.0,0.0,0.0,0.0,0.0,0.0,0.0,26957.631347519935,0.0
t4398,0.0,0.0,0.0,0.0,0.0,0.0,0.0,0.0,0.0,20339.686001166934,0.0
t4399,0.0,0.0,0.0,0.0,0.0,0.0,0.0,0.0,0.0,10963.379013473206,0.0
t4400,0.0,0.0,0.0,0.0,0.0,0.0,0.0,0.0,0.0,0.0,0.0
t4401,0.0,0.0,0.0,0.0,0.0,0.0,0.0,0.0,0.0,0.0,0.0
t4402,0.0,0.0,0.0,0.0,0.0,0.0,0.0,0.0,0.0,8716.658423032619,0.0
t4403,0.0,0.0,0.0,0.0,0.0,0.0,0.0,0.0,0.0,23497.86615051007,0.0
t4404,0.0,0.0,0.0,0.0,0.0,0.0,0.0,0.0,0.0,40177.09948802629,0.0
t4405,0.0,0.0,0.0,0.0,0.0,0.0,0.0,0.0,0.0,57814.388632565286,0.0
t4406,0.0,0.0,0.0,0.0,0.0,0.0,0.0,0.0,0.0,76611.53287755116,0.0
t4407,0.0,0.0,0.0,0.0,0.0,0.0,0.0,0.0,0.0,95133.83795340246,0.0
t4408,0.0,0.0,0.0,0.0,0.0,0.0,0.0,0.0,0.0,110302.70530157795,0.0
t4409,0.0,0.0,0.0,0.0,0.0,0.0,0.0,0.0,0.0,121122.79966822205,0.0
t4410,0.0,0.0,0.0,0.0,0.0,0.0,0.0,0.0,0.0,126899.90981760764,0.0
t4411,0.0,0.0,0.0,0.0,0.0,0.0,0.0,0.0,0.0,128662.8174089448,0.0
t4412,0.0,0.0,0.0,0.0,0.0,0.0,0.0,0.0,0.0,118756.74848450307,0.0
t4413,0.0,0.0,0.0,0.0,0.0,0.0,0.0,0.0,0.0,100220.01611778527,0.0
t4414,0.0,0.0,0.0,0.0,0.0,0.0,0.0,0.0,0.0,74980.55171655757,0.0
t4415,0.0,0.0,0.0,0.0,0.0,0.0,0.0,0.0,0.0,52920.45791192049,0.0
t4416,0.0,0.0,0.0,0.0,0.0,0.0,0.0,0.0,0.0,32771.377139626275,0.0
t4417,0.0,0.0,0.0,0.0,0.0,0.0,0.0,0.0,0.0,23477.525251550906,0.0
t4418,0.0,0.0,0.0,0.0,0.0,0.0,0.0,0.0,0.0,18125.429262414422,0.0
t4419,0.0,0.0,0.0,0.0,0.0,0.0,0.0,0.0,0.0,14818.987887940668,0.0
t4420,0.0,0.0,0.0,0.0,0.0,0.0,0.0,0.0,0.0,13771.317604409942,0.0
t4421,0.0,0.0,0.0,0.0,0.0,0.0,0.0,0.0,0.0,7231.273871491576,0.0
t4422,0.0,0.0,0.0,0.0,0.0,0.0,0.0,0.0,0.0,4927.378639652594,0.0
t4423,0.0,0.0,0.0,0.0,0.0,0.0,0.0,0.0,0.0,1982.2478147539473,0.0
t4424,0.0,0.0,0.0,0.0,0.0,0.0,0.0,0.0,0.0,0.0,0.0
t4425,0.0,0.0,0.0,0.0,0.0,0.0,0.0,0.0,0.0,337.9223564534476,0.0
t4426,0.0,0.0,0.0,0.0,0.0,0.0,0.0,0.0,0.0,11512.12260613025,0.0
t4427,0.0,0.0,0.0,0.0,0.0,0.0,0.0,0.0,0.0,29848.452095180204,0.0
t4428,0.0,0.0,0.0,0.0,0.0,0.0,0.0,0.0,0.0,51533.56385568094,0.0
t4429,0.0,0.0,0.0,0.0,0.0,0.0,0.0,0.0,0.0,72037.20448855573,0.0
t4430,0.0,0.0,0.0,0.0,0.0,0.0,0.0,0.0,0.0,92915.78229975305,0.0
t4431,0.0,0.0,0.0,0.0,0.0,0.0,0.0,0.0,0.0,111685.76637428105,0.0
t4432,0.0,0.0,0.0,0.0,0.0,0.0,0.0,0.0,0.0,126874.88560314283,0.0
t4433,0.0,0.0,0.0,0.0,0.0,0.0,0.0,0.0,0.0,133641.8179014384,0.0
t4434,0.0,0.0,0.0,0.0,0.0,0.0,0.0,0.0,0.0,136871.07780666315,0.0
t4435,0.0,0.0,0.0,0.0,0.0,0.0,0.0,0.0,0.0,139499.21387929076,0.0
t4436,0.0,0.0,0.0,0.0,0.0,0.0,0.0,0.0,0.0,135479.91071775393,0.0
t4437,0.0,0.0,0.0,0.0,0.0,0.0,0.0,0.0,0.0,117926.35538564948,0.0
t4438,0.0,0.0,0.0,0.0,0.0,0.0,0.0,0.0,0.0,98229.74850006154,0.0
t4439,0.0,0.0,0.0,0.0,0.0,0.0,0.0,0.0,0.0,80900.03502294517,0.0
t4440,0.0,0.0,0.0,0.0,0.0,0.0,0.0,0.0,0.0,67298.40416359862,0.0
t4441,0.0,0.0,0.0,0.0,0.0,0.0,0.0,0.0,0.0,58360.86127702359,0.0
t4442,0.0,0.0,0.0,0.0,0.0,0.0,0.0,0.0,0.0,53544.05792913353,0.0
t4443,0.0,0.0,0.0,0.0,0.0,0.0,0.0,0.0,0.0,51290.99345542797,0.0
t4444,0.0,0.0,0.0,0.0,0.0,0.0,0.0,0.0,0.0,49714.737987423694,0.0
t4445,0.0,0.0,0.0,0.0,0.0,0.0,0.0,0.0,0.0,48826.420743904244,0.0
t4446,0.0,0.0,0.0,0.0,0.0,0.0,0.0,0.0,0.0,45958.35779019769,0.0
t4447,0.0,0.0,0.0,0.0,0.0,0.0,0.0,0.0,0.0,40426.11281494501,0.0
t4448,0.0,0.0,0.0,0.0,0.0,0.0,0.0,0.0,0.0,34721.811267021905,0.0
t4449,0.0,0.0,0.0,0.0,0.0,0.0,0.0,0.0,0.0,34721.811267021905,0.0
t4450,0.0,0.0,0.0,0.0,0.0,0.0,0.0,0.0,0.0,45623.202974838096,0.0
t4451,0.0,0.0,0.0,0.0,0.0,0.0,0.0,0.0,0.0,61186.85268036001,0.0
t4452,0.0,0.0,0.0,0.0,0.0,0.0,0.0,0.0,0.0,75697.02871699848,0.0
t4453,0.0,0.0,0.0,0.0,0.0,0.0,0.0,0.0,0.0,91796.0147509819,0.0
t4454,0.0,0.0,0.0,0.0,0.0,0.0,0.0,0.0,0.0,105647.14731361142,0.0
t4455,0.0,0.0,0.0,0.0,0.0,0.0,0.0,0.0,0.0,119313.92797764836,0.0
t4456,0.0,0.0,0.0,0.0,0.0,0.0,0.0,0.0,0.0,130988.52988868875,0.0
t4457,0.0,0.0,0.0,0.0,0.0,0.0,0.0,0.0,0.0,139499.21387929076,0.0
t4458,0.0,0.0,0.0,0.0,0.0,0.0,0.0,0.0,0.0,139499.21387929076,0.0
t4459,0.0,0.0,0.0,0.0,0.0,0.0,0.0,0.0,0.0,139499.21387929076,0.0
t4460,0.0,0.0,0.0,0.0,0.0,0.0,0.0,0.0,0.0,127220.5106078219,0.0
t4461,0.0,0.0,0.0,0.0,0.0,0.0,0.0,0.0,0.0,106351.68319778237,0.0
t4462,0.0,0.0,0.0,0.0,0.0,0.0,0.0,0.0,0.0,79215.02329784536,0.0
t4463,0.0,0.0,0.0,0.0,0.0,0.0,0.0,0.0,0.0,55559.546161951315,0.0
t4464,0.0,0.0,0.0,0.0,0.0,0.0,0.0,0.0,0.0,40165.288410862995,0.0
t4465,0.0,0.0,0.0,0.0,0.0,0.0,0.0,0.0,0.0,31052.862557732693,0.0
t4466,0.0,0.0,0.0,0.0,0.0,0.0,0.0,0.0,0.0,26346.72652492474,0.0
t4467,0.0,0.0,0.0,0.0,0.0,0.0,0.0,0.0,0.0,24035.14622425502,0.0
t4468,0.0,0.0,0.0,0.0,0.0,0.0,0.0,0.0,0.0,22566.83575715169,0.0
t4469,0.0,0.0,0.0,0.0,0.0,0.0,0.0,0.0,0.0,21202.18928571383,0.0
t4470,0.0,0.0,0.0,0.0,0.0,0.0,0.0,0.0,0.0,18443.242492450787,0.0
t4471,0.0,0.0,0.0,0.0,0.0,0.0,0.0,0.0,0.0,13667.858723328274,0.0
t4472,0.0,0.0,0.0,0.0,0.0,0.0,0.0,0.0,0.0,8351.036730204421,0.0
t4473,0.0,0.0,0.0,0.0,0.0,0.0,0.0,0.0,0.0,12517.909698879772,0.0
t4474,0.0,0.0,0.0,0.0,0.0,0.0,0.0,0.0,0.0,25852.27019635748,0.0
t4475,0.0,0.0,0.0,0.0,0.0,0.0,0.0,0.0,0.0,43688.889512439666,0.0
t4476,0.0,0.0,0.0,0.0,0.0,0.0,0.0,0.0,0.0,62147.81940217335,0.0
t4477,0.0,0.0,0.0,0.0,0.0,0.0,0.0,0.0,0.0,79579.92534489205,0.0
t4478,0.0,0.0,0.0,0.0,0.0,0.0,0.0,0.0,0.0,94717.28947277785,0.0
t4479,0.0,0.0,0.0,0.0,0.0,0.0,0.0,0.0,0.0,106728.24493892508,0.0
t4480,0.0,0.0,0.0,0.0,0.0,0.0,0.0,0.0,0.0,115738.05649867766,0.0
t4481,0.0,0.0,0.0,0.0,0.0,0.0,0.0,0.0,0.0,122125.54313644218,0.0
t4482,0.0,0.0,0.0,0.0,0.0,0.0,0.0,0.0,0.0,126088.63878618776,0.0
t4483,0.0,0.0,0.0,0.0,0.0,0.0,0.0,0.0,0.0,126175.34107536962,0.0
t4484,0.0,0.0,0.0,0.0,0.0,0.0,0.0,0.0,0.0,121239.15448690906,0.0
t4485,0.0,0.0,0.0,0.0,0.0,0.0,0.0,0.0,0.0,102208.10710239012,0.0
t4486,0.0,0.0,0.0,0.0,0.0,0.0,0.0,0.0,0.0,74247.78324578582,0.0
t4487,0.0,0.0,0.0,0.0,0.0,0.0,0.0,0.0,0.0,52797.33884790215,0.0
t4488,0.0,0.0,0.0,0.0,0.0,0.0,0.0,0.0,0.0,36905.35782288367,0.0
t4489,0.0,0.0,0.0,0.0,0.0,0.0,0.0,0.0,0.0,25313.08380704065,0.0
t4490,0.0,0.0,0.0,0.0,0.0,0.0,0.0,0.0,0.0,17755.685367165806,0.0
t4491,0.0,0.0,0.0,0.0,0.0,0.0,0.0,0.0,0.0,12907.35553005748,0.0
t4492,0.0,0.0,0.0,0.0,0.0,0.0,0.0,0.0,0.0,9637.758803881672,0.0
t4493,0.0,0.0,0.0,0.0,0.0,0.0,0.0,0.0,0.0,7555.539975050117,0.0
t4494,0.0,0.0,0.0,0.0,0.0,0.0,0.0,0.0,0.0,5315.462282253445,0.0
t4495,0.0,0.0,0.0,0.0,0.0,0.0,0.0,0.0,0.0,2871.680933030587,0.0
t4496,0.0,0.0,0.0,0.0,0.0,0.0,0.0,0.0,0.0,0.0,0.0
t4497,0.0,0.0,0.0,0.0,0.0,0.0,0.0,0.0,0.0,5448.027945773433,0.0
t4498,0.0,0.0,0.0,0.0,0.0,0.0,0.0,0.0,0.0,20165.360290547505,0.0
t4499,0.0,0.0,0.0,0.0,0.0,0.0,0.0,0.0,0.0,39082.43247231162,0.0
t4500,0.0,0.0,0.0,0.0,0.0,0.0,0.0,0.0,0.0,56647.19999971756,0.0
t4501,0.0,0.0,0.0,0.0,0.0,0.0,0.0,0.0,0.0,72065.12210737226,0.0
t4502,0.0,0.0,0.0,0.0,0.0,0.0,0.0,0.0,0.0,85226.30980847818,0.0
t4503,0.0,0.0,0.0,0.0,0.0,0.0,0.0,0.0,0.0,91978.83862386586,0.0
t4504,0.0,0.0,0.0,0.0,0.0,0.0,0.0,0.0,0.0,96201.68293159119,0.0
t4505,0.0,0.0,0.0,0.0,0.0,0.0,0.0,0.0,0.0,99408.24949731842,0.0
t4506,0.0,0.0,0.0,0.0,0.0,0.0,0.0,0.0,0.0,104361.94805144334,0.0
t4507,0.0,0.0,0.0,0.0,0.0,0.0,0.0,0.0,0.0,103380.75782671351,0.0
t4508,0.0,0.0,0.0,0.0,0.0,0.0,0.0,0.0,0.0,95499.10627956504,0.0
t4509,0.0,0.0,0.0,0.0,0.0,0.0,0.0,0.0,0.0,82864.39458587681,0.0
t4510,0.0,0.0,0.0,0.0,0.0,0.0,0.0,0.0,0.0,63881.132146959964,0.0
t4511,0.0,0.0,0.0,0.0,0.0,0.0,0.0,0.0,0.0,40338.223290955604,0.0
t4512,0.0,0.0,0.0,0.0,0.0,0.0,0.0,0.0,0.0,28859.036377555614,0.0
t4513,0.0,0.0,0.0,0.0,0.0,0.0,0.0,0.0,0.0,21797.26462050905,0.0
t4514,0.0,0.0,0.0,0.0,0.0,0.0,0.0,0.0,0.0,18634.24030214935,0.0
t4515,0.0,0.0,0.0,0.0,0.0,0.0,0.0,0.0,0.0,17545.893538458608,0.0
t4516,0.0,0.0,0.0,0.0,0.0,0.0,0.0,0.0,0.0,10196.795872655068,0.0
t4517,0.0,0.0,0.0,0.0,0.0,0.0,0.0,0.0,0.0,3459.5280635586773,0.0
t4518,0.0,0.0,0.0,0.0,0.0,0.0,0.0,0.0,0.0,3459.5280635586773,0.0
t4519,0.0,0.0,0.0,0.0,0.0,0.0,0.0,0.0,0.0,3459.5280635586773,0.0
t4520,0.0,0.0,0.0,0.0,0.0,0.0,0.0,0.0,0.0,0.0,0.0
t4521,0.0,0.0,0.0,0.0,0.0,0.0,0.0,0.0,0.0,4119.023486161292,0.0
t4522,0.0,0.0,0.0,0.0,0.0,0.0,0.0,0.0,0.0,17608.247251816872,0.0
t4523,0.0,0.0,0.0,0.0,0.0,0.0,0.0,0.0,0.0,35485.84736600207,0.0
t4524,0.0,0.0,0.0,0.0,0.0,0.0,0.0,0.0,0.0,51417.685656443624,0.0
t4525,0.0,0.0,0.0,0.0,0.0,0.0,0.0,0.0,0.0,72788.99521929238,0.0
t4526,0.0,0.0,0.0,0.0,0.0,0.0,0.0,0.0,0.0,92062.14090320165,0.0
t4527,0.0,0.0,0.0,0.0,0.0,0.0,0.0,0.0,0.0,109960.50020242922,0.0
t4528,0.0,0.0,0.0,0.0,0.0,0.0,0.0,0.0,0.0,126681.14362949597,0.0
t4529,0.0,0.0,0.0,0.0,0.0,0.0,0.0,0.0,0.0,136814.76882908173,0.0
t4530,0.0,0.0,0.0,0.0,0.0,0.0,0.0,0.0,0.0,139499.21387929076,0.0
t4531,0.0,0.0,0.0,0.0,0.0,0.0,0.0,0.0,0.0,139499.21387929076,0.0
t4532,0.0,0.0,0.0,0.0,0.0,0.0,0.0,0.0,0.0,131760.61120975055,0.0
t4533,0.0,0.0,0.0,0.0,0.0,0.0,0.0,0.0,0.0,113932.50323069806,0.0
t4534,0.0,0.0,0.0,0.0,0.0,0.0,0.0,0.0,0.0,97259.69602589685,0.0
t4535,0.0,0.0,0.0,0.0,0.0,0.0,0.0,0.0,0.0,84458.32339520358,0.0
t4536,0.0,0.0,0.0,0.0,0.0,0.0,0.0,0.0,0.0,75961.15927856111,0.0
t4537,0.0,0.0,0.0,0.0,0.0,0.0,0.0,0.0,0.0,72431.21173672266,0.0
t4538,0.0,0.0,0.0,0.0,0.0,0.0,0.0,0.0,0.0,70785.44085267722,0.0
t4539,0.0,0.0,0.0,0.0,0.0,0.0,0.0,0.0,0.0,70766.53056109665,0.0
t4540,0.0,0.0,0.0,0.0,0.0,0.0,0.0,0.0,0.0,70766.53056109665,0.0
t4541,0.0,0.0,0.0,0.0,0.0,0.0,0.0,0.0,0.0,70766.53056109665,0.0
t4542,0.0,0.0,0.0,0.0,0.0,0.0,0.0,0.0,0.0,68141.75110379761,0.0
t4543,0.0,0.0,0.0,0.0,0.0,0.0,0.0,0.0,0.0,61648.26426807128,0.0
t4544,0.0,0.0,0.0,0.0,0.0,0.0,0.0,0.0,0.0,52397.88798462202,0.0
t4545,0.0,0.0,0.0,0.0,0.0,0.0,0.0,0.0,0.0,49517.70375160995,0.0
t4546,0.0,0.0,0.0,0.0,0.0,0.0,0.0,0.0,0.0,52354.651627495536,0.0
t4547,0.0,0.0,0.0,0.0,0.0,0.0,0.0,0.0,0.0,64299.13934969022,0.0
t4548,0.0,0.0,0.0,0.0,0.0,0.0,0.0,0.0,0.0,75156.27439139597,0.0
t4549,0.0,0.0,0.0,0.0,0.0,0.0,0.0,0.0,0.0,85087.8721053694,0.0
t4550,0.0,0.0,0.0,0.0,0.0,0.0,0.0,0.0,0.0,95305.6161836337,0.0
t4551,0.0,0.0,0.0,0.0,0.0,0.0,0.0,0.0,0.0,108812.95322906431,0.0
t4552,0.0,0.0,0.0,0.0,0.0,0.0,0.0,0.0,0.0,121883.78032126113,0.0
t4553,0.0,0.0,0.0,0.0,0.0,0.0,0.0,0.0,0.0,133431.530172823,0.0
t4554,0.0,0.0,0.0,0.0,0.0,0.0,0.0,0.0,0.0,133431.530172823,0.0
t4555,0.0,0.0,0.0,0.0,0.0,0.0,0.0,0.0,0.0,126792.83135276109,0.0
t4556,0.0,0.0,0.0,0.0,0.0,0.0,0.0,0.0,0.0,115927.40097076543,0.0
t4557,0.0,0.0,0.0,0.0,0.0,0.0,0.0,0.0,0.0,98945.63202798979,0.0
t4558,0.0,0.0,0.0,0.0,0.0,0.0,0.0,0.0,0.0,82827.00496423505,0.0
t4559,0.0,0.0,0.0,0.0,0.0,0.0,0.0,0.0,0.0,67758.84201584235,0.0
t4560,0.0,0.0,0.0,0.0,0.0,0.0,0.0,0.0,0.0,60491.10152455669,0.0
t4561,0.0,0.0,0.0,0.0,0.0,0.0,0.0,0.0,0.0,58664.027174437724,0.0
t4562,0.0,0.0,0.0,0.0,0.0,0.0,0.0,0.0,0.0,58664.027174437724,0.0
t4563,0.0,0.0,0.0,0.0,0.0,0.0,0.0,0.0,0.0,58664.027174437724,0.0
t4564,0.0,0.0,0.0,0.0,0.0,0.0,0.0,0.0,0.0,58664.027174437724,0.0
t4565,0.0,0.0,0.0,0.0,0.0,0.0,0.0,0.0,0.0,58664.027174437724,0.0
t4566,0.0,0.0,0.0,0.0,0.0,0.0,0.0,0.0,0.0,58664.027174437724,0.0
t4567,0.0,0.0,0.0,0.0,0.0,0.0,0.0,0.0,0.0,54773.385795672926,0.0
t4568,0.0,0.0,0.0,0.0,0.0,0.0,0.0,0.0,0.0,48498.85578568554,0.0
t4569,0.0,0.0,0.0,0.0,0.0,0.0,0.0,0.0,0.0,48498.85578568554,0.0
t4570,0.0,0.0,0.0,0.0,0.0,0.0,0.0,0.0,0.0,49469.975006249464,0.0
t4571,0.0,0.0,0.0,0.0,0.0,0.0,0.0,0.0,0.0,57072.35072880501,0.0
t4572,0.0,0.0,0.0,0.0,0.0,0.0,0.0,0.0,0.0,70204.22706847523,0.0
t4573,0.0,0.0,0.0,0.0,0.0,0.0,0.0,0.0,0.0,83744.96014381813,0.0
t4574,0.0,0.0,0.0,0.0,0.0,0.0,0.0,0.0,0.0,102222.35828402443,0.0
t4575,0.0,0.0,0.0,0.0,0.0,0.0,0.0,0.0,0.0,118529.89366765786,0.0
t4576,0.0,0.0,0.0,0.0,0.0,0.0,0.0,0.0,0.0,130933.90263887348,0.0
t4577,0.0,0.0,0.0,0.0,0.0,0.0,0.0,0.0,0.0,139499.21387929076,0.0
t4578,0.0,0.0,0.0,0.0,0.0,0.0,0.0,0.0,0.0,139499.21387929076,0.0
t4579,0.0,0.0,0.0,0.0,0.0,0.0,0.0,0.0,0.0,134345.91643354818,0.0
t4580,0.0,0.0,0.0,0.0,0.0,0.0,0.0,0.0,0.0,120176.93463697139,0.0
t4581,0.0,0.0,0.0,0.0,0.0,0.0,0.0,0.0,0.0,99967.20132969064,0.0
t4582,0.0,0.0,0.0,0.0,0.0,0.0,0.0,0.0,0.0,82577.36350182626,0.0
t4583,0.0,0.0,0.0,0.0,0.0,0.0,0.0,0.0,0.0,68637.58214222465,0.0
t4584,0.0,0.0,0.0,0.0,0.0,0.0,0.0,0.0,0.0,60841.474823791665,0.0
t4585,0.0,0.0,0.0,0.0,0.0,0.0,0.0,0.0,0.0,56902.033077524,0.0
t4586,0.0,0.0,0.0,0.0,0.0,0.0,0.0,0.0,0.0,55794.12183463855,0.0
t4587,0.0,0.0,0.0,0.0,0.0,0.0,0.0,0.0,0.0,55794.12183463855,0.0
t4588,0.0,0.0,0.0,0.0,0.0,0.0,0.0,0.0,0.0,55794.12183463855,0.0
t4589,0.0,0.0,0.0,0.0,0.0,0.0,0.0,0.0,0.0,55794.12183463855,0.0
t4590,0.0,0.0,0.0,0.0,0.0,0.0,0.0,0.0,0.0,55278.715914128814,0.0
t4591,0.0,0.0,0.0,0.0,0.0,0.0,0.0,0.0,0.0,52558.74289572812,0.0
t4592,0.0,0.0,0.0,0.0,0.0,0.0,0.0,0.0,0.0,49399.437531417716,0.0
t4593,0.0,0.0,0.0,0.0,0.0,0.0,0.0,0.0,0.0,47767.07198495731,0.0
t4594,0.0,0.0,0.0,0.0,0.0,0.0,0.0,0.0,0.0,47919.022446130766,0.0
t4595,0.0,0.0,0.0,0.0,0.0,0.0,0.0,0.0,0.0,52405.18170007081,0.0
t4596,0.0,0.0,0.0,0.0,0.0,0.0,0.0,0.0,0.0,61553.13481616754,0.0
t4597,0.0,0.0,0.0,0.0,0.0,0.0,0.0,0.0,0.0,75952.77186637807,0.0
t4598,0.0,0.0,0.0,0.0,0.0,0.0,0.0,0.0,0.0,93209.07906287548,0.0
t4599,0.0,0.0,0.0,0.0,0.0,0.0,0.0,0.0,0.0,102842.04324972324,0.0
t4600,0.0,0.0,0.0,0.0,0.0,0.0,0.0,0.0,0.0,104948.61509704718,0.0
t4601,0.0,0.0,0.0,0.0,0.0,0.0,0.0,0.0,0.0,104948.61509704718,0.0
t4602,0.0,0.0,0.0,0.0,0.0,0.0,0.0,0.0,0.0,103680.1779702946,0.0
t4603,0.0,0.0,0.0,0.0,0.0,0.0,0.0,0.0,0.0,94921.00462643732,0.0
t4604,0.0,0.0,0.0,0.0,0.0,0.0,0.0,0.0,0.0,79297.8010903237,0.0
t4605,0.0,0.0,0.0,0.0,0.0,0.0,0.0,0.0,0.0,59212.098806745526,0.0
t4606,0.0,0.0,0.0,0.0,0.0,0.0,0.0,0.0,0.0,39837.87201103248,0.0
t4607,0.0,0.0,0.0,0.0,0.0,0.0,0.0,0.0,0.0,24466.28224497781,0.0
t4608,0.0,0.0,0.0,0.0,0.0,0.0,0.0,0.0,0.0,15504.18317829605,0.0
t4609,0.0,0.0,0.0,0.0,0.0,0.0,0.0,0.0,0.0,11889.35935668336,0.0
t4610,0.0,0.0,0.0,0.0,0.0,0.0,0.0,0.0,0.0,10749.899360910866,0.0
t4611,0.0,0.0,0.0,0.0,0.0,0.0,0.0,0.0,0.0,10749.899360910866,0.0
t4612,0.0,0.0,0.0,0.0,0.0,0.0,0.0,0.0,0.0,10749.899360910866,0.0
t4613,0.0,0.0,0.0,0.0,0.0,0.0,0.0,0.0,0.0,10749.899360910866,0.0
t4614,0.0,0.0,0.0,0.0,0.0,0.0,0.0,0.0,0.0,9611.155090815926,0.0
t4615,0.0,0.0,0.0,0.0,0.0,0.0,0.0,0.0,0.0,5340.9824093638645,0.0
t4616,0.0,0.0,0.0,0.0,0.0,0.0,0.0,0.0,0.0,0.0,0.0
t4617,0.0,0.0,0.0,0.0,0.0,0.0,0.0,0.0,0.0,0.0,0.0
t4618,0.0,0.0,0.0,0.0,0.0,0.0,0.0,0.0,0.0,8018.596369789444,0.0
t4619,0.0,0.0,0.0,0.0,0.0,0.0,0.0,0.0,0.0,22544.238171858,0.0
t4620,0.0,0.0,0.0,0.0,0.0,0.0,0.0,0.0,0.0,41180.61967249322,0.0
t4621,0.0,0.0,0.0,0.0,0.0,0.0,0.0,0.0,0.0,58656.180468440325,0.0
t4622,0.0,0.0,0.0,0.0,0.0,0.0,0.0,0.0,0.0,76667.43508828123,0.0
t4623,0.0,0.0,0.0,0.0,0.0,0.0,0.0,0.0,0.0,93006.67411985411,0.0
t4624,0.0,0.0,0.0,0.0,0.0,0.0,0.0,0.0,0.0,107632.7944202938,0.0
t4625,0.0,0.0,0.0,0.0,0.0,0.0,0.0,0.0,0.0,119953.87940820702,0.0
t4626,0.0,0.0,0.0,0.0,0.0,0.0,0.0,0.0,0.0,131326.79059772505,0.0
t4627,0.0,0.0,0.0,0.0,0.0,0.0,0.0,0.0,0.0,134310.6260457761,0.0
t4628,0.0,0.0,0.0,0.0,0.0,0.0,0.0,0.0,0.0,126995.38482652913,0.0
t4629,0.0,0.0,0.0,0.0,0.0,0.0,0.0,0.0,0.0,103918.75271085041,0.0
t4630,0.0,0.0,0.0,0.0,0.0,0.0,0.0,0.0,0.0,76653.83616194443,0.0
t4631,0.0,0.0,0.0,0.0,0.0,0.0,0.0,0.0,0.0,54335.420501163026,0.0
t4632,0.0,0.0,0.0,0.0,0.0,0.0,0.0,0.0,0.0,39243.93526911486,0.0
t4633,0.0,0.0,0.0,0.0,0.0,0.0,0.0,0.0,0.0,29942.06219846969,0.0
t4634,0.0,0.0,0.0,0.0,0.0,0.0,0.0,0.0,0.0,24600.845023738715,0.0
t4635,0.0,0.0,0.0,0.0,0.0,0.0,0.0,0.0,0.0,21896.936631084922,0.0
t4636,0.0,0.0,0.0,0.0,0.0,0.0,0.0,0.0,0.0,20184.497830547974,0.0
t4637,0.0,0.0,0.0,0.0,0.0,0.0,0.0,0.0,0.0,18080.350835083394,0.0
t4638,0.0,0.0,0.0,0.0,0.0,0.0,0.0,0.0,0.0,14308.43009942531,0.0
t4639,0.0,0.0,0.0,0.0,0.0,0.0,0.0,0.0,0.0,7589.3365712239,0.0
t4640,0.0,0.0,0.0,0.0,0.0,0.0,0.0,0.0,0.0,0.0,0.0
t4641,0.0,0.0,0.0,0.0,0.0,0.0,0.0,0.0,0.0,1863.6654670324606,0.0
t4642,0.0,0.0,0.0,0.0,0.0,0.0,0.0,0.0,0.0,12740.477465690106,0.0
t4643,0.0,0.0,0.0,0.0,0.0,0.0,0.0,0.0,0.0,30633.625190171628,0.0
t4644,0.0,0.0,0.0,0.0,0.0,0.0,0.0,0.0,0.0,49462.57004043934,0.0
t4645,0.0,0.0,0.0,0.0,0.0,0.0,0.0,0.0,0.0,67127.74049342608,0.0
t4646,0.0,0.0,0.0,0.0,0.0,0.0,0.0,0.0,0.0,83411.95406639314,0.0
t4647,0.0,0.0,0.0,0.0,0.0,0.0,0.0,0.0,0.0,97487.7449940113,0.0
t4648,0.0,0.0,0.0,0.0,0.0,0.0,0.0,0.0,0.0,110115.21710940005,0.0
t4649,0.0,0.0,0.0,0.0,0.0,0.0,0.0,0.0,0.0,117660.32798455168,0.0
t4650,0.0,0.0,0.0,0.0,0.0,0.0,0.0,0.0,0.0,123017.90128604307,0.0
t4651,0.0,0.0,0.0,0.0,0.0,0.0,0.0,0.0,0.0,122421.42163562073,0.0
t4652,0.0,0.0,0.0,0.0,0.0,0.0,0.0,0.0,0.0,110031.26275302771,0.0
t4653,0.0,0.0,0.0,0.0,0.0,0.0,0.0,0.0,0.0,89691.4716433484,0.0
t4654,0.0,0.0,0.0,0.0,0.0,0.0,0.0,0.0,0.0,64187.107920007154,0.0
t4655,0.0,0.0,0.0,0.0,0.0,0.0,0.0,0.0,0.0,43454.60963163202,0.0
t4656,0.0,0.0,0.0,0.0,0.0,0.0,0.0,0.0,0.0,28254.41584308287,0.0
t4657,0.0,0.0,0.0,0.0,0.0,0.0,0.0,0.0,0.0,18259.0063439796,0.0
t4658,0.0,0.0,0.0,0.0,0.0,0.0,0.0,0.0,0.0,12292.544346113413,0.0
t4659,0.0,0.0,0.0,0.0,0.0,0.0,0.0,0.0,0.0,10309.91415070619,0.0
t4660,0.0,0.0,0.0,0.0,0.0,0.0,0.0,0.0,0.0,9105.020275732048,0.0
t4661,0.0,0.0,0.0,0.0,0.0,0.0,0.0,0.0,0.0,7875.854412938929,0.0
t4662,0.0,0.0,0.0,0.0,0.0,0.0,0.0,0.0,0.0,6221.245763284844,0.0
t4663,0.0,0.0,0.0,0.0,0.0,0.0,0.0,0.0,0.0,3535.0367739801836,0.0
t4664,0.0,0.0,0.0,0.0,0.0,0.0,0.0,0.0,0.0,0.0,0.0
t4665,0.0,0.0,0.0,0.0,0.0,0.0,0.0,0.0,0.0,6380.189725646355,0.0
t4666,0.0,0.0,0.0,0.0,0.0,0.0,0.0,0.0,0.0,21989.129849661513,0.0
t4667,0.0,0.0,0.0,0.0,0.0,0.0,0.0,0.0,0.0,42285.68825483383,0.0
t4668,0.0,0.0,0.0,0.0,0.0,0.0,0.0,0.0,0.0,62582.8596129934,0.0
t4669,0.0,0.0,0.0,0.0,0.0,0.0,0.0,0.0,0.0,80768.412918776,0.0
t4670,0.0,0.0,0.0,0.0,0.0,0.0,0.0,0.0,0.0,97868.71656914127,0.0
t4671,0.0,0.0,0.0,0.0,0.0,0.0,0.0,0.0,0.0,113354.65280707745,0.0
t4672,0.0,0.0,0.0,0.0,0.0,0.0,0.0,0.0,0.0,127602.39394932611,0.0
t4673,0.0,0.0,0.0,0.0,0.0,0.0,0.0,0.0,0.0,137952.23866983072,0.0
t4674,0.0,0.0,0.0,0.0,0.0,0.0,0.0,0.0,0.0,138337.7860680754,0.0
t4675,0.0,0.0,0.0,0.0,0.0,0.0,0.0,0.0,0.0,137932.6378499972,0.0
t4676,0.0,0.0,0.0,0.0,0.0,0.0,0.0,0.0,0.0,122438.36330470607,0.0
t4677,0.0,0.0,0.0,0.0,0.0,0.0,0.0,0.0,0.0,97505.17000011809,0.0
t4678,0.0,0.0,0.0,0.0,0.0,0.0,0.0,0.0,0.0,71589.63519765617,0.0
t4679,0.0,0.0,0.0,0.0,0.0,0.0,0.0,0.0,0.0,50286.14392120465,0.0
t4680,0.0,0.0,0.0,0.0,0.0,0.0,0.0,0.0,0.0,33830.490297211814,0.0
t4681,0.0,0.0,0.0,0.0,0.0,0.0,0.0,0.0,0.0,23341.318912339913,0.0
t4682,0.0,0.0,0.0,0.0,0.0,0.0,0.0,0.0,0.0,16576.58439907711,0.0
t4683,0.0,0.0,0.0,0.0,0.0,0.0,0.0,0.0,0.0,12606.053718115154,0.0
t4684,0.0,0.0,0.0,0.0,0.0,0.0,0.0,0.0,0.0,9940.316090850853,0.0
t4685,0.0,0.0,0.0,0.0,0.0,0.0,0.0,0.0,0.0,7674.900187916324,0.0
t4686,0.0,0.0,0.0,0.0,0.0,0.0,0.0,0.0,0.0,5179.070192627675,0.0
t4687,0.0,0.0,0.0,0.0,0.0,0.0,0.0,0.0,0.0,2721.160172318937,0.0
t4688,0.0,0.0,0.0,0.0,0.0,0.0,0.0,0.0,0.0,0.0,0.0
t4689,0.0,0.0,0.0,0.0,0.0,0.0,0.0,0.0,0.0,4769.635755396992,0.0
t4690,0.0,0.0,0.0,0.0,0.0,0.0,0.0,0.0,0.0,17102.452923732708,0.0
t4691,0.0,0.0,0.0,0.0,0.0,0.0,0.0,0.0,0.0,33708.77732171757,0.0
t4692,0.0,0.0,0.0,0.0,0.0,0.0,0.0,0.0,0.0,51695.288535578424,0.0
t4693,0.0,0.0,0.0,0.0,0.0,0.0,0.0,0.0,0.0,69613.73659545109,0.0
t4694,0.0,0.0,0.0,0.0,0.0,0.0,0.0,0.0,0.0,87421.32932312888,0.0
t4695,0.0,0.0,0.0,0.0,0.0,0.0,0.0,0.0,0.0,109927.50161515803,0.0
t4696,0.0,0.0,0.0,0.0,0.0,0.0,0.0,0.0,0.0,125735.7386085055,0.0
t4697,0.0,0.0,0.0,0.0,0.0,0.0,0.0,0.0,0.0,134882.69868722738,0.0
t4698,0.0,0.0,0.0,0.0,0.0,0.0,0.0,0.0,0.0,139499.21387929076,0.0
t4699,0.0,0.0,0.0,0.0,0.0,0.0,0.0,0.0,0.0,135605.174418392,0.0
t4700,0.0,0.0,0.0,0.0,0.0,0.0,0.0,0.0,0.0,118211.41859991307,0.0
t4701,0.0,0.0,0.0,0.0,0.0,0.0,0.0,0.0,0.0,93666.31180041634,0.0
t4702,0.0,0.0,0.0,0.0,0.0,0.0,0.0,0.0,0.0,73301.61051740177,0.0
t4703,0.0,0.0,0.0,0.0,0.0,0.0,0.0,0.0,0.0,55442.00260115872,0.0
t4704,0.0,0.0,0.0,0.0,0.0,0.0,0.0,0.0,0.0,43735.55942545722,0.0
t4705,0.0,0.0,0.0,0.0,0.0,0.0,0.0,0.0,0.0,36918.93891871091,0.0
t4706,0.0,0.0,0.0,0.0,0.0,0.0,0.0,0.0,0.0,32564.1089684117,0.0
t4707,0.0,0.0,0.0,0.0,0.0,0.0,0.0,0.0,0.0,29835.18212033798,0.0
t4708,0.0,0.0,0.0,0.0,0.0,0.0,0.0,0.0,0.0,27614.57725284428,0.0
t4709,0.0,0.0,0.0,0.0,0.0,0.0,0.0,0.0,0.0,25104.43846396706,0.0
t4710,0.0,0.0,0.0,0.0,0.0,0.0,0.0,0.0,0.0,20174.97514075841,0.0
t4711,0.0,0.0,0.0,0.0,0.0,0.0,0.0,0.0,0.0,11361.649249397587,0.0
t4712,0.0,0.0,0.0,0.0,0.0,0.0,0.0,0.0,0.0,0.0,0.0
t4713,0.0,0.0,0.0,0.0,0.0,0.0,0.0,0.0,0.0,683.6169769206208,0.0
t4714,0.0,0.0,0.0,0.0,0.0,0.0,0.0,0.0,0.0,13419.689484468221,0.0
t4715,0.0,0.0,0.0,0.0,0.0,0.0,0.0,0.0,0.0,33088.40746909442,0.0
t4716,0.0,0.0,0.0,0.0,0.0,0.0,0.0,0.0,0.0,52573.15241781614,0.0
t4717,0.0,0.0,0.0,0.0,0.0,0.0,0.0,0.0,0.0,73937.06404581206,0.0
t4718,0.0,0.0,0.0,0.0,0.0,0.0,0.0,0.0,0.0,92945.72166756808,0.0
t4719,0.0,0.0,0.0,0.0,0.0,0.0,0.0,0.0,0.0,109879.6020890882,0.0
t4720,0.0,0.0,0.0,0.0,0.0,0.0,0.0,0.0,0.0,123672.9848187195,0.0
t4721,0.0,0.0,0.0,0.0,0.0,0.0,0.0,0.0,0.0,133724.36068579459,0.0
t4722,0.0,0.0,0.0,0.0,0.0,0.0,0.0,0.0,0.0,139499.21387929076,0.0
t4723,0.0,0.0,0.0,0.0,0.0,0.0,0.0,0.0,0.0,139499.21387929076,0.0
t4724,0.0,0.0,0.0,0.0,0.0,0.0,0.0,0.0,0.0,138290.28624064312,0.0
t4725,0.0,0.0,0.0,0.0,0.0,0.0,0.0,0.0,0.0,120475.99535226965,0.0
t4726,0.0,0.0,0.0,0.0,0.0,0.0,0.0,0.0,0.0,99030.00930607645,0.0
t4727,0.0,0.0,0.0,0.0,0.0,0.0,0.0,0.0,0.0,81390.78776232261,0.0
t4728,0.0,0.0,0.0,0.0,0.0,0.0,0.0,0.0,0.0,70770.0897426998,0.0
t4729,0.0,0.0,0.0,0.0,0.0,0.0,0.0,0.0,0.0,65582.82528093517,0.0
t4730,0.0,0.0,0.0,0.0,0.0,0.0,0.0,0.0,0.0,64037.65705244467,0.0
t4731,0.0,0.0,0.0,0.0,0.0,0.0,0.0,0.0,0.0,64037.65705244467,0.0
t4732,0.0,0.0,0.0,0.0,0.0,0.0,0.0,0.0,0.0,64037.65705244467,0.0
t4733,0.0,0.0,0.0,0.0,0.0,0.0,0.0,0.0,0.0,64037.65705244467,0.0
t4734,0.0,0.0,0.0,0.0,0.0,0.0,0.0,0.0,0.0,63495.396712179994,0.0
t4735,0.0,0.0,0.0,0.0,0.0,0.0,0.0,0.0,0.0,60456.027092138305,0.0
t4736,0.0,0.0,0.0,0.0,0.0,0.0,0.0,0.0,0.0,54765.86381875575,0.0
t4737,0.0,0.0,0.0,0.0,0.0,0.0,0.0,0.0,0.0,54765.86381875575,0.0
t4738,0.0,0.0,0.0,0.0,0.0,0.0,0.0,0.0,0.0,62248.4315352388,0.0
t4739,0.0,0.0,0.0,0.0,0.0,0.0,0.0,0.0,0.0,75478.71407450364,0.0
t4740,0.0,0.0,0.0,0.0,0.0,0.0,0.0,0.0,0.0,91950.57416804234,0.0
t4741,0.0,0.0,0.0,0.0,0.0,0.0,0.0,0.0,0.0,107880.94339515982,0.0
t4742,0.0,0.0,0.0,0.0,0.0,0.0,0.0,0.0,0.0,120495.07562914444,0.0
t4743,0.0,0.0,0.0,0.0,0.0,0.0,0.0,0.0,0.0,130230.75938011179,0.0
t4744,0.0,0.0,0.0,0.0,0.0,0.0,0.0,0.0,0.0,136550.4045120034,0.0
t4745,0.0,0.0,0.0,0.0,0.0,0.0,0.0,0.0,0.0,138973.48362309748,0.0
t4746,0.0,0.0,0.0,0.0,0.0,0.0,0.0,0.0,0.0,139499.21387929076,0.0
t4747,0.0,0.0,0.0,0.0,0.0,0.0,0.0,0.0,0.0,139499.21387929076,0.0
t4748,0.0,0.0,0.0,0.0,0.0,0.0,0.0,0.0,0.0,135664.5792856112,0.0
t4749,0.0,0.0,0.0,0.0,0.0,0.0,0.0,0.0,0.0,115406.5508199014,0.0
t4750,0.0,0.0,0.0,0.0,0.0,0.0,0.0,0.0,0.0,92235.30219357315,0.0
t4751,0.0,0.0,0.0,0.0,0.0,0.0,0.0,0.0,0.0,73258.63279088803,0.0
t4752,0.0,0.0,0.0,0.0,0.0,0.0,0.0,0.0,0.0,61019.72372139284,0.0
t4753,0.0,0.0,0.0,0.0,0.0,0.0,0.0,0.0,0.0,54673.53120282687,0.0
t4754,0.0,0.0,0.0,0.0,0.0,0.0,0.0,0.0,0.0,52090.63197033407,0.0
t4755,0.0,0.0,0.0,0.0,0.0,0.0,0.0,0.0,0.0,51610.99324690585,0.0
t4756,0.0,0.0,0.0,0.0,0.0,0.0,0.0,0.0,0.0,52167.170923654565,0.0
t4757,0.0,0.0,0.0,0.0,0.0,0.0,0.0,0.0,0.0,52705.414832976814,0.0
t4758,0.0,0.0,0.0,0.0,0.0,0.0,0.0,0.0,0.0,51903.77768604838,0.0
t4759,0.0,0.0,0.0,0.0,0.0,0.0,0.0,0.0,0.0,48245.919834064734,0.0
t4760,0.0,0.0,0.0,0.0,0.0,0.0,0.0,0.0,0.0,42370.77311672491,0.0
t4761,0.0,0.0,0.0,0.0,0.0,0.0,0.0,0.0,0.0,44889.89763574047,0.0
t4762,0.0,0.0,0.0,0.0,0.0,0.0,0.0,0.0,0.0,55784.524562594015,0.0
t4763,0.0,0.0,0.0,0.0,0.0,0.0,0.0,0.0,0.0,73938.07375537282,0.0
t4764,0.0,0.0,0.0,0.0,0.0,0.0,0.0,0.0,0.0,92832.25446633429,0.0
t4765,0.0,0.0,0.0,0.0,0.0,0.0,0.0,0.0,0.0,108133.59243439116,0.0
t4766,0.0,0.0,0.0,0.0,0.0,0.0,0.0,0.0,0.0,127863.19737241621,0.0
t4767,0.0,0.0,0.0,0.0,0.0,0.0,0.0,0.0,0.0,139499.21387929076,1725.365190046044
t4768,0.0,0.0,0.0,0.0,0.0,0.0,0.0,0.0,0.0,139499.21387929076,7472.375106857257
t4769,0.0,0.0,0.0,0.0,0.0,0.0,0.0,0.0,0.0,139499.21387929076,5863.819244390491
t4770,0.0,0.0,0.0,0.0,0.0,0.0,0.0,0.0,0.0,135575.57542661863,0.0
t4771,0.0,0.0,0.0,0.0,0.0,0.0,0.0,0.0,0.0,123255.33719935984,0.0
t4772,0.0,0.0,0.0,0.0,0.0,0.0,0.0,0.0,0.0,102543.07690937421,0.0
t4773,0.0,0.0,0.0,0.0,0.0,0.0,0.0,0.0,0.0,76276.38748611718,0.0
t4774,0.0,0.0,0.0,0.0,0.0,0.0,0.0,0.0,0.0,50008.44997734924,0.0
t4775,0.0,0.0,0.0,0.0,0.0,0.0,0.0,0.0,0.0,28875.213315005796,0.0
t4776,0.0,0.0,0.0,0.0,0.0,0.0,0.0,0.0,0.0,15470.231919726844,0.0
t4777,0.0,0.0,0.0,0.0,0.0,0.0,0.0,0.0,0.0,8350.373467478912,0.0
t4778,0.0,0.0,0.0,0.0,0.0,0.0,0.0,0.0,0.0,5508.30924592946,0.0
t4779,0.0,0.0,0.0,0.0,0.0,0.0,0.0,0.0,0.0,5458.518788448317,0.0
t4780,0.0,0.0,0.0,0.0,0.0,0.0,0.0,0.0,0.0,6202.5405878567,0.0
t4781,0.0,0.0,0.0,0.0,0.0,0.0,0.0,0.0,0.0,7560.332460991758,0.0
t4782,0.0,0.0,0.0,0.0,0.0,0.0,0.0,0.0,0.0,7560.332460991758,0.0
t4783,0.0,0.0,0.0,0.0,0.0,0.0,0.0,0.0,0.0,4964.389492971638,0.0
t4784,0.0,0.0,0.0,0.0,0.0,0.0,0.0,0.0,0.0,0.0,0.0
t4785,0.0,0.0,0.0,0.0,0.0,0.0,0.0,0.0,0.0,5276.729564755602,0.0
t4786,0.0,0.0,0.0,0.0,0.0,0.0,0.0,0.0,0.0,22912.81154682163,0.0
t4787,0.0,0.0,0.0,0.0,0.0,0.0,0.0,0.0,0.0,46511.78193006055,0.0
t4788,0.0,0.0,0.0,0.0,0.0,0.0,0.0,0.0,0.0,71765.68842733926,0.0
t4789,0.0,0.0,0.0,0.0,0.0,0.0,0.0,0.0,0.0,95023.64199292439,0.0
t4790,0.0,0.0,0.0,0.0,0.0,0.0,0.0,0.0,0.0,114259.85009181507,0.0
t4791,0.0,0.0,0.0,0.0,0.0,0.0,0.0,0.0,0.0,128921.85458599075,0.0
t4792,0.0,0.0,0.0,0.0,0.0,0.0,0.0,0.0,0.0,139499.21387929076,2626.0755628435945
t4793,0.0,0.0,0.0,0.0,0.0,0.0,0.0,0.0,0.0,139499.21387929076,7103.514451507
t4794,0.0,0.0,0.0,0.0,0.0,0.0,0.0,0.0,0.0,139499.21387929076,5910.669606521221
t4795,0.0,0.0,0.0,0.0,0.0,0.0,0.0,0.0,0.0,138064.29593138737,0.0
t4796,0.0,0.0,0.0,0.0,0.0,0.0,0.0,0.0,0.0,123773.70026533115,0.0
t4797,0.0,0.0,0.0,0.0,0.0,0.0,0.0,0.0,0.0,96745.86770526982,0.0
t4798,0.0,0.0,0.0,0.0,0.0,0.0,0.0,0.0,0.0,68225.30841390636,0.0
t4799,0.0,0.0,0.0,0.0,0.0,0.0,0.0,0.0,0.0,46678.46078322135,0.0
t4800,0.0,0.0,0.0,0.0,0.0,0.0,0.0,0.0,0.0,32315.423183238796,0.0
t4801,0.0,0.0,0.0,0.0,0.0,0.0,0.0,0.0,0.0,23622.92617989113,0.0
t4802,0.0,0.0,0.0,0.0,0.0,0.0,0.0,0.0,0.0,19716.80784263851,0.0
t4803,0.0,0.0,0.0,0.0,0.0,0.0,0.0,0.0,0.0,17898.997518712247,0.0
t4804,0.0,0.0,0.0,0.0,0.0,0.0,0.0,0.0,0.0,16757.899710963087,0.0
t4805,0.0,0.0,0.0,0.0,0.0,0.0,0.0,0.0,0.0,15398.314157091207,0.0
t4806,0.0,0.0,0.0,0.0,0.0,0.0,0.0,0.0,0.0,12741.622124692663,0.0
t4807,0.0,0.0,0.0,0.0,0.0,0.0,0.0,0.0,0.0,7541.490771184001,0.0
t4808,0.0,0.0,0.0,0.0,0.0,0.0,0.0,0.0,0.0,0.0,0.0
t4809,0.0,0.0,0.0,0.0,0.0,0.0,0.0,0.0,0.0,232.814607652798,0.0
t4810,0.0,0.0,0.0,0.0,0.0,0.0,0.0,0.0,0.0,11564.16437065317,0.0
t4811,0.0,0.0,0.0,0.0,0.0,0.0,0.0,0.0,0.0,27738.9267644583,0.0
t4812,0.0,0.0,0.0,0.0,0.0,0.0,0.0,0.0,0.0,44271.8204822869,0.0
t4813,0.0,0.0,0.0,0.0,0.0,0.0,0.0,0.0,0.0,59163.55820032148,0.0
t4814,0.0,0.0,0.0,0.0,0.0,0.0,0.0,0.0,0.0,72031.80519256322,0.0
t4815,0.0,0.0,0.0,0.0,0.0,0.0,0.0,0.0,0.0,83110.05173753569,0.0
t4816,0.0,0.0,0.0,0.0,0.0,0.0,0.0,0.0,0.0,98640.37055941054,0.0
t4817,0.0,0.0,0.0,0.0,0.0,0.0,0.0,0.0,0.0,105685.88013939478,0.0
t4818,0.0,0.0,0.0,0.0,0.0,0.0,0.0,0.0,0.0,108780.53906111553,0.0
t4819,0.0,0.0,0.0,0.0,0.0,0.0,0.0,0.0,0.0,108780.53906111553,0.0
t4820,0.0,0.0,0.0,0.0,0.0,0.0,0.0,0.0,0.0,103047.91546726806,0.0
t4821,0.0,0.0,0.0,0.0,0.0,0.0,0.0,0.0,0.0,80601.91783397034,0.0
t4822,0.0,0.0,0.0,0.0,0.0,0.0,0.0,0.0,0.0,55225.36109006533,0.0
t4823,0.0,0.0,0.0,0.0,0.0,0.0,0.0,0.0,0.0,35891.093558483066,0.0
t4824,0.0,0.0,0.0,0.0,0.0,0.0,0.0,0.0,0.0,21297.169001735187,0.0
t4825,0.0,0.0,0.0,0.0,0.0,0.0,0.0,0.0,0.0,11381.137245459257,0.0
t4826,0.0,0.0,0.0,0.0,0.0,0.0,0.0,0.0,0.0,5395.067309423532,0.0
t4827,0.0,0.0,0.0,0.0,0.0,0.0,0.0,0.0,0.0,2269.4031009890077,0.0
t4828,0.0,0.0,0.0,0.0,0.0,0.0,0.0,0.0,0.0,1675.1764286640278,0.0
t4829,0.0,0.0,0.0,0.0,0.0,0.0,0.0,0.0,0.0,1793.8367917398564,0.0
t4830,0.0,0.0,0.0,0.0,0.0,0.0,0.0,0.0,0.0,1448.8596144760536,0.0
t4831,0.0,0.0,0.0,0.0,0.0,0.0,0.0,0.0,0.0,600.8352369502792,0.0
t4832,0.0,0.0,0.0,0.0,0.0,0.0,0.0,0.0,0.0,0.0,0.0
t4833,0.0,0.0,0.0,0.0,0.0,0.0,0.0,0.0,0.0,6633.66515414734,0.0
t4834,0.0,0.0,0.0,0.0,0.0,0.0,0.0,0.0,0.0,22815.369187468696,0.0
t4835,0.0,0.0,0.0,0.0,0.0,0.0,0.0,0.0,0.0,43605.465025249454,0.0
t4836,0.0,0.0,0.0,0.0,0.0,0.0,0.0,0.0,0.0,64361.10014838533,0.0
t4837,0.0,0.0,0.0,0.0,0.0,0.0,0.0,0.0,0.0,82344.98231735949,0.0
t4838,0.0,0.0,0.0,0.0,0.0,0.0,0.0,0.0,0.0,96462.46759799932,0.0
t4839,0.0,0.0,0.0,0.0,0.0,0.0,0.0,0.0,0.0,108736.57422262043,0.0
t4840,0.0,0.0,0.0,0.0,0.0,0.0,0.0,0.0,0.0,118405.08750452391,0.0
t4841,0.0,0.0,0.0,0.0,0.0,0.0,0.0,0.0,0.0,127414.70454639134,0.0
t4842,0.0,0.0,0.0,0.0,0.0,0.0,0.0,0.0,0.0,130864.36731932385,0.0
t4843,0.0,0.0,0.0,0.0,0.0,0.0,0.0,0.0,0.0,127283.35484034379,0.0
t4844,0.0,0.0,0.0,0.0,0.0,0.0,0.0,0.0,0.0,118695.98220755471,0.0
t4845,0.0,0.0,0.0,0.0,0.0,0.0,0.0,0.0,0.0,97541.1430830738,0.0
t4846,0.0,0.0,0.0,0.0,0.0,0.0,0.0,0.0,0.0,66637.34086651361,0.0
t4847,0.0,0.0,0.0,0.0,0.0,0.0,0.0,0.0,0.0,45484.131236445544,0.0
t4848,0.0,0.0,0.0,0.0,0.0,0.0,0.0,0.0,0.0,31660.4266335047,0.0
t4849,0.0,0.0,0.0,0.0,0.0,0.0,0.0,0.0,0.0,21970.745009568258,0.0
t4850,0.0,0.0,0.0,0.0,0.0,0.0,0.0,0.0,0.0,16104.59047101278,0.0
t4851,0.0,0.0,0.0,0.0,0.0,0.0,0.0,0.0,0.0,10142.667217011845,0.0
t4852,0.0,0.0,0.0,0.0,0.0,0.0,0.0,0.0,0.0,6517.013853078182,0.0
t4853,0.0,0.0,0.0,0.0,0.0,0.0,0.0,0.0,0.0,4674.791245752312,0.0
t4854,0.0,0.0,0.0,0.0,0.0,0.0,0.0,0.0,0.0,2980.6111959365885,0.0
t4855,0.0,0.0,0.0,0.0,0.0,0.0,0.0,0.0,0.0,1259.6635209286649,0.0
t4856,0.0,0.0,0.0,0.0,0.0,0.0,0.0,0.0,0.0,0.0,0.0
t4857,0.0,0.0,0.0,0.0,0.0,0.0,0.0,0.0,0.0,4935.689984621501,0.0
t4858,0.0,0.0,0.0,0.0,0.0,0.0,0.0,0.0,0.0,18859.877320217962,0.0
t4859,0.0,0.0,0.0,0.0,0.0,0.0,0.0,0.0,0.0,36762.76230103421,0.0
t4860,0.0,0.0,0.0,0.0,0.0,0.0,0.0,0.0,0.0,57429.8654225818,0.0
t4861,0.0,0.0,0.0,0.0,0.0,0.0,0.0,0.0,0.0,77354.50531321463,0.0
t4862,0.0,0.0,0.0,0.0,0.0,0.0,0.0,0.0,0.0,95700.85852244671,0.0
t4863,0.0,0.0,0.0,0.0,0.0,0.0,0.0,0.0,0.0,111181.37192770158,0.0
t4864,0.0,0.0,0.0,0.0,0.0,0.0,0.0,0.0,0.0,119918.99139202366,0.0
t4865,0.0,0.0,0.0,0.0,0.0,0.0,0.0,0.0,0.0,130943.5190673879,0.0
t4866,0.0,0.0,0.0,0.0,0.0,0.0,0.0,0.0,0.0,138205.9534690635,0.0
t4867,0.0,0.0,0.0,0.0,0.0,0.0,0.0,0.0,0.0,139499.21387929076,0.0
t4868,0.0,0.0,0.0,0.0,0.0,0.0,0.0,0.0,0.0,136242.2300224885,0.0
t4869,0.0,0.0,0.0,0.0,0.0,0.0,0.0,0.0,0.0,116005.65622091266,0.0
t4870,0.0,0.0,0.0,0.0,0.0,0.0,0.0,0.0,0.0,92497.57917987982,0.0
t4871,0.0,0.0,0.0,0.0,0.0,0.0,0.0,0.0,0.0,74213.42078482597,0.0
t4872,0.0,0.0,0.0,0.0,0.0,0.0,0.0,0.0,0.0,62020.63865411566,0.0
t4873,0.0,0.0,0.0,0.0,0.0,0.0,0.0,0.0,0.0,55184.15790922984,0.0
t4874,0.0,0.0,0.0,0.0,0.0,0.0,0.0,0.0,0.0,51166.404512024594,0.0
t4875,0.0,0.0,0.0,0.0,0.0,0.0,0.0,0.0,0.0,48480.4489545174,0.0
t4876,0.0,0.0,0.0,0.0,0.0,0.0,0.0,0.0,0.0,46625.52988726858,0.0
t4877,0.0,0.0,0.0,0.0,0.0,0.0,0.0,0.0,0.0,44561.70710104336,0.0
t4878,0.0,0.0,0.0,0.0,0.0,0.0,0.0,0.0,0.0,40657.15185963473,0.0
t4879,0.0,0.0,0.0,0.0,0.0,0.0,0.0,0.0,0.0,33474.94377981261,0.0
t4880,0.0,0.0,0.0,0.0,0.0,0.0,0.0,0.0,0.0,24528.357778099653,0.0
t4881,0.0,0.0,0.0,0.0,0.0,0.0,0.0,0.0,0.0,24528.357778099653,0.0
t4882,0.0,0.0,0.0,0.0,0.0,0.0,0.0,0.0,0.0,33359.42529211924,0.0
t4883,0.0,0.0,0.0,0.0,0.0,0.0,0.0,0.0,0.0,47979.48973912823,0.0
t4884,0.0,0.0,0.0,0.0,0.0,0.0,0.0,0.0,0.0,63344.86648377257,0.0
t4885,0.0,0.0,0.0,0.0,0.0,0.0,0.0,0.0,0.0,79716.73338895064,0.0
t4886,0.0,0.0,0.0,0.0,0.0,0.0,0.0,0.0,0.0,94425.69607870103,0.0
t4887,0.0,0.0,0.0,0.0,0.0,0.0,0.0,0.0,0.0,108367.67893267088,0.0
t4888,0.0,0.0,0.0,0.0,0.0,0.0,0.0,0.0,0.0,119617.1383052362,0.0
t4889,0.0,0.0,0.0,0.0,0.0,0.0,0.0,0.0,0.0,127389.70254248014,0.0
t4890,0.0,0.0,0.0,0.0,0.0,0.0,0.0,0.0,0.0,133841.4848825779,0.0
t4891,0.0,0.0,0.0,0.0,0.0,0.0,0.0,0.0,0.0,133841.4848825779,0.0
t4892,0.0,0.0,0.0,0.0,0.0,0.0,0.0,0.0,0.0,128792.17026015927,0.0
t4893,0.0,0.0,0.0,0.0,0.0,0.0,0.0,0.0,0.0,105607.19354815359,0.0
t4894,0.0,0.0,0.0,0.0,0.0,0.0,0.0,0.0,0.0,81116.13694112503,0.0
t4895,0.0,0.0,0.0,0.0,0.0,0.0,0.0,0.0,0.0,61591.802174775345,0.0
t4896,0.0,0.0,0.0,0.0,0.0,0.0,0.0,0.0,0.0,49447.474852427855,0.0
t4897,0.0,0.0,0.0,0.0,0.0,0.0,0.0,0.0,0.0,42196.426127898565,0.0
t4898,0.0,0.0,0.0,0.0,0.0,0.0,0.0,0.0,0.0,38580.01229627767,0.0
t4899,0.0,0.0,0.0,0.0,0.0,0.0,0.0,0.0,0.0,37583.71768568679,0.0
t4900,0.0,0.0,0.0,0.0,0.0,0.0,0.0,0.0,0.0,37583.71768568679,0.0
t4901,0.0,0.0,0.0,0.0,0.0,0.0,0.0,0.0,0.0,36880.29818631303,0.0
t4902,0.0,0.0,0.0,0.0,0.0,0.0,0.0,0.0,0.0,33616.09892724353,0.0
t4903,0.0,0.0,0.0,0.0,0.0,0.0,0.0,0.0,0.0,26972.60586960032,0.0
t4904,0.0,0.0,0.0,0.0,0.0,0.0,0.0,0.0,0.0,19495.776104123914,0.0
t4905,0.0,0.0,0.0,0.0,0.0,0.0,0.0,0.0,0.0,19495.776104123914,0.0
t4906,0.0,0.0,0.0,0.0,0.0,0.0,0.0,0.0,0.0,25882.563980938685,0.0
t4907,0.0,0.0,0.0,0.0,0.0,0.0,0.0,0.0,0.0,41254.59138617798,0.0
t4908,0.0,0.0,0.0,0.0,0.0,0.0,0.0,0.0,0.0,57968.74487852922,0.0
t4909,0.0,0.0,0.0,0.0,0.0,0.0,0.0,0.0,0.0,73893.32564561772,0.0
t4910,0.0,0.0,0.0,0.0,0.0,0.0,0.0,0.0,0.0,94019.6814561468,0.0
t4911,0.0,0.0,0.0,0.0,0.0,0.0,0.0,0.0,0.0,106016.88870412935,0.0
t4912,0.0,0.0,0.0,0.0,0.0,0.0,0.0,0.0,0.0,116268.48704862452,0.0
t4913,0.0,0.0,0.0,0.0,0.0,0.0,0.0,0.0,0.0,123452.19200541591,0.0
t4914,0.0,0.0,0.0,0.0,0.0,0.0,0.0,0.0,0.0,127385.83630067672,0.0
t4915,0.0,0.0,0.0,0.0,0.0,0.0,0.0,0.0,0.0,127385.83630067672,0.0
t4916,0.0,0.0,0.0,0.0,0.0,0.0,0.0,0.0,0.0,118935.36383857639,0.0
t4917,0.0,0.0,0.0,0.0,0.0,0.0,0.0,0.0,0.0,95662.6257024796,0.0
t4918,0.0,0.0,0.0,0.0,0.0,0.0,0.0,0.0,0.0,70361.7216147413,0.0
t4919,0.0,0.0,0.0,0.0,0.0,0.0,0.0,0.0,0.0,49651.77765774152,0.0
t4920,0.0,0.0,0.0,0.0,0.0,0.0,0.0,0.0,0.0,36737.112924062196,0.0
t4921,0.0,0.0,0.0,0.0,0.0,0.0,0.0,0.0,0.0,29162.017529274126,0.0
t4922,0.0,0.0,0.0,0.0,0.0,0.0,0.0,0.0,0.0,24848.694441428295,0.0
t4923,0.0,0.0,0.0,0.0,0.0,0.0,0.0,0.0,0.0,22548.251667801662,0.0
t4924,0.0,0.0,0.0,0.0,0.0,0.0,0.0,0.0,0.0,20691.77412366508,0.0
t4925,0.0,0.0,0.0,0.0,0.0,0.0,0.0,0.0,0.0,18457.989677950998,0.0
t4926,0.0,0.0,0.0,0.0,0.0,0.0,0.0,0.0,0.0,14786.276132504576,0.0
t4927,0.0,0.0,0.0,0.0,0.0,0.0,0.0,0.0,0.0,8334.826362124117,0.0
t4928,0.0,0.0,0.0,0.0,0.0,0.0,0.0,0.0,0.0,0.0,0.0
t4929,0.0,0.0,0.0,0.0,0.0,0.0,0.0,0.0,0.0,7070.203187368168,0.0
t4930,0.0,0.0,0.0,0.0,0.0,0.0,0.0,0.0,0.0,17883.079755547995,0.0
t4931,0.0,0.0,0.0,0.0,0.0,0.0,0.0,0.0,0.0,35243.67395326015,0.0
t4932,0.0,0.0,0.0,0.0,0.0,0.0,0.0,0.0,0.0,52956.831726775796,0.0
t4933,0.0,0.0,0.0,0.0,0.0,0.0,0.0,0.0,0.0,69692.37455264392,0.0
t4934,0.0,0.0,0.0,0.0,0.0,0.0,0.0,0.0,0.0,83960.22584502066,0.0
t4935,0.0,0.0,0.0,0.0,0.0,0.0,0.0,0.0,0.0,98116.48238195143,0.0
t4936,0.0,0.0,0.0,0.0,0.0,0.0,0.0,0.0,0.0,114655.57191068289,0.0
t4937,0.0,0.0,0.0,0.0,0.0,0.0,0.0,0.0,0.0,124464.99421233062,0.0
t4938,0.0,0.0,0.0,0.0,0.0,0.0,0.0,0.0,0.0,129631.24502559965,0.0
t4939,0.0,0.0,0.0,0.0,0.0,0.0,0.0,0.0,0.0,129631.24502559965,0.0
t4940,0.0,0.0,0.0,0.0,0.0,0.0,0.0,0.0,0.0,122023.42644389597,0.0
t4941,0.0,0.0,0.0,0.0,0.0,0.0,0.0,0.0,0.0,98705.6872558957,0.0
t4942,0.0,0.0,0.0,0.0,0.0,0.0,0.0,0.0,0.0,73184.18854400924,0.0
t4943,0.0,0.0,0.0,0.0,0.0,0.0,0.0,0.0,0.0,53629.228900007365,0.0
t4944,0.0,0.0,0.0,0.0,0.0,0.0,0.0,0.0,0.0,41467.431395046064,0.0
t4945,0.0,0.0,0.0,0.0,0.0,0.0,0.0,0.0,0.0,36038.047165938195,0.0
t4946,0.0,0.0,0.0,0.0,0.0,0.0,0.0,0.0,0.0,34951.54509255131,0.0
t4947,0.0,0.0,0.0,0.0,0.0,0.0,0.0,0.0,0.0,34890.34893473906,0.0
t4948,0.0,0.0,0.0,0.0,0.0,0.0,0.0,0.0,0.0,34890.34893473906,0.0
t4949,0.0,0.0,0.0,0.0,0.0,0.0,0.0,0.0,0.0,34890.34893473906,0.0
t4950,0.0,0.0,0.0,0.0,0.0,0.0,0.0,0.0,0.0,33127.75702082526,0.0
t4951,0.0,0.0,0.0,0.0,0.0,0.0,0.0,0.0,0.0,27994.09715989406,0.0
t4952,0.0,0.0,0.0,0.0,0.0,0.0,0.0,0.0,0.0,20890.17321494827,0.0
t4953,0.0,0.0,0.0,0.0,0.0,0.0,0.0,0.0,0.0,26693.378091210772,0.0
t4954,0.0,0.0,0.0,0.0,0.0,0.0,0.0,0.0,0.0,35914.19035787813,0.0
t4955,0.0,0.0,0.0,0.0,0.0,0.0,0.0,0.0,0.0,51379.44010555264,0.0
t4956,0.0,0.0,0.0,0.0,0.0,0.0,0.0,0.0,0.0,68407.40787025192,0.0
t4957,0.0,0.0,0.0,0.0,0.0,0.0,0.0,0.0,0.0,87157.11087670602,0.0
t4958,0.0,0.0,0.0,0.0,0.0,0.0,0.0,0.0,0.0,102868.70728881293,0.0
t4959,0.0,0.0,0.0,0.0,0.0,0.0,0.0,0.0,0.0,115578.5970549054,0.0
t4960,0.0,0.0,0.0,0.0,0.0,0.0,0.0,0.0,0.0,124380.50400269806,0.0
t4961,0.0,0.0,0.0,0.0,0.0,0.0,0.0,0.0,0.0,130034.86441352998,0.0
t4962,0.0,0.0,0.0,0.0,0.0,0.0,0.0,0.0,0.0,134168.7915048533,0.0
t4963,0.0,0.0,0.0,0.0,0.0,0.0,0.0,0.0,0.0,134168.7915048533,0.0
t4964,0.0,0.0,0.0,0.0,0.0,0.0,0.0,0.0,0.0,128233.63629035404,0.0
t4965,0.0,0.0,0.0,0.0,0.0,0.0,0.0,0.0,0.0,105180.93873674884,0.0
t4966,0.0,0.0,0.0,0.0,0.0,0.0,0.0,0.0,0.0,80927.99580475016,0.0
t4967,0.0,0.0,0.0,0.0,0.0,0.0,0.0,0.0,0.0,60774.81987244145,0.0
t4968,0.0,0.0,0.0,0.0,0.0,0.0,0.0,0.0,0.0,48317.77539991644,0.0
t4969,0.0,0.0,0.0,0.0,0.0,0.0,0.0,0.0,0.0,41563.4223450637,0.0
t4970,0.0,0.0,0.0,0.0,0.0,0.0,0.0,0.0,0.0,37658.09002821506,0.0
t4971,0.0,0.0,0.0,0.0,0.0,0.0,0.0,0.0,0.0,36061.27231049447,0.0
t4972,0.0,0.0,0.0,0.0,0.0,0.0,0.0,0.0,0.0,33959.76218909872,0.0
t4973,0.0,0.0,0.0,0.0,0.0,0.0,0.0,0.0,0.0,32034.1039436656,0.0
t4974,0.0,0.0,0.0,0.0,0.0,0.0,0.0,0.0,0.0,28001.396608719533,0.0
t4975,0.0,0.0,0.0,0.0,0.0,0.0,0.0,0.0,0.0,21344.743253537185,0.0
t4976,0.0,0.0,0.0,0.0,0.0,0.0,0.0,0.0,0.0,14774.288592905948,0.0
t4977,0.0,0.0,0.0,0.0,0.0,0.0,0.0,0.0,0.0,11904.675274484132,0.0
t4978,0.0,0.0,0.0,0.0,0.0,0.0,0.0,0.0,0.0,17536.649546236426,0.0
t4979,0.0,0.0,0.0,0.0,0.0,0.0,0.0,0.0,0.0,26235.5210520719,0.0
t4980,0.0,0.0,0.0,0.0,0.0,0.0,0.0,0.0,0.0,39844.83618605982,0.0
t4981,0.0,0.0,0.0,0.0,0.0,0.0,0.0,0.0,0.0,55364.35065432174,0.0
t4982,0.0,0.0,0.0,0.0,0.0,0.0,0.0,0.0,0.0,75303.6432472504,0.0
t4983,0.0,0.0,0.0,0.0,0.0,0.0,0.0,0.0,0.0,93580.56795088839,0.0
t4984,0.0,0.0,0.0,0.0,0.0,0.0,0.0,0.0,0.0,110439.0699785138,0.0
t4985,0.0,0.0,0.0,0.0,0.0,0.0,0.0,0.0,0.0,114712.44481568164,0.0
t4986,0.0,0.0,0.0,0.0,0.0,0.0,0.0,0.0,0.0,122607.22107086275,0.0
t4987,0.0,0.0,0.0,0.0,0.0,0.0,0.0,0.0,0.0,122607.22107086275,0.0
t4988,0.0,0.0,0.0,0.0,0.0,0.0,0.0,0.0,0.0,113302.28621664166,0.0
t4989,0.0,0.0,0.0,0.0,0.0,0.0,0.0,0.0,0.0,89750.38713279055,0.0
t4990,0.0,0.0,0.0,0.0,0.0,0.0,0.0,0.0,0.0,63722.12311470861,0.0
t4991,0.0,0.0,0.0,0.0,0.0,0.0,0.0,0.0,0.0,42976.36217800209,0.0
t4992,0.0,0.0,0.0,0.0,0.0,0.0,0.0,0.0,0.0,27932.097647419614,0.0
t4993,0.0,0.0,0.0,0.0,0.0,0.0,0.0,0.0,0.0,17747.946214114145,0.0
t4994,0.0,0.0,0.0,0.0,0.0,0.0,0.0,0.0,0.0,11132.83861081887,0.0
t4995,0.0,0.0,0.0,0.0,0.0,0.0,0.0,0.0,0.0,7662.536907975158,0.0
t4996,0.0,0.0,0.0,0.0,0.0,0.0,0.0,0.0,0.0,6305.23342013065,0.0
t4997,0.0,0.0,0.0,0.0,0.0,0.0,0.0,0.0,0.0,5953.761877993688,0.0
t4998,0.0,0.0,0.0,0.0,0.0,0.0,0.0,0.0,0.0,5331.0837978045565,0.0
t4999,0.0,0.0,0.0,0.0,0.0,0.0,0.0,0.0,0.0,3183.9712867560493,0.0
t5000,0.0,0.0,0.0,0.0,0.0,0.0,0.0,0.0,0.0,0.0,0.0
t5001,0.0,0.0,0.0,0.0,0.0,0.0,0.0,0.0,0.0,7042.705634546912,0.0
t5002,0.0,0.0,0.0,0.0,0.0,0.0,0.0,0.0,0.0,20173.22526155725,0.0
t5003,0.0,0.0,0.0,0.0,0.0,0.0,0.0,0.0,0.0,38210.83876092924,0.0
t5004,0.0,0.0,0.0,0.0,0.0,0.0,0.0,0.0,0.0,57173.8094880948,0.0
t5005,0.0,0.0,0.0,0.0,0.0,0.0,0.0,0.0,0.0,73837.58865811686,0.0
t5006,0.0,0.0,0.0,0.0,0.0,0.0,0.0,0.0,0.0,88693.63979898718,0.0
t5007,0.0,0.0,0.0,0.0,0.0,0.0,0.0,0.0,0.0,102239.27702139573,0.0
t5008,0.0,0.0,0.0,0.0,0.0,0.0,0.0,0.0,0.0,113543.78439040651,0.0
t5009,0.0,0.0,0.0,0.0,0.0,0.0,0.0,0.0,0.0,121574.4286087482,0.0
t5010,0.0,0.0,0.0,0.0,0.0,0.0,0.0,0.0,0.0,127141.51044546526,0.0
t5011,0.0,0.0,0.0,0.0,0.0,0.0,0.0,0.0,0.0,127141.51044546526,0.0
t5012,0.0,0.0,0.0,0.0,0.0,0.0,0.0,0.0,0.0,120565.9308816781,0.0
t5013,0.0,0.0,0.0,0.0,0.0,0.0,0.0,0.0,0.0,96832.39855228554,0.0
t5014,0.0,0.0,0.0,0.0,0.0,0.0,0.0,0.0,0.0,68736.71621609916,0.0
t5015,0.0,0.0,0.0,0.0,0.0,0.0,0.0,0.0,0.0,46241.65383706732,0.0
t5016,0.0,0.0,0.0,0.0,0.0,0.0,0.0,0.0,0.0,29054.036989645978,0.0
t5017,0.0,0.0,0.0,0.0,0.0,0.0,0.0,0.0,0.0,17547.04121987929,0.0
t5018,0.0,0.0,0.0,0.0,0.0,0.0,0.0,0.0,0.0,9595.551788738041,0.0
t5019,0.0,0.0,0.0,0.0,0.0,0.0,0.0,0.0,0.0,4969.303040656805,0.0
t5020,0.0,0.0,0.0,0.0,0.0,0.0,0.0,0.0,0.0,2059.108111588005,0.0
t5021,0.0,0.0,0.0,0.0,0.0,0.0,0.0,0.0,0.0,722.0160910446436,0.0
t5022,0.0,0.0,0.0,0.0,0.0,0.0,0.0,0.0,0.0,496.9258555018808,0.0
t5023,0.0,0.0,0.0,0.0,0.0,0.0,0.0,0.0,0.0,0.0,0.0
t5024,0.0,0.0,0.0,0.0,0.0,0.0,0.0,0.0,0.0,179.41533564172968,0.0
t5025,0.0,0.0,0.0,0.0,0.0,0.0,0.0,0.0,0.0,7447.818224910805,0.0
t5026,0.0,0.0,0.0,0.0,0.0,0.0,0.0,0.0,0.0,24828.490517193306,0.0
t5027,0.0,0.0,0.0,0.0,0.0,0.0,0.0,0.0,0.0,47171.36704914256,0.0
t5028,0.0,0.0,0.0,0.0,0.0,0.0,0.0,0.0,0.0,68031.62690375865,0.0
t5029,0.0,0.0,0.0,0.0,0.0,0.0,0.0,0.0,0.0,86760.81079383128,0.0
t5030,0.0,0.0,0.0,0.0,0.0,0.0,0.0,0.0,0.0,104115.65646540212,0.0
t5031,0.0,0.0,0.0,0.0,0.0,0.0,0.0,0.0,0.0,126729.47380661668,0.0
t5032,0.0,0.0,0.0,0.0,0.0,0.0,0.0,0.0,0.0,139499.21387929076,0.0
t5033,0.0,0.0,0.0,0.0,0.0,0.0,0.0,0.0,0.0,139499.21387929076,10455.95081871202
t5034,0.0,0.0,0.0,0.0,0.0,0.0,0.0,0.0,0.0,139499.21387929076,21473.395541234288
t5035,0.0,0.0,0.0,0.0,0.0,0.0,0.0,0.0,0.0,139499.21387929076,20785.78497807277
t5036,0.0,0.0,0.0,0.0,0.0,0.0,0.0,0.0,0.0,139499.21387929076,0.0
t5037,0.0,0.0,0.0,0.0,0.0,0.0,0.0,0.0,0.0,114467.71246902249,0.0
t5038,0.0,0.0,0.0,0.0,0.0,0.0,0.0,0.0,0.0,86166.40746449701,0.0
t5039,0.0,0.0,0.0,0.0,0.0,0.0,0.0,0.0,0.0,63184.42907455217,0.0
t5040,0.0,0.0,0.0,0.0,0.0,0.0,0.0,0.0,0.0,46031.403427844525,0.0
t5041,0.0,0.0,0.0,0.0,0.0,0.0,0.0,0.0,0.0,36130.48574066431,0.0
t5042,0.0,0.0,0.0,0.0,0.0,0.0,0.0,0.0,0.0,30362.194638140638,0.0
t5043,0.0,0.0,0.0,0.0,0.0,0.0,0.0,0.0,0.0,23967.772314580736,0.0
t5044,0.0,0.0,0.0,0.0,0.0,0.0,0.0,0.0,0.0,20479.68263385491,0.0
t5045,0.0,0.0,0.0,0.0,0.0,0.0,0.0,0.0,0.0,17785.029112488206,0.0
t5046,0.0,0.0,0.0,0.0,0.0,0.0,0.0,0.0,0.0,14198.987040274524,0.0
t5047,0.0,0.0,0.0,0.0,0.0,0.0,0.0,0.0,0.0,7790.925493805471,0.0
t5048,0.0,0.0,0.0,0.0,0.0,0.0,0.0,0.0,0.0,0.0,0.0
t5049,0.0,0.0,0.0,0.0,0.0,0.0,0.0,0.0,0.0,5339.101775166282,0.0
t5050,0.0,0.0,0.0,0.0,0.0,0.0,0.0,0.0,0.0,21598.745691025677,0.0
t5051,0.0,0.0,0.0,0.0,0.0,0.0,0.0,0.0,0.0,43062.47019066405,0.0
t5052,0.0,0.0,0.0,0.0,0.0,0.0,0.0,0.0,0.0,64436.438629837154,0.0
t5053,0.0,0.0,0.0,0.0,0.0,0.0,0.0,0.0,0.0,80758.51444476756,0.0
t5054,0.0,0.0,0.0,0.0,0.0,0.0,0.0,0.0,0.0,97371.33006184566,0.0
t5055,0.0,0.0,0.0,0.0,0.0,0.0,0.0,0.0,0.0,111412.79815156909,0.0
t5056,0.0,0.0,0.0,0.0,0.0,0.0,0.0,0.0,0.0,124391.35321376268,0.0
t5057,0.0,0.0,0.0,0.0,0.0,0.0,0.0,0.0,0.0,133806.08116003356,0.0
t5058,0.0,0.0,0.0,0.0,0.0,0.0,0.0,0.0,0.0,139499.21387929076,0.0
t5059,0.0,0.0,0.0,0.0,0.0,0.0,0.0,0.0,0.0,139496.01467010524,0.0
t5060,0.0,0.0,0.0,0.0,0.0,0.0,0.0,0.0,0.0,128373.69798753569,0.0
t5061,0.0,0.0,0.0,0.0,0.0,0.0,0.0,0.0,0.0,102353.29772452015,0.0
t5062,0.0,0.0,0.0,0.0,0.0,0.0,0.0,0.0,0.0,72763.26713583719,0.0
t5063,0.0,0.0,0.0,0.0,0.0,0.0,0.0,0.0,0.0,50823.31794892465,0.0
t5064,0.0,0.0,0.0,0.0,0.0,0.0,0.0,0.0,0.0,37045.54527655653,0.0
t5065,0.0,0.0,0.0,0.0,0.0,0.0,0.0,0.0,0.0,26879.39331259112,0.0
t5066,0.0,0.0,0.0,0.0,0.0,0.0,0.0,0.0,0.0,20566.77551750809,0.0
t5067,0.0,0.0,0.0,0.0,0.0,0.0,0.0,0.0,0.0,16444.633325292863,0.0
t5068,0.0,0.0,0.0,0.0,0.0,0.0,0.0,0.0,0.0,14370.341072039766,0.0
t5069,0.0,0.0,0.0,0.0,0.0,0.0,0.0,0.0,0.0,13260.929037506807,0.0
t5070,0.0,0.0,0.0,0.0,0.0,0.0,0.0,0.0,0.0,10700.46302321018,0.0
t5071,0.0,0.0,0.0,0.0,0.0,0.0,0.0,0.0,0.0,6043.845219375993,0.0
t5072,0.0,0.0,0.0,0.0,0.0,0.0,0.0,0.0,0.0,0.0,0.0
t5073,0.0,0.0,0.0,0.0,0.0,0.0,0.0,0.0,0.0,5927.235370927301,0.0
t5074,0.0,0.0,0.0,0.0,0.0,0.0,0.0,0.0,0.0,23268.521752623532,0.0
t5075,0.0,0.0,0.0,0.0,0.0,0.0,0.0,0.0,0.0,46021.32045746098,0.0
t5076,0.0,0.0,0.0,0.0,0.0,0.0,0.0,0.0,0.0,68279.13894868444,0.0
t5077,0.0,0.0,0.0,0.0,0.0,0.0,0.0,0.0,0.0,88132.06279754946,0.0
t5078,0.0,0.0,0.0,0.0,0.0,0.0,0.0,0.0,0.0,104129.14383724683,0.0
t5079,0.0,0.0,0.0,0.0,0.0,0.0,0.0,0.0,0.0,117308.49935006282,0.0
t5080,0.0,0.0,0.0,0.0,0.0,0.0,0.0,0.0,0.0,129471.01354369859,0.0
t5081,0.0,0.0,0.0,0.0,0.0,0.0,0.0,0.0,0.0,138265.6231043374,0.0
t5082,0.0,0.0,0.0,0.0,0.0,0.0,0.0,0.0,0.0,139499.21387929076,6558.175853842184
t5083,0.0,0.0,0.0,0.0,0.0,0.0,0.0,0.0,0.0,139499.21387929076,5874.052314765318
t5084,0.0,0.0,0.0,0.0,0.0,0.0,0.0,0.0,0.0,129667.212952693,0.0
t5085,0.0,0.0,0.0,0.0,0.0,0.0,0.0,0.0,0.0,100642.00374608923,0.0
t5086,0.0,0.0,0.0,0.0,0.0,0.0,0.0,0.0,0.0,71442.91279166282,0.0
t5087,0.0,0.0,0.0,0.0,0.0,0.0,0.0,0.0,0.0,49302.064253927754,0.0
t5088,0.0,0.0,0.0,0.0,0.0,0.0,0.0,0.0,0.0,34003.5995139882,0.0
t5089,0.0,0.0,0.0,0.0,0.0,0.0,0.0,0.0,0.0,25312.812885943,0.0
t5090,0.0,0.0,0.0,0.0,0.0,0.0,0.0,0.0,0.0,19914.946096001262,0.0
t5091,0.0,0.0,0.0,0.0,0.0,0.0,0.0,0.0,0.0,16389.953588082564,0.0
t5092,0.0,0.0,0.0,0.0,0.0,0.0,0.0,0.0,0.0,14360.109646912644,0.0
t5093,0.0,0.0,0.0,0.0,0.0,0.0,0.0,0.0,0.0,13611.860570422907,0.0
t5094,0.0,0.0,0.0,0.0,0.0,0.0,0.0,0.0,0.0,11241.03821940823,0.0
t5095,0.0,0.0,0.0,0.0,0.0,0.0,0.0,0.0,0.0,6157.0405160497,0.0
t5096,0.0,0.0,0.0,0.0,0.0,0.0,0.0,0.0,0.0,0.0,0.0
t5097,0.0,0.0,0.0,0.0,0.0,0.0,0.0,0.0,0.0,8142.800359930999,0.0
t5098,0.0,0.0,0.0,0.0,0.0,0.0,0.0,0.0,0.0,26858.972723583764,0.0
t5099,0.0,0.0,0.0,0.0,0.0,0.0,0.0,0.0,0.0,49216.725145951,0.0
t5100,0.0,0.0,0.0,0.0,0.0,0.0,0.0,0.0,0.0,71810.82643253815,0.0
t5101,0.0,0.0,0.0,0.0,0.0,0.0,0.0,0.0,0.0,92350.95176198609,0.0
t5102,0.0,0.0,0.0,0.0,0.0,0.0,0.0,0.0,0.0,108712.1169631212,0.0
t5103,0.0,0.0,0.0,0.0,0.0,0.0,0.0,0.0,0.0,121392.14139651443,0.0
t5104,0.0,0.0,0.0,0.0,0.0,0.0,0.0,0.0,0.0,132399.5727489655,0.0
t5105,0.0,0.0,0.0,0.0,0.0,0.0,0.0,0.0,0.0,139499.21387929076,1419.454678337066
t5106,0.0,0.0,0.0,0.0,0.0,0.0,0.0,0.0,0.0,139499.21387929076,6069.778157686507
t5107,0.0,0.0,0.0,0.0,0.0,0.0,0.0,0.0,0.0,139499.21387929076,3437.0680203836982
t5108,0.0,0.0,0.0,0.0,0.0,0.0,0.0,0.0,0.0,129674.04145330752,0.0
t5109,0.0,0.0,0.0,0.0,0.0,0.0,0.0,0.0,0.0,102381.68976888037,0.0
t5110,0.0,0.0,0.0,0.0,0.0,0.0,0.0,0.0,0.0,71134.92246249583,0.0
t5111,0.0,0.0,0.0,0.0,0.0,0.0,0.0,0.0,0.0,48307.22478901074,0.0
t5112,0.0,0.0,0.0,0.0,0.0,0.0,0.0,0.0,0.0,32764.192107185634,0.0
t5113,0.0,0.0,0.0,0.0,0.0,0.0,0.0,0.0,0.0,24072.668983750227,0.0
t5114,0.0,0.0,0.0,0.0,0.0,0.0,0.0,0.0,0.0,19602.308005404786,0.0
t5115,0.0,0.0,0.0,0.0,0.0,0.0,0.0,0.0,0.0,16653.095278032262,0.0
t5116,0.0,0.0,0.0,0.0,0.0,0.0,0.0,0.0,0.0,15991.637711079484,0.0
t5117,0.0,0.0,0.0,0.0,0.0,0.0,0.0,0.0,0.0,15683.031793132852,0.0
t5118,0.0,0.0,0.0,0.0,0.0,0.0,0.0,0.0,0.0,12962.761076631505,0.0
t5119,0.0,0.0,0.0,0.0,0.0,0.0,0.0,0.0,0.0,7543.524961732354,0.0
t5120,0.0,0.0,0.0,0.0,0.0,0.0,0.0,0.0,0.0,0.0,0.0
t5121,0.0,0.0,0.0,0.0,0.0,0.0,0.0,0.0,0.0,6719.91527048645,0.0
t5122,0.0,0.0,0.0,0.0,0.0,0.0,0.0,0.0,0.0,26197.168061154363,0.0
t5123,0.0,0.0,0.0,0.0,0.0,0.0,0.0,0.0,0.0,51180.23905051224,0.0
t5124,0.0,0.0,0.0,0.0,0.0,0.0,0.0,0.0,0.0,75718.78811230653,0.0
t5125,0.0,0.0,0.0,0.0,0.0,0.0,0.0,0.0,0.0,91133.28537942047,0.0
t5126,0.0,0.0,0.0,0.0,0.0,0.0,0.0,0.0,0.0,111089.83471841167,0.0
t5127,0.0,0.0,0.0,0.0,0.0,0.0,0.0,0.0,0.0,128424.7585531766,0.0
t5128,0.0,0.0,0.0,0.0,0.0,0.0,0.0,0.0,0.0,139499.21387929076,0.0
t5129,0.0,0.0,0.0,0.0,0.0,0.0,0.0,0.0,0.0,139499.21387929076,12315.30449822672
t5130,0.0,0.0,0.0,0.0,0.0,0.0,0.0,0.0,0.0,139499.21387929076,18101.093047140574
t5131,0.0,0.0,0.0,0.0,0.0,0.0,0.0,0.0,0.0,139499.21387929076,12254.84945403575
t5132,0.0,0.0,0.0,0.0,0.0,0.0,0.0,0.0,0.0,134324.2043306779,0.0
t5133,0.0,0.0,0.0,0.0,0.0,0.0,0.0,0.0,0.0,106923.79700860543,0.0
t5134,0.0,0.0,0.0,0.0,0.0,0.0,0.0,0.0,0.0,77993.1490429425,0.0
t5135,0.0,0.0,0.0,0.0,0.0,0.0,0.0,0.0,0.0,55919.2726242223,0.0
t5136,0.0,0.0,0.0,0.0,0.0,0.0,0.0,0.0,0.0,39842.929662134586,0.0
t5137,0.0,0.0,0.0,0.0,0.0,0.0,0.0,0.0,0.0,29914.442602010393,0.0
t5138,0.0,0.0,0.0,0.0,0.0,0.0,0.0,0.0,0.0,24008.124812177855,0.0
t5139,0.0,0.0,0.0,0.0,0.0,0.0,0.0,0.0,0.0,20932.10285341857,0.0
t5140,0.0,0.0,0.0,0.0,0.0,0.0,0.0,0.0,0.0,18790.076859907163,0.0
t5141,0.0,0.0,0.0,0.0,0.0,0.0,0.0,0.0,0.0,17667.49258050598,0.0
t5142,0.0,0.0,0.0,0.0,0.0,0.0,0.0,0.0,0.0,14726.281963947378,0.0
t5143,0.0,0.0,0.0,0.0,0.0,0.0,0.0,0.0,0.0,9148.138677655332,0.0
t5144,0.0,0.0,0.0,0.0,0.0,0.0,0.0,0.0,0.0,0.0,0.0
t5145,0.0,0.0,0.0,0.0,0.0,0.0,0.0,0.0,0.0,5158.55411016254,0.0
t5146,0.0,0.0,0.0,0.0,0.0,0.0,0.0,0.0,0.0,22561.571620898154,0.0
t5147,0.0,0.0,0.0,0.0,0.0,0.0,0.0,0.0,0.0,47415.582036835796,0.0
t5148,0.0,0.0,0.0,0.0,0.0,0.0,0.0,0.0,0.0,71484.03611837892,0.0
t5149,0.0,0.0,0.0,0.0,0.0,0.0,0.0,0.0,0.0,92864.4007871403,0.0
t5150,0.0,0.0,0.0,0.0,0.0,0.0,0.0,0.0,0.0,105979.18767695648,0.0
t5151,0.0,0.0,0.0,0.0,0.0,0.0,0.0,0.0,0.0,123899.53186988641,0.0
t5152,0.0,0.0,0.0,0.0,0.0,0.0,0.0,0.0,0.0,139499.21387929076,0.0
t5153,0.0,0.0,0.0,0.0,0.0,0.0,0.0,0.0,0.0,139499.21387929076,12681.88826276672
t5154,0.0,0.0,0.0,0.0,0.0,0.0,0.0,0.0,0.0,139499.21387929076,17757.66620928225
t5155,0.0,0.0,0.0,0.0,0.0,0.0,0.0,0.0,0.0,139499.21387929076,15852.461727801749
t5156,0.0,0.0,0.0,0.0,0.0,0.0,0.0,0.0,0.0,136062.61623682376,0.0
t5157,0.0,0.0,0.0,0.0,0.0,0.0,0.0,0.0,0.0,108672.96248273956,0.0
t5158,0.0,0.0,0.0,0.0,0.0,0.0,0.0,0.0,0.0,78728.72590166364,0.0
t5159,0.0,0.0,0.0,0.0,0.0,0.0,0.0,0.0,0.0,54854.099801240525,0.0
t5160,0.0,0.0,0.0,0.0,0.0,0.0,0.0,0.0,0.0,38227.15279298798,0.0
t5161,0.0,0.0,0.0,0.0,0.0,0.0,0.0,0.0,0.0,27726.136261218213,0.0
t5162,0.0,0.0,0.0,0.0,0.0,0.0,0.0,0.0,0.0,19765.242711477717,0.0
t5163,0.0,0.0,0.0,0.0,0.0,0.0,0.0,0.0,0.0,14287.411849251614,0.0
t5164,0.0,0.0,0.0,0.0,0.0,0.0,0.0,0.0,0.0,9950.974779872598,0.0
t5165,0.0,0.0,0.0,0.0,0.0,0.0,0.0,0.0,0.0,7093.189780156259,0.0
t5166,0.0,0.0,0.0,0.0,0.0,0.0,0.0,0.0,0.0,4724.225056394939,0.0
t5167,0.0,0.0,0.0,0.0,0.0,0.0,0.0,0.0,0.0,2201.37914541329,0.0
t5168,0.0,0.0,0.0,0.0,0.0,0.0,0.0,0.0,0.0,3.751665644813329e-11,0.0
t5169,0.0,0.0,0.0,0.0,0.0,0.0,0.0,0.0,0.0,1822.1988151670048,0.0
t5170,0.0,0.0,0.0,0.0,0.0,0.0,0.0,0.0,0.0,13725.798697434071,0.0
t5171,0.0,0.0,0.0,0.0,0.0,0.0,0.0,0.0,0.0,34306.21470402274,0.0
t5172,0.0,0.0,0.0,0.0,0.0,0.0,0.0,0.0,0.0,55071.94845228674,0.0
t5173,0.0,0.0,0.0,0.0,0.0,0.0,0.0,0.0,0.0,75042.31471883759,0.0
t5174,0.0,0.0,0.0,0.0,0.0,0.0,0.0,0.0,0.0,93892.44302097654,0.0
t5175,0.0,0.0,0.0,0.0,0.0,0.0,0.0,0.0,0.0,111210.80887556002,0.0
t5176,0.0,0.0,0.0,0.0,0.0,0.0,0.0,0.0,0.0,131647.22750101986,0.0
t5177,0.0,0.0,0.0,0.0,0.0,0.0,0.0,0.0,0.0,139499.21387929076,1006.4386973802036
t5178,0.0,0.0,0.0,0.0,0.0,0.0,0.0,0.0,0.0,139499.21387929076,15433.898942251402
t5179,0.0,0.0,0.0,0.0,0.0,0.0,0.0,0.0,0.0,139499.21387929076,16161.283720905776
t5180,0.0,0.0,0.0,0.0,0.0,0.0,0.0,0.0,0.0,138012.40203101654,0.0
t5181,0.0,0.0,0.0,0.0,0.0,0.0,0.0,0.0,0.0,111866.94110293337,0.0
t5182,0.0,0.0,0.0,0.0,0.0,0.0,0.0,0.0,0.0,85408.64442959586,0.0
t5183,0.0,0.0,0.0,0.0,0.0,0.0,0.0,0.0,0.0,63025.13300545317,0.0
t5184,0.0,0.0,0.0,0.0,0.0,0.0,0.0,0.0,0.0,45471.323747984556,0.0
t5185,0.0,0.0,0.0,0.0,0.0,0.0,0.0,0.0,0.0,32996.54583427327,0.0
t5186,0.0,0.0,0.0,0.0,0.0,0.0,0.0,0.0,0.0,23859.934181102504,0.0
t5187,0.0,0.0,0.0,0.0,0.0,0.0,0.0,0.0,0.0,17453.964656341697,0.0
t5188,0.0,0.0,0.0,0.0,0.0,0.0,0.0,0.0,0.0,13115.825700537964,0.0
t5189,0.0,0.0,0.0,0.0,0.0,0.0,0.0,0.0,0.0,9551.529951944134,0.0
t5190,0.0,0.0,0.0,0.0,0.0,0.0,0.0,0.0,0.0,6334.442773902028,0.0
t5191,0.0,0.0,0.0,0.0,0.0,0.0,0.0,0.0,0.0,3018.990232518092,0.0
t5192,0.0,0.0,0.0,0.0,0.0,0.0,0.0,0.0,0.0,0.0,0.0
t5193,0.0,0.0,0.0,0.0,0.0,0.0,0.0,0.0,0.0,1304.957476070631,0.0
t5194,0.0,0.0,0.0,0.0,0.0,0.0,0.0,0.0,0.0,20360.42196929984,0.0
t5195,0.0,0.0,0.0,0.0,0.0,0.0,0.0,0.0,0.0,37295.46181443552,0.0
t5196,0.0,0.0,0.0,0.0,0.0,0.0,0.0,0.0,0.0,62561.0642812865,0.0
t5197,0.0,0.0,0.0,0.0,0.0,0.0,0.0,0.0,0.0,86245.57110438943,0.0
t5198,0.0,0.0,0.0,0.0,0.0,0.0,0.0,0.0,0.0,108228.78224828112,0.0
t5199,0.0,0.0,0.0,0.0,0.0,0.0,0.0,0.0,0.0,126423.29523115043,0.0
t5200,0.0,0.0,0.0,0.0,0.0,0.0,0.0,0.0,0.0,139499.21387929076,0.0
t5201,0.0,0.0,0.0,0.0,0.0,0.0,0.0,0.0,0.0,139499.21387929076,14278.875309304476
t5202,0.0,0.0,0.0,0.0,0.0,0.0,0.0,0.0,0.0,139499.21387929076,18876.361287540756
t5203,0.0,0.0,0.0,0.0,0.0,0.0,0.0,0.0,0.0,139499.21387929076,14749.9164333717
t5204,0.0,0.0,0.0,0.0,0.0,0.0,0.0,0.0,0.0,138569.09365649766,0.0
t5205,0.0,0.0,0.0,0.0,0.0,0.0,0.0,0.0,0.0,116853.08615104904,0.0
t5206,0.0,0.0,0.0,0.0,0.0,0.0,0.0,0.0,0.0,96303.81014313007,0.0
t5207,0.0,0.0,0.0,0.0,0.0,0.0,0.0,0.0,0.0,79800.72730525782,0.0
t5208,0.0,0.0,0.0,0.0,0.0,0.0,0.0,0.0,0.0,67777.71678340196,0.0
t5209,0.0,0.0,0.0,0.0,0.0,0.0,0.0,0.0,0.0,59760.49538474191,0.0
t5210,0.0,0.0,0.0,0.0,0.0,0.0,0.0,0.0,0.0,55606.919532493055,0.0
t5211,0.0,0.0,0.0,0.0,0.0,0.0,0.0,0.0,0.0,54038.07506267699,0.0
t5212,0.0,0.0,0.0,0.0,0.0,0.0,0.0,0.0,0.0,54028.56761344523,0.0
t5213,0.0,0.0,0.0,0.0,0.0,0.0,0.0,0.0,0.0,53988.46573981477,0.0
t5214,0.0,0.0,0.0,0.0,0.0,0.0,0.0,0.0,0.0,52092.47437071184,0.0
t5215,0.0,0.0,0.0,0.0,0.0,0.0,0.0,0.0,0.0,47223.476222107165,0.0
t5216,0.0,0.0,0.0,0.0,0.0,0.0,0.0,0.0,0.0,40141.828957090096,0.0
t5217,0.0,0.0,0.0,0.0,0.0,0.0,0.0,0.0,0.0,42770.676893978525,0.0
t5218,0.0,0.0,0.0,0.0,0.0,0.0,0.0,0.0,0.0,57248.03585926096,0.0
t5219,0.0,0.0,0.0,0.0,0.0,0.0,0.0,0.0,0.0,76624.70275693112,0.0
t5220,0.0,0.0,0.0,0.0,0.0,0.0,0.0,0.0,0.0,92653.25190250923,0.0
t5221,0.0,0.0,0.0,0.0,0.0,0.0,0.0,0.0,0.0,108756.36597259494,0.0
t5222,0.0,0.0,0.0,0.0,0.0,0.0,0.0,0.0,0.0,121453.85644621387,0.0
t5223,0.0,0.0,0.0,0.0,0.0,0.0,0.0,0.0,0.0,132663.67531013733,0.0
t5224,0.0,0.0,0.0,0.0,0.0,0.0,0.0,0.0,0.0,139499.21387929076,0.0
t5225,0.0,0.0,0.0,0.0,0.0,0.0,0.0,0.0,0.0,139499.21387929076,8553.36325170369
t5226,0.0,0.0,0.0,0.0,0.0,0.0,0.0,0.0,0.0,139499.21387929076,11077.808494111985
t5227,0.0,0.0,0.0,0.0,0.0,0.0,0.0,0.0,0.0,139499.21387929076,2323.4009460882626
t5228,0.0,0.0,0.0,0.0,0.0,0.0,0.0,0.0,0.0,125282.61888577514,0.0
t5229,0.0,0.0,0.0,0.0,0.0,0.0,0.0,0.0,0.0,96238.44576971835,0.0
t5230,0.0,0.0,0.0,0.0,0.0,0.0,0.0,0.0,0.0,68911.71204841419,0.0
t5231,0.0,0.0,0.0,0.0,0.0,0.0,0.0,0.0,0.0,48052.65597787287,0.0
t5232,0.0,0.0,0.0,0.0,0.0,0.0,0.0,0.0,0.0,33076.04313841621,0.0
t5233,0.0,0.0,0.0,0.0,0.0,0.0,0.0,0.0,0.0,23961.136737298366,0.0
t5234,0.0,0.0,0.0,0.0,0.0,0.0,0.0,0.0,0.0,19034.1352986504,0.0
t5235,0.0,0.0,0.0,0.0,0.0,0.0,0.0,0.0,0.0,15139.294034548251,0.0
t5236,0.0,0.0,0.0,0.0,0.0,0.0,0.0,0.0,0.0,14676.814858117668,0.0
t5237,0.0,0.0,0.0,0.0,0.0,0.0,0.0,0.0,0.0,14451.702807072294,0.0
t5238,0.0,0.0,0.0,0.0,0.0,0.0,0.0,0.0,0.0,13027.023686547765,0.0
t5239,0.0,0.0,0.0,0.0,0.0,0.0,0.0,0.0,0.0,9307.636309140176,0.0
t5240,0.0,0.0,0.0,0.0,0.0,0.0,0.0,0.0,0.0,3854.439635642533,0.0
t5241,0.0,0.0,0.0,0.0,0.0,0.0,0.0,0.0,0.0,8428.650176804571,0.0
t5242,0.0,0.0,0.0,0.0,0.0,0.0,0.0,0.0,0.0,25634.970936077665,0.0
t5243,0.0,0.0,0.0,0.0,0.0,0.0,0.0,0.0,0.0,47976.69231972062,0.0
t5244,0.0,0.0,0.0,0.0,0.0,0.0,0.0,0.0,0.0,69189.42894536656,0.0
t5245,0.0,0.0,0.0,0.0,0.0,0.0,0.0,0.0,0.0,87822.4901891443,0.0
t5246,0.0,0.0,0.0,0.0,0.0,0.0,0.0,0.0,0.0,102484.71665233371,0.0
t5247,0.0,0.0,0.0,0.0,0.0,0.0,0.0,0.0,0.0,114919.52077038388,0.0
t5248,0.0,0.0,0.0,0.0,0.0,0.0,0.0,0.0,0.0,124388.98535681437,0.0
t5249,0.0,0.0,0.0,0.0,0.0,0.0,0.0,0.0,0.0,130911.1087472798,0.0
t5250,0.0,0.0,0.0,0.0,0.0,0.0,0.0,0.0,0.0,134889.6764341394,0.0
t5251,0.0,0.0,0.0,0.0,0.0,0.0,0.0,0.0,0.0,134889.6764341394,0.0
t5252,0.0,0.0,0.0,0.0,0.0,0.0,0.0,0.0,0.0,124773.7567899315,0.0
t5253,0.0,0.0,0.0,0.0,0.0,0.0,0.0,0.0,0.0,95203.69375870809,0.0
t5254,0.0,0.0,0.0,0.0,0.0,0.0,0.0,0.0,0.0,68638.84522436475,0.0
t5255,0.0,0.0,0.0,0.0,0.0,0.0,0.0,0.0,0.0,46641.1802040281,0.0
t5256,0.0,0.0,0.0,0.0,0.0,0.0,0.0,0.0,0.0,33814.712644740735,0.0
t5257,0.0,0.0,0.0,0.0,0.0,0.0,0.0,0.0,0.0,26945.591696474596,0.0
t5258,0.0,0.0,0.0,0.0,0.0,0.0,0.0,0.0,0.0,20727.12295959145,0.0
t5259,0.0,0.0,0.0,0.0,0.0,0.0,0.0,0.0,0.0,18579.30059166922,0.0
t5260,0.0,0.0,0.0,0.0,0.0,0.0,0.0,0.0,0.0,16340.685676823246,0.0
t5261,0.0,0.0,0.0,0.0,0.0,0.0,0.0,0.0,0.0,16186.547615577485,0.0
t5262,0.0,0.0,0.0,0.0,0.0,0.0,0.0,0.0,0.0,14125.745759928017,0.0
t5263,0.0,0.0,0.0,0.0,0.0,0.0,0.0,0.0,0.0,7744.348477835968,0.0
t5264,0.0,0.0,0.0,0.0,0.0,0.0,0.0,0.0,0.0,0.0,0.0
t5265,0.0,0.0,0.0,0.0,0.0,0.0,0.0,0.0,0.0,3015.258302215605,0.0
t5266,0.0,0.0,0.0,0.0,0.0,0.0,0.0,0.0,0.0,16127.220176392137,0.0
t5267,0.0,0.0,0.0,0.0,0.0,0.0,0.0,0.0,0.0,34573.920956159374,0.0
t5268,0.0,0.0,0.0,0.0,0.0,0.0,0.0,0.0,0.0,53961.46595192532,0.0
t5269,0.0,0.0,0.0,0.0,0.0,0.0,0.0,0.0,0.0,73820.34520654086,0.0
t5270,0.0,0.0,0.0,0.0,0.0,0.0,0.0,0.0,0.0,90684.98183459864,0.0
t5271,0.0,0.0,0.0,0.0,0.0,0.0,0.0,0.0,0.0,106849.31910103928,0.0
t5272,0.0,0.0,0.0,0.0,0.0,0.0,0.0,0.0,0.0,120991.27438779814,0.0
t5273,0.0,0.0,0.0,0.0,0.0,0.0,0.0,0.0,0.0,130704.3320577055,0.0
t5274,0.0,0.0,0.0,0.0,0.0,0.0,0.0,0.0,0.0,137523.04809819817,0.0
t5275,0.0,0.0,0.0,0.0,0.0,0.0,0.0,0.0,0.0,139499.21387929076,0.0
t5276,0.0,0.0,0.0,0.0,0.0,0.0,0.0,0.0,0.0,131704.75455670612,0.0
t5277,0.0,0.0,0.0,0.0,0.0,0.0,0.0,0.0,0.0,107652.24961850989,0.0
t5278,0.0,0.0,0.0,0.0,0.0,0.0,0.0,0.0,0.0,83737.55776601791,0.0
t5279,0.0,0.0,0.0,0.0,0.0,0.0,0.0,0.0,0.0,66048.3325523925,0.0
t5280,0.0,0.0,0.0,0.0,0.0,0.0,0.0,0.0,0.0,54526.034444998135,0.0
t5281,0.0,0.0,0.0,0.0,0.0,0.0,0.0,0.0,0.0,47349.39655476724,0.0
t5282,0.0,0.0,0.0,0.0,0.0,0.0,0.0,0.0,0.0,43499.46521771197,0.0
t5283,0.0,0.0,0.0,0.0,0.0,0.0,0.0,0.0,0.0,42516.31083035081,0.0
t5284,0.0,0.0,0.0,0.0,0.0,0.0,0.0,0.0,0.0,42516.31083035081,0.0
t5285,0.0,0.0,0.0,0.0,0.0,0.0,0.0,0.0,0.0,42516.31083035081,0.0
t5286,0.0,0.0,0.0,0.0,0.0,0.0,0.0,0.0,0.0,41431.90035942479,0.0
t5287,0.0,0.0,0.0,0.0,0.0,0.0,0.0,0.0,0.0,37383.67873729617,0.0
t5288,0.0,0.0,0.0,0.0,0.0,0.0,0.0,0.0,0.0,31421.832259010924,0.0
t5289,0.0,0.0,0.0,0.0,0.0,0.0,0.0,0.0,0.0,38630.66061056529,0.0
t5290,0.0,0.0,0.0,0.0,0.0,0.0,0.0,0.0,0.0,53202.274589263834,0.0
t5291,0.0,0.0,0.0,0.0,0.0,0.0,0.0,0.0,0.0,75818.77174783326,0.0
t5292,0.0,0.0,0.0,0.0,0.0,0.0,0.0,0.0,0.0,96099.0604629235,0.0
t5293,0.0,0.0,0.0,0.0,0.0,0.0,0.0,0.0,0.0,114160.01716037515,0.0
t5294,0.0,0.0,0.0,0.0,0.0,0.0,0.0,0.0,0.0,128565.6242306983,0.0
t5295,0.0,0.0,0.0,0.0,0.0,0.0,0.0,0.0,0.0,139499.21387929076,0.0
t5296,0.0,0.0,0.0,0.0,0.0,0.0,0.0,0.0,0.0,139499.21387929076,13028.05351064787
t5297,0.0,0.0,0.0,0.0,0.0,0.0,0.0,0.0,0.0,139499.21387929076,17913.133061013636
t5298,0.0,0.0,0.0,0.0,0.0,0.0,0.0,0.0,0.0,139499.21387929076,17697.154244074336
t5299,0.0,0.0,0.0,0.0,0.0,0.0,0.0,0.0,0.0,139499.21387929076,5203.150333157755
t5300,0.0,0.0,0.0,0.0,0.0,0.0,0.0,0.0,0.0,124868.60290470588,0.0
t5301,0.0,0.0,0.0,0.0,0.0,0.0,0.0,0.0,0.0,92549.22187193682,0.0
t5302,0.0,0.0,0.0,0.0,0.0,0.0,0.0,0.0,0.0,63661.77372948645,0.0
t5303,0.0,0.0,0.0,0.0,0.0,0.0,0.0,0.0,0.0,41069.75095812312,0.0
t5304,0.0,0.0,0.0,0.0,0.0,0.0,0.0,0.0,0.0,28064.3106011606,0.0
t5305,0.0,0.0,0.0,0.0,0.0,0.0,0.0,0.0,0.0,17795.81722024107,0.0
t5306,0.0,0.0,0.0,0.0,0.0,0.0,0.0,0.0,0.0,13782.036699710052,0.0
t5307,0.0,0.0,0.0,0.0,0.0,0.0,0.0,0.0,0.0,10084.216877382718,0.0
t5308,0.0,0.0,0.0,0.0,0.0,0.0,0.0,0.0,0.0,8594.86051947737,0.0
t5309,0.0,0.0,0.0,0.0,0.0,0.0,0.0,0.0,0.0,8594.86051947737,0.0
t5310,0.0,0.0,0.0,0.0,0.0,0.0,0.0,0.0,0.0,6854.175987127441,0.0
t5311,0.0,0.0,0.0,0.0,0.0,0.0,0.0,0.0,0.0,2662.264498439287,0.0
t5312,0.0,0.0,0.0,0.0,0.0,0.0,0.0,0.0,0.0,0.0,0.0
t5313,0.0,0.0,0.0,0.0,0.0,0.0,0.0,0.0,0.0,4150.659964804692,0.0
t5314,0.0,0.0,0.0,0.0,0.0,0.0,0.0,0.0,0.0,19726.47784874252,0.0
t5315,0.0,0.0,0.0,0.0,0.0,0.0,0.0,0.0,0.0,35985.80750778171,0.0
t5316,0.0,0.0,0.0,0.0,0.0,0.0,0.0,0.0,0.0,58176.01661869798,0.0
t5317,0.0,0.0,0.0,0.0,0.0,0.0,0.0,0.0,0.0,78763.98829024119,0.0
t5318,0.0,0.0,0.0,0.0,0.0,0.0,0.0,0.0,0.0,96700.60229975048,0.0
t5319,0.0,0.0,0.0,0.0,0.0,0.0,0.0,0.0,0.0,112887.22454796717,0.0
t5320,0.0,0.0,0.0,0.0,0.0,0.0,0.0,0.0,0.0,125678.14264829474,0.0
t5321,0.0,0.0,0.0,0.0,0.0,0.0,0.0,0.0,0.0,135187.12944420738,0.0
t5322,0.0,0.0,0.0,0.0,0.0,0.0,0.0,0.0,0.0,139499.21387929076,4887.1476730846725
t5323,0.0,0.0,0.0,0.0,0.0,0.0,0.0,0.0,0.0,127611.32288591273,0.0
t5324,0.0,0.0,0.0,0.0,0.0,0.0,0.0,0.0,0.0,103072.45423918322,0.0
t5325,0.0,0.0,0.0,0.0,0.0,0.0,0.0,0.0,0.0,73896.53539298895,0.0
t5326,0.0,0.0,0.0,0.0,0.0,0.0,0.0,0.0,0.0,47327.55012472518,0.0
t5327,0.0,0.0,0.0,0.0,0.0,0.0,0.0,0.0,0.0,27547.88546904225,0.0
t5328,0.0,0.0,0.0,0.0,0.0,0.0,0.0,0.0,0.0,14303.593564202489,0.0
t5329,0.0,0.0,0.0,0.0,0.0,0.0,0.0,0.0,0.0,5584.881955756549,0.0
t5330,0.0,0.0,0.0,0.0,0.0,0.0,0.0,0.0,0.0,1293.3232095988587,0.0
t5331,0.0,0.0,0.0,0.0,0.0,0.0,0.0,0.0,0.0,0.0,0.0
t5332,0.0,0.0,0.0,0.0,0.0,0.0,0.0,0.0,0.0,208.04232417715113,0.0
t5333,0.0,0.0,0.0,0.0,0.0,0.0,0.0,0.0,0.0,208.04232417715113,0.0
t5334,0.0,0.0,0.0,0.0,0.0,0.0,0.0,0.0,0.0,208.04232417715113,0.0
t5335,0.0,0.0,0.0,0.0,0.0,0.0,0.0,0.0,0.0,208.04232417715113,0.0
t5336,0.0,0.0,0.0,0.0,0.0,0.0,0.0,0.0,0.0,0.0,0.0
t5337,0.0,0.0,0.0,0.0,0.0,0.0,0.0,0.0,0.0,5442.485318195847,0.0
t5338,0.0,0.0,0.0,0.0,0.0,0.0,0.0,0.0,0.0,22656.634726962617,0.0
t5339,0.0,0.0,0.0,0.0,0.0,0.0,0.0,0.0,0.0,42461.07027436246,0.0
t5340,0.0,0.0,0.0,0.0,0.0,0.0,0.0,0.0,0.0,65332.9849777934,0.0
t5341,0.0,0.0,0.0,0.0,0.0,0.0,0.0,0.0,0.0,85890.23479442703,0.0
t5342,0.0,0.0,0.0,0.0,0.0,0.0,0.0,0.0,0.0,103862.48519365683,0.0
t5343,0.0,0.0,0.0,0.0,0.0,0.0,0.0,0.0,0.0,119517.21997281528,0.0
t5344,0.0,0.0,0.0,0.0,0.0,0.0,0.0,0.0,0.0,131889.27942640844,0.0
t5345,0.0,0.0,0.0,0.0,0.0,0.0,0.0,0.0,0.0,139499.21387929076,0.0
t5346,0.0,0.0,0.0,0.0,0.0,0.0,0.0,0.0,0.0,139499.21387929076,0.0
t5347,0.0,0.0,0.0,0.0,0.0,0.0,0.0,0.0,0.0,133734.56877798328,0.0
t5348,0.0,0.0,0.0,0.0,0.0,0.0,0.0,0.0,0.0,123251.95634275401,0.0
t5349,0.0,0.0,0.0,0.0,0.0,0.0,0.0,0.0,0.0,93649.00212677012,0.0
t5350,0.0,0.0,0.0,0.0,0.0,0.0,0.0,0.0,0.0,68990.0093365077,0.0
t5351,0.0,0.0,0.0,0.0,0.0,0.0,0.0,0.0,0.0,45567.31252771883,0.0
t5352,0.0,0.0,0.0,0.0,0.0,0.0,0.0,0.0,0.0,30207.24606618524,0.0
t5353,0.0,0.0,0.0,0.0,0.0,0.0,0.0,0.0,0.0,20829.869702074335,0.0
t5354,0.0,0.0,0.0,0.0,0.0,0.0,0.0,0.0,0.0,15271.338586424205,0.0
t5355,0.0,0.0,0.0,0.0,0.0,0.0,0.0,0.0,0.0,12986.151422860039,0.0
t5356,0.0,0.0,0.0,0.0,0.0,0.0,0.0,0.0,0.0,12678.420956909671,0.0
t5357,0.0,0.0,0.0,0.0,0.0,0.0,0.0,0.0,0.0,12678.420956909671,0.0
t5358,0.0,0.0,0.0,0.0,0.0,0.0,0.0,0.0,0.0,12678.420956909671,0.0
t5359,0.0,0.0,0.0,0.0,0.0,0.0,0.0,0.0,0.0,12678.420956909671,0.0
t5360,0.0,0.0,0.0,0.0,0.0,0.0,0.0,0.0,0.0,12678.420956909671,0.0
t5361,0.0,0.0,0.0,0.0,0.0,0.0,0.0,0.0,0.0,17045.210262962948,0.0
t5362,0.0,0.0,0.0,0.0,0.0,0.0,0.0,0.0,0.0,32745.792732808983,0.0
t5363,0.0,0.0,0.0,0.0,0.0,0.0,0.0,0.0,0.0,54553.082861931995,0.0
t5364,0.0,0.0,0.0,0.0,0.0,0.0,0.0,0.0,0.0,76211.94290264793,0.0
t5365,0.0,0.0,0.0,0.0,0.0,0.0,0.0,0.0,0.0,95279.5005225648,0.0
t5366,0.0,0.0,0.0,0.0,0.0,0.0,0.0,0.0,0.0,111764.09233897494,0.0
t5367,0.0,0.0,0.0,0.0,0.0,0.0,0.0,0.0,0.0,127439.3045456867,0.0
t5368,0.0,0.0,0.0,0.0,0.0,0.0,0.0,0.0,0.0,139499.21387929076,0.0
t5369,0.0,0.0,0.0,0.0,0.0,0.0,0.0,0.0,0.0,139499.21387929076,15784.96665802997
t5370,0.0,0.0,0.0,0.0,0.0,0.0,0.0,0.0,0.0,139499.21387929076,23304.69477645975
t5371,0.0,0.0,0.0,0.0,0.0,0.0,0.0,0.0,0.0,139499.21387929076,18942.05843741285
t5372,0.0,0.0,0.0,0.0,0.0,0.0,0.0,0.0,0.0,139499.21387929076,0.0
t5373,0.0,0.0,0.0,0.0,0.0,0.0,0.0,0.0,0.0,114616.8307372072,0.0
t5374,0.0,0.0,0.0,0.0,0.0,0.0,0.0,0.0,0.0,91203.79654403482,0.0
t5375,0.0,0.0,0.0,0.0,0.0,0.0,0.0,0.0,0.0,73208.35187625904,0.0
t5376,0.0,0.0,0.0,0.0,0.0,0.0,0.0,0.0,0.0,59876.03380826308,0.0
t5377,0.0,0.0,0.0,0.0,0.0,0.0,0.0,0.0,0.0,52008.939094573085,0.0
t5378,0.0,0.0,0.0,0.0,0.0,0.0,0.0,0.0,0.0,46356.09443619412,0.0
t5379,0.0,0.0,0.0,0.0,0.0,0.0,0.0,0.0,0.0,42711.60193390281,0.0
t5380,0.0,0.0,0.0,0.0,0.0,0.0,0.0,0.0,0.0,39929.26733615044,0.0
t5381,0.0,0.0,0.0,0.0,0.0,0.0,0.0,0.0,0.0,36826.06337293011,0.0
t5382,0.0,0.0,0.0,0.0,0.0,0.0,0.0,0.0,0.0,31489.654248408,0.0
t5383,0.0,0.0,0.0,0.0,0.0,0.0,0.0,0.0,0.0,23007.165250865728,0.0
t5384,0.0,0.0,0.0,0.0,0.0,0.0,0.0,0.0,0.0,13503.566565296267,0.0
t5385,0.0,0.0,0.0,0.0,0.0,0.0,0.0,0.0,0.0,12266.639226858744,0.0
t5386,0.0,0.0,0.0,0.0,0.0,0.0,0.0,0.0,0.0,21457.43365552381,0.0
t5387,0.0,0.0,0.0,0.0,0.0,0.0,0.0,0.0,0.0,40454.98059479133,0.0
t5388,0.0,0.0,0.0,0.0,0.0,0.0,0.0,0.0,0.0,60448.784452231266,0.0
t5389,0.0,0.0,0.0,0.0,0.0,0.0,0.0,0.0,0.0,79475.26374518508,0.0
t5390,0.0,0.0,0.0,0.0,0.0,0.0,0.0,0.0,0.0,95079.4737281965,0.0
t5391,0.0,0.0,0.0,0.0,0.0,0.0,0.0,0.0,0.0,109860.98982739296,0.0
t5392,0.0,0.0,0.0,0.0,0.0,0.0,0.0,0.0,0.0,122895.84241771257,0.0
t5393,0.0,0.0,0.0,0.0,0.0,0.0,0.0,0.0,0.0,133975.44087393908,0.0
t5394,0.0,0.0,0.0,0.0,0.0,0.0,0.0,0.0,0.0,139499.21387929076,0.0
t5395,0.0,0.0,0.0,0.0,0.0,0.0,0.0,0.0,0.0,139363.21435192676,0.0
t5396,0.0,0.0,0.0,0.0,0.0,0.0,0.0,0.0,0.0,125100.9254984688,0.0
t5397,0.0,0.0,0.0,0.0,0.0,0.0,0.0,0.0,0.0,94141.16398276563,0.0
t5398,0.0,0.0,0.0,0.0,0.0,0.0,0.0,0.0,0.0,66051.5146435889,0.0
t5399,0.0,0.0,0.0,0.0,0.0,0.0,0.0,0.0,0.0,43452.527202326004,0.0
t5400,0.0,0.0,0.0,0.0,0.0,0.0,0.0,0.0,0.0,29763.840955889435,0.0
t5401,0.0,0.0,0.0,0.0,0.0,0.0,0.0,0.0,0.0,21862.25542472753,0.0
t5402,0.0,0.0,0.0,0.0,0.0,0.0,0.0,0.0,0.0,17566.095190921245,0.0
t5403,0.0,0.0,0.0,0.0,0.0,0.0,0.0,0.0,0.0,15735.5102112581,0.0
t5404,0.0,0.0,0.0,0.0,0.0,0.0,0.0,0.0,0.0,15392.579950508101,0.0
t5405,0.0,0.0,0.0,0.0,0.0,0.0,0.0,0.0,0.0,14556.61945774961,0.0
t5406,0.0,0.0,0.0,0.0,0.0,0.0,0.0,0.0,0.0,12211.072136594517,0.0
t5407,0.0,0.0,0.0,0.0,0.0,0.0,0.0,0.0,0.0,7323.585422704991,0.0
t5408,0.0,0.0,0.0,0.0,0.0,0.0,0.0,0.0,0.0,-5.002220859751105e-12,0.0
t5409,0.0,0.0,0.0,0.0,0.0,0.0,0.0,0.0,0.0,3334.617935451488,0.0
t5410,0.0,0.0,0.0,0.0,0.0,0.0,0.0,0.0,0.0,17944.727258391144,0.0
t5411,0.0,0.0,0.0,0.0,0.0,0.0,0.0,0.0,0.0,41028.25901778841,0.0
t5412,0.0,0.0,0.0,0.0,0.0,0.0,0.0,0.0,0.0,65164.60393909784,0.0
t5413,0.0,0.0,0.0,0.0,0.0,0.0,0.0,0.0,0.0,87462.1115763342,0.0
t5414,0.0,0.0,0.0,0.0,0.0,0.0,0.0,0.0,0.0,107820.10683695057,0.0
t5415,0.0,0.0,0.0,0.0,0.0,0.0,0.0,0.0,0.0,124589.63539928145,0.0
t5416,0.0,0.0,0.0,0.0,0.0,0.0,0.0,0.0,0.0,139154.78765212127,0.0
t5417,0.0,0.0,0.0,0.0,0.0,0.0,0.0,0.0,0.0,139499.21387929076,10333.744975531012
t5418,0.0,0.0,0.0,0.0,0.0,0.0,0.0,0.0,0.0,139499.21387929076,14277.932326578868
t5419,0.0,0.0,0.0,0.0,0.0,0.0,0.0,0.0,0.0,139499.21387929076,1312.6788040434574
t5420,0.0,0.0,0.0,0.0,0.0,0.0,0.0,0.0,0.0,122573.1823489808,0.0
t5421,0.0,0.0,0.0,0.0,0.0,0.0,0.0,0.0,0.0,88771.527395803,0.0
t5422,0.0,0.0,0.0,0.0,0.0,0.0,0.0,0.0,0.0,60397.55545654635,0.0
t5423,0.0,0.0,0.0,0.0,0.0,0.0,0.0,0.0,0.0,40245.497737769096,0.0
t5424,0.0,0.0,0.0,0.0,0.0,0.0,0.0,0.0,0.0,27607.338534966228,0.0
t5425,0.0,0.0,0.0,0.0,0.0,0.0,0.0,0.0,0.0,19933.399211966967,0.0
t5426,0.0,0.0,0.0,0.0,0.0,0.0,0.0,0.0,0.0,15986.78395854811,0.0
t5427,0.0,0.0,0.0,0.0,0.0,0.0,0.0,0.0,0.0,13959.398830185415,0.0
t5428,0.0,0.0,0.0,0.0,0.0,0.0,0.0,0.0,0.0,12076.54169920304,0.0
t5429,0.0,0.0,0.0,0.0,0.0,0.0,0.0,0.0,0.0,11769.567340692223,0.0
t5430,0.0,0.0,0.0,0.0,0.0,0.0,0.0,0.0,0.0,10701.127672315764,0.0
t5431,0.0,0.0,0.0,0.0,0.0,0.0,0.0,0.0,0.0,5783.738461451347,0.0
t5432,0.0,0.0,0.0,0.0,0.0,0.0,0.0,0.0,0.0,0.0,0.0
t5433,0.0,0.0,0.0,0.0,0.0,0.0,0.0,0.0,0.0,0.0,0.0
t5434,0.0,0.0,0.0,0.0,0.0,0.0,0.0,0.0,0.0,10355.62402849659,0.0
t5435,0.0,0.0,0.0,0.0,0.0,0.0,0.0,0.0,0.0,28491.824304323465,0.0
t5436,0.0,0.0,0.0,0.0,0.0,0.0,0.0,0.0,0.0,53564.53451614634,0.0
t5437,0.0,0.0,0.0,0.0,0.0,0.0,0.0,0.0,0.0,73669.84012844169,0.0
t5438,0.0,0.0,0.0,0.0,0.0,0.0,0.0,0.0,0.0,89727.82251528601,0.0
t5439,0.0,0.0,0.0,0.0,0.0,0.0,0.0,0.0,0.0,104768.28010608924,0.0
t5440,0.0,0.0,0.0,0.0,0.0,0.0,0.0,0.0,0.0,123213.72983691606,0.0
t5441,0.0,0.0,0.0,0.0,0.0,0.0,0.0,0.0,0.0,131678.12546228396,0.0
t5442,0.0,0.0,0.0,0.0,0.0,0.0,0.0,0.0,0.0,139499.21387929076,0.0
t5443,0.0,0.0,0.0,0.0,0.0,0.0,0.0,0.0,0.0,139309.46367840358,0.0
t5444,0.0,0.0,0.0,0.0,0.0,0.0,0.0,0.0,0.0,125262.95627548033,0.0
t5445,0.0,0.0,0.0,0.0,0.0,0.0,0.0,0.0,0.0,98071.85340644316,0.0
t5446,0.0,0.0,0.0,0.0,0.0,0.0,0.0,0.0,0.0,72609.44678882821,0.0
t5447,0.0,0.0,0.0,0.0,0.0,0.0,0.0,0.0,0.0,51981.108413479116,0.0
t5448,0.0,0.0,0.0,0.0,0.0,0.0,0.0,0.0,0.0,40421.34270827484,0.0
t5449,0.0,0.0,0.0,0.0,0.0,0.0,0.0,0.0,0.0,34490.83430263458,0.0
t5450,0.0,0.0,0.0,0.0,0.0,0.0,0.0,0.0,0.0,33792.43253627219,0.0
t5451,0.0,0.0,0.0,0.0,0.0,0.0,0.0,0.0,0.0,27988.563980575127,0.0
t5452,0.0,0.0,0.0,0.0,0.0,0.0,0.0,0.0,0.0,27988.563980575127,0.0
t5453,0.0,0.0,0.0,0.0,0.0,0.0,0.0,0.0,0.0,27988.563980575127,0.0
t5454,0.0,0.0,0.0,0.0,0.0,0.0,0.0,0.0,0.0,25375.303323993663,0.0
t5455,0.0,0.0,0.0,0.0,0.0,0.0,0.0,0.0,0.0,17923.718484830093,0.0
t5456,0.0,0.0,0.0,0.0,0.0,0.0,0.0,0.0,0.0,7938.590590779272,0.0
t5457,0.0,0.0,0.0,0.0,0.0,0.0,0.0,0.0,0.0,7938.590590779272,0.0
t5458,0.0,0.0,0.0,0.0,0.0,0.0,0.0,0.0,0.0,17852.496345566673,0.0
t5459,0.0,0.0,0.0,0.0,0.0,0.0,0.0,0.0,0.0,34830.21735406524,0.0
t5460,0.0,0.0,0.0,0.0,0.0,0.0,0.0,0.0,0.0,54398.82633901907,0.0
t5461,0.0,0.0,0.0,0.0,0.0,0.0,0.0,0.0,0.0,73588.57135791141,0.0
t5462,0.0,0.0,0.0,0.0,0.0,0.0,0.0,0.0,0.0,91625.01098664405,0.0
t5463,0.0,0.0,0.0,0.0,0.0,0.0,0.0,0.0,0.0,107909.74236973426,0.0
t5464,0.0,0.0,0.0,0.0,0.0,0.0,0.0,0.0,0.0,122613.08247870716,0.0
t5465,0.0,0.0,0.0,0.0,0.0,0.0,0.0,0.0,0.0,133250.59297905306,0.0
t5466,0.0,0.0,0.0,0.0,0.0,0.0,0.0,0.0,0.0,139499.21387929076,0.0
t5467,0.0,0.0,0.0,0.0,0.0,0.0,0.0,0.0,0.0,139499.21387929076,0.0
t5468,0.0,0.0,0.0,0.0,0.0,0.0,0.0,0.0,0.0,133650.74648047698,0.0
t5469,0.0,0.0,0.0,0.0,0.0,0.0,0.0,0.0,0.0,106574.7992612783,0.0
t5470,0.0,0.0,0.0,0.0,0.0,0.0,0.0,0.0,0.0,81812.60279071495,0.0
t5471,0.0,0.0,0.0,0.0,0.0,0.0,0.0,0.0,0.0,62159.29703162324,0.0
t5472,0.0,0.0,0.0,0.0,0.0,0.0,0.0,0.0,0.0,49020.004167034574,0.0
t5473,0.0,0.0,0.0,0.0,0.0,0.0,0.0,0.0,0.0,39917.59166441463,0.0
t5474,0.0,0.0,0.0,0.0,0.0,0.0,0.0,0.0,0.0,34389.19429729806,0.0
t5475,0.0,0.0,0.0,0.0,0.0,0.0,0.0,0.0,0.0,31196.160195771572,0.0
t5476,0.0,0.0,0.0,0.0,0.0,0.0,0.0,0.0,0.0,27673.6385956214,0.0
t5477,0.0,0.0,0.0,0.0,0.0,0.0,0.0,0.0,0.0,24391.237897251238,0.0
t5478,0.0,0.0,0.0,0.0,0.0,0.0,0.0,0.0,0.0,19046.142819207216,0.0
t5479,0.0,0.0,0.0,0.0,0.0,0.0,0.0,0.0,0.0,10365.903747377095,0.0
t5480,0.0,0.0,0.0,0.0,0.0,0.0,0.0,0.0,0.0,920.4115062342244,0.0
t5481,0.0,0.0,0.0,0.0,0.0,0.0,0.0,0.0,0.0,3299.24561461764,0.0
t5482,0.0,0.0,0.0,0.0,0.0,0.0,0.0,0.0,0.0,18144.25072566796,0.0
t5483,0.0,0.0,0.0,0.0,0.0,0.0,0.0,0.0,0.0,39927.575332309396,0.0
t5484,0.0,0.0,0.0,0.0,0.0,0.0,0.0,0.0,0.0,57396.05528904398,0.0
t5485,0.0,0.0,0.0,0.0,0.0,0.0,0.0,0.0,0.0,74312.96998372737,0.0
t5486,0.0,0.0,0.0,0.0,0.0,0.0,0.0,0.0,0.0,96180.46904013539,0.0
t5487,0.0,0.0,0.0,0.0,0.0,0.0,0.0,0.0,0.0,114400.65331696984,0.0
t5488,0.0,0.0,0.0,0.0,0.0,0.0,0.0,0.0,0.0,121739.7764570637,0.0
t5489,0.0,0.0,0.0,0.0,0.0,0.0,0.0,0.0,0.0,130892.58054824396,0.0
t5490,0.0,0.0,0.0,0.0,0.0,0.0,0.0,0.0,0.0,130892.58054824396,0.0
t5491,0.0,0.0,0.0,0.0,0.0,0.0,0.0,0.0,0.0,129604.5926623628,0.0
t5492,0.0,0.0,0.0,0.0,0.0,0.0,0.0,0.0,0.0,116542.87292542966,0.0
t5493,0.0,0.0,0.0,0.0,0.0,0.0,0.0,0.0,0.0,90096.38261729435,0.0
t5494,0.0,0.0,0.0,0.0,0.0,0.0,0.0,0.0,0.0,63776.10060595786,0.0
t5495,0.0,0.0,0.0,0.0,0.0,0.0,0.0,0.0,0.0,42493.587692063054,0.0
t5496,0.0,0.0,0.0,0.0,0.0,0.0,0.0,0.0,0.0,29364.84546961242,0.0
t5497,0.0,0.0,0.0,0.0,0.0,0.0,0.0,0.0,0.0,20622.246111696422,0.0
t5498,0.0,0.0,0.0,0.0,0.0,0.0,0.0,0.0,0.0,15540.588235515257,0.0
t5499,0.0,0.0,0.0,0.0,0.0,0.0,0.0,0.0,0.0,13474.584213997372,0.0
t5500,0.0,0.0,0.0,0.0,0.0,0.0,0.0,0.0,0.0,11364.835594041211,0.0
t5501,0.0,0.0,0.0,0.0,0.0,0.0,0.0,0.0,0.0,9446.77303675552,0.0
t5502,0.0,0.0,0.0,0.0,0.0,0.0,0.0,0.0,0.0,7061.48441941276,0.0
t5503,0.0,0.0,0.0,0.0,0.0,0.0,0.0,0.0,0.0,3531.0130682739045,0.0
t5504,0.0,0.0,0.0,0.0,0.0,0.0,0.0,0.0,0.0,0.0,0.0
t5505,0.0,0.0,0.0,0.0,0.0,0.0,0.0,0.0,0.0,0.0,0.0
t5506,0.0,0.0,0.0,0.0,0.0,0.0,0.0,0.0,0.0,5735.520093859621,0.0
t5507,0.0,0.0,0.0,0.0,0.0,0.0,0.0,0.0,0.0,16483.469386199642,0.0
t5508,0.0,0.0,0.0,0.0,0.0,0.0,0.0,0.0,0.0,26414.598293277384,0.0
t5509,0.0,0.0,0.0,0.0,0.0,0.0,0.0,0.0,0.0,35088.710762414485,0.0
t5510,0.0,0.0,0.0,0.0,0.0,0.0,0.0,0.0,0.0,44850.85475645782,0.0
t5511,0.0,0.0,0.0,0.0,0.0,0.0,0.0,0.0,0.0,57369.44030929606,0.0
t5512,0.0,0.0,0.0,0.0,0.0,0.0,0.0,0.0,0.0,66240.48302853234,0.0
t5513,0.0,0.0,0.0,0.0,0.0,0.0,0.0,0.0,0.0,72533.10469526525,0.0
t5514,0.0,0.0,0.0,0.0,0.0,0.0,0.0,0.0,0.0,72352.49747282719,0.0
t5515,0.0,0.0,0.0,0.0,0.0,0.0,0.0,0.0,0.0,69083.67723263473,0.0
t5516,0.0,0.0,0.0,0.0,0.0,0.0,0.0,0.0,0.0,56686.07351828852,0.0
t5517,0.0,0.0,0.0,0.0,0.0,0.0,0.0,0.0,0.0,41324.902458920355,0.0
t5518,0.0,0.0,0.0,0.0,0.0,0.0,0.0,0.0,0.0,28281.535315253343,0.0
t5519,0.0,0.0,0.0,0.0,0.0,0.0,0.0,0.0,0.0,17777.26770986,0.0
t5520,0.0,0.0,0.0,0.0,0.0,0.0,0.0,0.0,0.0,11922.238394526335,0.0
t5521,0.0,0.0,0.0,0.0,0.0,0.0,0.0,0.0,0.0,10894.512819019152,0.0
t5522,0.0,0.0,0.0,0.0,0.0,0.0,0.0,0.0,0.0,10894.512819019152,0.0
t5523,0.0,0.0,0.0,0.0,0.0,0.0,0.0,0.0,0.0,10894.512819019152,0.0
t5524,0.0,0.0,0.0,0.0,0.0,0.0,0.0,0.0,0.0,10894.512819019152,0.0
t5525,0.0,0.0,0.0,0.0,0.0,0.0,0.0,0.0,0.0,10655.90458803504,0.0
t5526,0.0,0.0,0.0,0.0,0.0,0.0,0.0,0.0,0.0,9987.358028315799,0.0
t5527,0.0,0.0,0.0,0.0,0.0,0.0,0.0,0.0,0.0,8367.992208891315,0.0
t5528,0.0,0.0,0.0,0.0,0.0,0.0,0.0,0.0,0.0,6024.116880338994,0.0
t5529,0.0,0.0,0.0,0.0,0.0,0.0,0.0,0.0,0.0,3816.448103058813,0.0
t5530,0.0,0.0,0.0,0.0,0.0,0.0,0.0,0.0,0.0,4681.21634542086,0.0
t5531,0.0,0.0,0.0,0.0,0.0,0.0,0.0,0.0,0.0,12945.02923681392,0.0
t5532,0.0,0.0,0.0,0.0,0.0,0.0,0.0,0.0,0.0,27753.689615231124,0.0
t5533,0.0,0.0,0.0,0.0,0.0,0.0,0.0,0.0,0.0,47078.04122130729,0.0
t5534,0.0,0.0,0.0,0.0,0.0,0.0,0.0,0.0,0.0,65056.605211859605,0.0
t5535,0.0,0.0,0.0,0.0,0.0,0.0,0.0,0.0,0.0,85852.48217067568,0.0
t5536,0.0,0.0,0.0,0.0,0.0,0.0,0.0,0.0,0.0,105347.92924846028,0.0
t5537,0.0,0.0,0.0,0.0,0.0,0.0,0.0,0.0,0.0,121166.35071162818,0.0
t5538,0.0,0.0,0.0,0.0,0.0,0.0,0.0,0.0,0.0,133457.9813875488,0.0
t5539,0.0,0.0,0.0,0.0,0.0,0.0,0.0,0.0,0.0,139499.21387929076,0.0
t5540,0.0,0.0,0.0,0.0,0.0,0.0,0.0,0.0,0.0,131868.73652117807,0.0
t5541,0.0,0.0,0.0,0.0,0.0,0.0,0.0,0.0,0.0,106541.32174274497,0.0
t5542,0.0,0.0,0.0,0.0,0.0,0.0,0.0,0.0,0.0,83537.39791118371,0.0
t5543,0.0,0.0,0.0,0.0,0.0,0.0,0.0,0.0,0.0,66011.79810145336,0.0
t5544,0.0,0.0,0.0,0.0,0.0,0.0,0.0,0.0,0.0,52243.40486002207,0.0
t5545,0.0,0.0,0.0,0.0,0.0,0.0,0.0,0.0,0.0,42564.73779802168,0.0
t5546,0.0,0.0,0.0,0.0,0.0,0.0,0.0,0.0,0.0,36131.11451828195,0.0
t5547,0.0,0.0,0.0,0.0,0.0,0.0,0.0,0.0,0.0,31846.53374830285,0.0
t5548,0.0,0.0,0.0,0.0,0.0,0.0,0.0,0.0,0.0,28597.274502904056,0.0
t5549,0.0,0.0,0.0,0.0,0.0,0.0,0.0,0.0,0.0,25228.48617862298,0.0
t5550,0.0,0.0,0.0,0.0,0.0,0.0,0.0,0.0,0.0,19839.111994445553,0.0
t5551,0.0,0.0,0.0,0.0,0.0,0.0,0.0,0.0,0.0,10724.45186394678,0.0
t5552,0.0,0.0,0.0,0.0,0.0,0.0,0.0,0.0,0.0,0.0,0.0
t5553,0.0,0.0,0.0,0.0,0.0,0.0,0.0,0.0,0.0,0.0,0.0
t5554,0.0,0.0,0.0,0.0,0.0,0.0,0.0,0.0,0.0,10826.174042003615,0.0
t5555,0.0,0.0,0.0,0.0,0.0,0.0,0.0,0.0,0.0,28973.529593296465,0.0
t5556,0.0,0.0,0.0,0.0,0.0,0.0,0.0,0.0,0.0,52731.12487772839,0.0
t5557,0.0,0.0,0.0,0.0,0.0,0.0,0.0,0.0,0.0,75358.27664197347,0.0
t5558,0.0,0.0,0.0,0.0,0.0,0.0,0.0,0.0,0.0,90226.19054289964,0.0
t5559,0.0,0.0,0.0,0.0,0.0,0.0,0.0,0.0,0.0,107676.7529684974,0.0
t5560,0.0,0.0,0.0,0.0,0.0,0.0,0.0,0.0,0.0,122068.46485095391,0.0
t5561,0.0,0.0,0.0,0.0,0.0,0.0,0.0,0.0,0.0,132891.66073156745,0.0
t5562,0.0,0.0,0.0,0.0,0.0,0.0,0.0,0.0,0.0,139499.21387929076,0.0
t5563,0.0,0.0,0.0,0.0,0.0,0.0,0.0,0.0,0.0,139499.21387929076,0.0
t5564,0.0,0.0,0.0,0.0,0.0,0.0,0.0,0.0,0.0,128479.02778365504,0.0
t5565,0.0,0.0,0.0,0.0,0.0,0.0,0.0,0.0,0.0,98740.05503127766,0.0
t5566,0.0,0.0,0.0,0.0,0.0,0.0,0.0,0.0,0.0,72519.47561574764,0.0
t5567,0.0,0.0,0.0,0.0,0.0,0.0,0.0,0.0,0.0,51628.676606911176,0.0
t5568,0.0,0.0,0.0,0.0,0.0,0.0,0.0,0.0,0.0,37975.48145122563,0.0
t5569,0.0,0.0,0.0,0.0,0.0,0.0,0.0,0.0,0.0,29830.301279043644,0.0
t5570,0.0,0.0,0.0,0.0,0.0,0.0,0.0,0.0,0.0,25366.582494976727,0.0
t5571,0.0,0.0,0.0,0.0,0.0,0.0,0.0,0.0,0.0,22529.154851481726,0.0
t5572,0.0,0.0,0.0,0.0,0.0,0.0,0.0,0.0,0.0,21208.92869503691,0.0
t5573,0.0,0.0,0.0,0.0,0.0,0.0,0.0,0.0,0.0,19668.312098494138,0.0
t5574,0.0,0.0,0.0,0.0,0.0,0.0,0.0,0.0,0.0,16022.748408964462,0.0
t5575,0.0,0.0,0.0,0.0,0.0,0.0,0.0,0.0,0.0,8657.173913932138,0.0
t5576,0.0,0.0,0.0,0.0,0.0,0.0,0.0,0.0,0.0,0.0,0.0
t5577,0.0,0.0,0.0,0.0,0.0,0.0,0.0,0.0,0.0,0.0,0.0
t5578,0.0,0.0,0.0,0.0,0.0,0.0,0.0,0.0,0.0,8695.860855307501,0.0
t5579,0.0,0.0,0.0,0.0,0.0,0.0,0.0,0.0,0.0,24255.92970961005,0.0
t5580,0.0,0.0,0.0,0.0,0.0,0.0,0.0,0.0,0.0,37817.19695298454,0.0
t5581,0.0,0.0,0.0,0.0,0.0,0.0,0.0,0.0,0.0,60279.5955940538,0.0
t5582,0.0,0.0,0.0,0.0,0.0,0.0,0.0,0.0,0.0,83372.27751527182,0.0
t5583,0.0,0.0,0.0,0.0,0.0,0.0,0.0,0.0,0.0,98643.45750565463,0.0
t5584,0.0,0.0,0.0,0.0,0.0,0.0,0.0,0.0,0.0,113453.57685635403,0.0
t5585,0.0,0.0,0.0,0.0,0.0,0.0,0.0,0.0,0.0,127621.00988145379,0.0
t5586,0.0,0.0,0.0,0.0,0.0,0.0,0.0,0.0,0.0,138609.03524717494,0.0
t5587,0.0,0.0,0.0,0.0,0.0,0.0,0.0,0.0,0.0,139499.21387929076,0.0
t5588,0.0,0.0,0.0,0.0,0.0,0.0,0.0,0.0,0.0,122751.08830272235,0.0
t5589,0.0,0.0,0.0,0.0,0.0,0.0,0.0,0.0,0.0,99749.11240049131,0.0
t5590,0.0,0.0,0.0,0.0,0.0,0.0,0.0,0.0,0.0,78062.15422651326,0.0
t5591,0.0,0.0,0.0,0.0,0.0,0.0,0.0,0.0,0.0,56133.294310966354,0.0
t5592,0.0,0.0,0.0,0.0,0.0,0.0,0.0,0.0,0.0,46219.023632910044,0.0
t5593,0.0,0.0,0.0,0.0,0.0,0.0,0.0,0.0,0.0,40422.02635842135,0.0
t5594,0.0,0.0,0.0,0.0,0.0,0.0,0.0,0.0,0.0,34787.406155671626,0.0
t5595,0.0,0.0,0.0,0.0,0.0,0.0,0.0,0.0,0.0,33497.532327963054,0.0
t5596,0.0,0.0,0.0,0.0,0.0,0.0,0.0,0.0,0.0,27593.225742802886,0.0
t5597,0.0,0.0,0.0,0.0,0.0,0.0,0.0,0.0,0.0,21495.338444247416,0.0
t5598,0.0,0.0,0.0,0.0,0.0,0.0,0.0,0.0,0.0,18534.63455133096,0.0
t5599,0.0,0.0,0.0,0.0,0.0,0.0,0.0,0.0,0.0,11628.847575893764,0.0
t5600,0.0,0.0,0.0,0.0,0.0,0.0,0.0,0.0,0.0,3263.594113589901,0.0
t5601,0.0,0.0,0.0,0.0,0.0,0.0,0.0,0.0,0.0,3263.594113589901,0.0
t5602,0.0,0.0,0.0,0.0,0.0,0.0,0.0,0.0,0.0,12867.415924373025,0.0
t5603,0.0,0.0,0.0,0.0,0.0,0.0,0.0,0.0,0.0,30544.44737367248,0.0
t5604,0.0,0.0,0.0,0.0,0.0,0.0,0.0,0.0,0.0,52508.38035607364,0.0
t5605,0.0,0.0,0.0,0.0,0.0,0.0,0.0,0.0,0.0,74557.66815072052,0.0
t5606,0.0,0.0,0.0,0.0,0.0,0.0,0.0,0.0,0.0,89584.8251690636,0.0
t5607,0.0,0.0,0.0,0.0,0.0,0.0,0.0,0.0,0.0,106739.7753519228,0.0
t5608,0.0,0.0,0.0,0.0,0.0,0.0,0.0,0.0,0.0,120660.63538603514,0.0
t5609,0.0,0.0,0.0,0.0,0.0,0.0,0.0,0.0,0.0,131457.4074912923,0.0
t5610,0.0,0.0,0.0,0.0,0.0,0.0,0.0,0.0,0.0,139108.4220554844,0.0
t5611,0.0,0.0,0.0,0.0,0.0,0.0,0.0,0.0,0.0,139499.21387929076,0.0
t5612,0.0,0.0,0.0,0.0,0.0,0.0,0.0,0.0,0.0,129853.27958243691,0.0
t5613,0.0,0.0,0.0,0.0,0.0,0.0,0.0,0.0,0.0,103552.73241306492,0.0
t5614,0.0,0.0,0.0,0.0,0.0,0.0,0.0,0.0,0.0,80128.46725951295,0.0
t5615,0.0,0.0,0.0,0.0,0.0,0.0,0.0,0.0,0.0,61283.53060104116,0.0
t5616,0.0,0.0,0.0,0.0,0.0,0.0,0.0,0.0,0.0,50164.684421342754,0.0
t5617,0.0,0.0,0.0,0.0,0.0,0.0,0.0,0.0,0.0,43899.77625762836,0.0
t5618,0.0,0.0,0.0,0.0,0.0,0.0,0.0,0.0,0.0,39779.2157592497,0.0
t5619,0.0,0.0,0.0,0.0,0.0,0.0,0.0,0.0,0.0,37312.09646248085,0.0
t5620,0.0,0.0,0.0,0.0,0.0,0.0,0.0,0.0,0.0,35690.653191630656,0.0
t5621,0.0,0.0,0.0,0.0,0.0,0.0,0.0,0.0,0.0,33425.66218414318,0.0
t5622,0.0,0.0,0.0,0.0,0.0,0.0,0.0,0.0,0.0,28799.46127710308,0.0
t5623,0.0,0.0,0.0,0.0,0.0,0.0,0.0,0.0,0.0,20207.07356251646,0.0
t5624,0.0,0.0,0.0,0.0,0.0,0.0,0.0,0.0,0.0,10555.996158757496,0.0
t5625,0.0,0.0,0.0,0.0,0.0,0.0,0.0,0.0,0.0,10555.996158757496,0.0
t5626,0.0,0.0,0.0,0.0,0.0,0.0,0.0,0.0,0.0,21952.910248827084,0.0
t5627,0.0,0.0,0.0,0.0,0.0,0.0,0.0,0.0,0.0,38901.73000789579,0.0
t5628,0.0,0.0,0.0,0.0,0.0,0.0,0.0,0.0,0.0,60117.823009113694,0.0
t5629,0.0,0.0,0.0,0.0,0.0,0.0,0.0,0.0,0.0,80338.5346452876,0.0
t5630,0.0,0.0,0.0,0.0,0.0,0.0,0.0,0.0,0.0,96653.45243692145,0.0
t5631,0.0,0.0,0.0,0.0,0.0,0.0,0.0,0.0,0.0,112113.3167010663,0.0
t5632,0.0,0.0,0.0,0.0,0.0,0.0,0.0,0.0,0.0,121706.22155245363,0.0
t5633,0.0,0.0,0.0,0.0,0.0,0.0,0.0,0.0,0.0,131712.65163998734,0.0
t5634,0.0,0.0,0.0,0.0,0.0,0.0,0.0,0.0,0.0,138967.20907931312,0.0
t5635,0.0,0.0,0.0,0.0,0.0,0.0,0.0,0.0,0.0,139499.21387929076,0.0
t5636,0.0,0.0,0.0,0.0,0.0,0.0,0.0,0.0,0.0,132493.62452555937,0.0
t5637,0.0,0.0,0.0,0.0,0.0,0.0,0.0,0.0,0.0,104000.45404105667,0.0
t5638,0.0,0.0,0.0,0.0,0.0,0.0,0.0,0.0,0.0,78597.118151512,0.0
t5639,0.0,0.0,0.0,0.0,0.0,0.0,0.0,0.0,0.0,58841.50869764849,0.0
t5640,0.0,0.0,0.0,0.0,0.0,0.0,0.0,0.0,0.0,46319.77594900461,0.0
t5641,0.0,0.0,0.0,0.0,0.0,0.0,0.0,0.0,0.0,38510.66178076489,0.0
t5642,0.0,0.0,0.0,0.0,0.0,0.0,0.0,0.0,0.0,33172.918673866945,0.0
t5643,0.0,0.0,0.0,0.0,0.0,0.0,0.0,0.0,0.0,30218.08809794672,0.0
t5644,0.0,0.0,0.0,0.0,0.0,0.0,0.0,0.0,0.0,28151.580623106656,0.0
t5645,0.0,0.0,0.0,0.0,0.0,0.0,0.0,0.0,0.0,25584.41633160173,0.0
t5646,0.0,0.0,0.0,0.0,0.0,0.0,0.0,0.0,0.0,20499.800384733644,0.0
t5647,0.0,0.0,0.0,0.0,0.0,0.0,0.0,0.0,0.0,11964.8655147862,0.0
t5648,0.0,0.0,0.0,0.0,0.0,0.0,0.0,0.0,0.0,1429.5569732448475,0.0
t5649,0.0,0.0,0.0,0.0,0.0,0.0,0.0,0.0,0.0,0.0,0.0
t5650,0.0,0.0,0.0,0.0,0.0,0.0,0.0,0.0,0.0,4864.064068321996,0.0
t5651,0.0,0.0,0.0,0.0,0.0,0.0,0.0,0.0,0.0,23338.889610056165,0.0
t5652,0.0,0.0,0.0,0.0,0.0,0.0,0.0,0.0,0.0,43786.078320255605,0.0
t5653,0.0,0.0,0.0,0.0,0.0,0.0,0.0,0.0,0.0,62209.20790232328,0.0
t5654,0.0,0.0,0.0,0.0,0.0,0.0,0.0,0.0,0.0,81317.73172137725,0.0
t5655,0.0,0.0,0.0,0.0,0.0,0.0,0.0,0.0,0.0,101510.74311736181,0.0
t5656,0.0,0.0,0.0,0.0,0.0,0.0,0.0,0.0,0.0,118676.07547591423,0.0
t5657,0.0,0.0,0.0,0.0,0.0,0.0,0.0,0.0,0.0,132254.58017847224,0.0
t5658,0.0,0.0,0.0,0.0,0.0,0.0,0.0,0.0,0.0,139499.21387929076,0.0
t5659,0.0,0.0,0.0,0.0,0.0,0.0,0.0,0.0,0.0,139499.21387929076,0.0
t5660,0.0,0.0,0.0,0.0,0.0,0.0,0.0,0.0,0.0,128698.35766330599,0.0
t5661,0.0,0.0,0.0,0.0,0.0,0.0,0.0,0.0,0.0,101237.9389716353,0.0
t5662,0.0,0.0,0.0,0.0,0.0,0.0,0.0,0.0,0.0,76655.76290002499,0.0
t5663,0.0,0.0,0.0,0.0,0.0,0.0,0.0,0.0,0.0,57743.90815324554,0.0
t5664,0.0,0.0,0.0,0.0,0.0,0.0,0.0,0.0,0.0,43596.05681571609,0.0
t5665,0.0,0.0,0.0,0.0,0.0,0.0,0.0,0.0,0.0,34790.07891740503,0.0
t5666,0.0,0.0,0.0,0.0,0.0,0.0,0.0,0.0,0.0,28188.914763046207,0.0
t5667,0.0,0.0,0.0,0.0,0.0,0.0,0.0,0.0,0.0,23620.43122085699,0.0
t5668,0.0,0.0,0.0,0.0,0.0,0.0,0.0,0.0,0.0,19695.383117025605,0.0
t5669,0.0,0.0,0.0,0.0,0.0,0.0,0.0,0.0,0.0,16707.312585688574,0.0
t5670,0.0,0.0,0.0,0.0,0.0,0.0,0.0,0.0,0.0,13046.846467752533,0.0
t5671,0.0,0.0,0.0,0.0,0.0,0.0,0.0,0.0,0.0,7737.060657986306,0.0
t5672,0.0,0.0,0.0,0.0,0.0,0.0,0.0,0.0,0.0,2610.543522288138,0.0
t5673,0.0,0.0,0.0,0.0,0.0,0.0,0.0,0.0,0.0,0.0,0.0
t5674,0.0,0.0,0.0,0.0,0.0,0.0,0.0,0.0,0.0,4642.702119945347,0.0
t5675,0.0,0.0,0.0,0.0,0.0,0.0,0.0,0.0,0.0,15479.60957480778,0.0
t5676,0.0,0.0,0.0,0.0,0.0,0.0,0.0,0.0,0.0,35850.53583244006,0.0
t5677,0.0,0.0,0.0,0.0,0.0,0.0,0.0,0.0,0.0,56266.28009663778,0.0
t5678,0.0,0.0,0.0,0.0,0.0,0.0,0.0,0.0,0.0,73097.08041276484,0.0
t5679,0.0,0.0,0.0,0.0,0.0,0.0,0.0,0.0,0.0,90282.11419396568,0.0
t5680,0.0,0.0,0.0,0.0,0.0,0.0,0.0,0.0,0.0,106446.68400437334,0.0
t5681,0.0,0.0,0.0,0.0,0.0,0.0,0.0,0.0,0.0,121842.41551471232,0.0
t5682,0.0,0.0,0.0,0.0,0.0,0.0,0.0,0.0,0.0,135207.92471073763,0.0
t5683,0.0,0.0,0.0,0.0,0.0,0.0,0.0,0.0,0.0,139499.21387929076,0.0
t5684,0.0,0.0,0.0,0.0,0.0,0.0,0.0,0.0,0.0,128794.35689324135,0.0
t5685,0.0,0.0,0.0,0.0,0.0,0.0,0.0,0.0,0.0,107688.52571197035,0.0
t5686,0.0,0.0,0.0,0.0,0.0,0.0,0.0,0.0,0.0,83521.12006818294,0.0
t5687,0.0,0.0,0.0,0.0,0.0,0.0,0.0,0.0,0.0,67325.72967152025,0.0
t5688,0.0,0.0,0.0,0.0,0.0,0.0,0.0,0.0,0.0,54332.828228228085,0.0
t5689,0.0,0.0,0.0,0.0,0.0,0.0,0.0,0.0,0.0,44998.38979730044,0.0
t5690,0.0,0.0,0.0,0.0,0.0,0.0,0.0,0.0,0.0,39636.47361800379,0.0
t5691,0.0,0.0,0.0,0.0,0.0,0.0,0.0,0.0,0.0,30967.22834975193,0.0
t5692,0.0,0.0,0.0,0.0,0.0,0.0,0.0,0.0,0.0,27686.133909908454,0.0
t5693,0.0,0.0,0.0,0.0,0.0,0.0,0.0,0.0,0.0,25240.478174424203,0.0
t5694,0.0,0.0,0.0,0.0,0.0,0.0,0.0,0.0,0.0,17415.077073131186,0.0
t5695,0.0,0.0,0.0,0.0,0.0,0.0,0.0,0.0,0.0,13927.002659041907,0.0
t5696,0.0,0.0,0.0,0.0,0.0,0.0,0.0,0.0,0.0,11597.22113152695,0.0
t5697,0.0,0.0,0.0,0.0,0.0,0.0,0.0,0.0,0.0,10964.603327738292,0.0
t5698,0.0,0.0,0.0,0.0,0.0,0.0,0.0,0.0,0.0,18550.472506883627,0.0
t5699,0.0,0.0,0.0,0.0,0.0,0.0,0.0,0.0,0.0,36133.13026767659,0.0
t5700,0.0,0.0,0.0,0.0,0.0,0.0,0.0,0.0,0.0,55366.463326920435,0.0
t5701,0.0,0.0,0.0,0.0,0.0,0.0,0.0,0.0,0.0,74992.90898713094,0.0
t5702,0.0,0.0,0.0,0.0,0.0,0.0,0.0,0.0,0.0,93847.60727046958,0.0
t5703,0.0,0.0,0.0,0.0,0.0,0.0,0.0,0.0,0.0,112965.00324895725,0.0
t5704,0.0,0.0,0.0,0.0,0.0,0.0,0.0,0.0,0.0,127631.78912183805,0.0
t5705,0.0,0.0,0.0,0.0,0.0,0.0,0.0,0.0,0.0,136295.04126367427,0.0
t5706,0.0,0.0,0.0,0.0,0.0,0.0,0.0,0.0,0.0,139499.21387929076,0.0
t5707,0.0,0.0,0.0,0.0,0.0,0.0,0.0,0.0,0.0,139499.21387929076,0.0
t5708,0.0,0.0,0.0,0.0,0.0,0.0,0.0,0.0,0.0,129825.2999671206,0.0
t5709,0.0,0.0,0.0,0.0,0.0,0.0,0.0,0.0,0.0,111047.63609773284,0.0
t5710,0.0,0.0,0.0,0.0,0.0,0.0,0.0,0.0,0.0,92914.72229877977,0.0
t5711,0.0,0.0,0.0,0.0,0.0,0.0,0.0,0.0,0.0,80453.16483391516,0.0
t5712,0.0,0.0,0.0,0.0,0.0,0.0,0.0,0.0,0.0,72749.67565906594,0.0
t5713,0.0,0.0,0.0,0.0,0.0,0.0,0.0,0.0,0.0,69123.51895754827,0.0
t5714,0.0,0.0,0.0,0.0,0.0,0.0,0.0,0.0,0.0,69123.51895754827,0.0
t5715,0.0,0.0,0.0,0.0,0.0,0.0,0.0,0.0,0.0,69123.51895754827,0.0
t5716,0.0,0.0,0.0,0.0,0.0,0.0,0.0,0.0,0.0,69123.51895754827,0.0
t5717,0.0,0.0,0.0,0.0,0.0,0.0,0.0,0.0,0.0,69123.51895754827,0.0
t5718,0.0,0.0,0.0,0.0,0.0,0.0,0.0,0.0,0.0,67398.14989822562,0.0
t5719,0.0,0.0,0.0,0.0,0.0,0.0,0.0,0.0,0.0,59391.66854937482,0.0
t5720,0.0,0.0,0.0,0.0,0.0,0.0,0.0,0.0,0.0,50556.399341076954,0.0
t5721,0.0,0.0,0.0,0.0,0.0,0.0,0.0,0.0,0.0,50556.399341076954,0.0
t5722,0.0,0.0,0.0,0.0,0.0,0.0,0.0,0.0,0.0,59134.05101700916,0.0
t5723,0.0,0.0,0.0,0.0,0.0,0.0,0.0,0.0,0.0,75456.88684688172,0.0
t5724,0.0,0.0,0.0,0.0,0.0,0.0,0.0,0.0,0.0,92637.87882427403,0.0
t5725,0.0,0.0,0.0,0.0,0.0,0.0,0.0,0.0,0.0,108274.2369392969,0.0
t5726,0.0,0.0,0.0,0.0,0.0,0.0,0.0,0.0,0.0,120572.21333299154,0.0
t5727,0.0,0.0,0.0,0.0,0.0,0.0,0.0,0.0,0.0,130846.76581566228,0.0
t5728,0.0,0.0,0.0,0.0,0.0,0.0,0.0,0.0,0.0,139499.21387929076,0.0
t5729,0.0,0.0,0.0,0.0,0.0,0.0,0.0,0.0,0.0,139499.21387929076,15176.532193034698
t5730,0.0,0.0,0.0,0.0,0.0,0.0,0.0,0.0,0.0,139499.21387929076,21242.949546113377
t5731,0.0,0.0,0.0,0.0,0.0,0.0,0.0,0.0,0.0,139499.21387929076,16244.391009082778
t5732,0.0,0.0,0.0,0.0,0.0,0.0,0.0,0.0,0.0,127488.56643786834,0.0
t5733,0.0,0.0,0.0,0.0,0.0,0.0,0.0,0.0,0.0,98459.76272504058,0.0
t5734,0.0,0.0,0.0,0.0,0.0,0.0,0.0,0.0,0.0,74127.31254505104,0.0
t5735,0.0,0.0,0.0,0.0,0.0,0.0,0.0,0.0,0.0,56319.855681058805,0.0
t5736,0.0,0.0,0.0,0.0,0.0,0.0,0.0,0.0,0.0,45089.36430280676,0.0
t5737,0.0,0.0,0.0,0.0,0.0,0.0,0.0,0.0,0.0,39760.411432189205,0.0
t5738,0.0,0.0,0.0,0.0,0.0,0.0,0.0,0.0,0.0,38757.59990610729,0.0
t5739,0.0,0.0,0.0,0.0,0.0,0.0,0.0,0.0,0.0,38757.59990610729,0.0
t5740,0.0,0.0,0.0,0.0,0.0,0.0,0.0,0.0,0.0,39618.00302818753,0.0
t5741,0.0,0.0,0.0,0.0,0.0,0.0,0.0,0.0,0.0,40890.375206400735,0.0
t5742,0.0,0.0,0.0,0.0,0.0,0.0,0.0,0.0,0.0,40890.375206400735,0.0
t5743,0.0,0.0,0.0,0.0,0.0,0.0,0.0,0.0,0.0,37060.905191655176,0.0
t5744,0.0,0.0,0.0,0.0,0.0,0.0,0.0,0.0,0.0,31088.72702973151,0.0
t5745,0.0,0.0,0.0,0.0,0.0,0.0,0.0,0.0,0.0,29400.461313993917,0.0
t5746,0.0,0.0,0.0,0.0,0.0,0.0,0.0,0.0,0.0,46031.54366780509,0.0
t5747,0.0,0.0,0.0,0.0,0.0,0.0,0.0,0.0,0.0,66235.58289418156,0.0
t5748,0.0,0.0,0.0,0.0,0.0,0.0,0.0,0.0,0.0,85460.60831849405,0.0
t5749,0.0,0.0,0.0,0.0,0.0,0.0,0.0,0.0,0.0,102676.56378740992,0.0
t5750,0.0,0.0,0.0,0.0,0.0,0.0,0.0,0.0,0.0,113059.38509619866,0.0
t5751,0.0,0.0,0.0,0.0,0.0,0.0,0.0,0.0,0.0,124061.60265010568,0.0
t5752,0.0,0.0,0.0,0.0,0.0,0.0,0.0,0.0,0.0,129772.51958029401,0.0
t5753,0.0,0.0,0.0,0.0,0.0,0.0,0.0,0.0,0.0,130878.07865909828,0.0
t5754,0.0,0.0,0.0,0.0,0.0,0.0,0.0,0.0,0.0,128270.40500518764,0.0
t5755,0.0,0.0,0.0,0.0,0.0,0.0,0.0,0.0,0.0,118906.08048230283,0.0
t5756,0.0,0.0,0.0,0.0,0.0,0.0,0.0,0.0,0.0,96038.87114291175,0.0
t5757,0.0,0.0,0.0,0.0,0.0,0.0,0.0,0.0,0.0,65326.71347149323,0.0
t5758,0.0,0.0,0.0,0.0,0.0,0.0,0.0,0.0,0.0,39149.6966321098,0.0
t5759,0.0,0.0,0.0,0.0,0.0,0.0,0.0,0.0,0.0,20447.005447557945,0.0
t5760,0.0,0.0,0.0,0.0,0.0,0.0,0.0,0.0,0.0,9636.714692106341,0.0
t5761,0.0,0.0,0.0,0.0,0.0,0.0,0.0,0.0,0.0,4918.622622454544,0.0
t5762,0.0,0.0,0.0,0.0,0.0,0.0,0.0,0.0,0.0,4710.708684316547,0.0
t5763,0.0,0.0,0.0,0.0,0.0,0.0,0.0,0.0,0.0,5082.707330931946,0.0
t5764,0.0,0.0,0.0,0.0,0.0,0.0,0.0,0.0,0.0,7135.6710041896295,0.0
t5765,0.0,0.0,0.0,0.0,0.0,0.0,0.0,0.0,0.0,9318.65283059743,0.0
t5766,0.0,0.0,0.0,0.0,0.0,0.0,0.0,0.0,0.0,9318.65283059743,0.0
t5767,0.0,0.0,0.0,0.0,0.0,0.0,0.0,0.0,0.0,5618.729891960133,0.0
t5768,0.0,0.0,0.0,0.0,0.0,0.0,0.0,0.0,0.0,0.0,0.0
t5769,0.0,0.0,0.0,0.0,0.0,0.0,0.0,0.0,0.0,0.0,0.0
t5770,0.0,0.0,0.0,0.0,0.0,0.0,0.0,0.0,0.0,6749.381758111104,0.0
t5771,0.0,0.0,0.0,0.0,0.0,0.0,0.0,0.0,0.0,29654.02134932623,0.0
t5772,0.0,0.0,0.0,0.0,0.0,0.0,0.0,0.0,0.0,49875.30251301262,0.0
t5773,0.0,0.0,0.0,0.0,0.0,0.0,0.0,0.0,0.0,67562.14087847577,0.0
t5774,0.0,0.0,0.0,0.0,0.0,0.0,0.0,0.0,0.0,87048.89886495721,0.0
t5775,0.0,0.0,0.0,0.0,0.0,0.0,0.0,0.0,0.0,100110.68790895592,0.0
t5776,0.0,0.0,0.0,0.0,0.0,0.0,0.0,0.0,0.0,118188.44242777785,0.0
t5777,0.0,0.0,0.0,0.0,0.0,0.0,0.0,0.0,0.0,125588.4836870216,0.0
t5778,0.0,0.0,0.0,0.0,0.0,0.0,0.0,0.0,0.0,131955.86726801435,0.0
t5779,0.0,0.0,0.0,0.0,0.0,0.0,0.0,0.0,0.0,131955.86726801435,0.0
t5780,0.0,0.0,0.0,0.0,0.0,0.0,0.0,0.0,0.0,115298.11412472831,0.0
t5781,0.0,0.0,0.0,0.0,0.0,0.0,0.0,0.0,0.0,83761.73647061473,0.0
t5782,0.0,0.0,0.0,0.0,0.0,0.0,0.0,0.0,0.0,56484.225675967275,0.0
t5783,0.0,0.0,0.0,0.0,0.0,0.0,0.0,0.0,0.0,36970.40288974205,0.0
t5784,0.0,0.0,0.0,0.0,0.0,0.0,0.0,0.0,0.0,24744.7951495705,0.0
t5785,0.0,0.0,0.0,0.0,0.0,0.0,0.0,0.0,0.0,18220.51504898056,0.0
t5786,0.0,0.0,0.0,0.0,0.0,0.0,0.0,0.0,0.0,15676.639555491627,0.0
t5787,0.0,0.0,0.0,0.0,0.0,0.0,0.0,0.0,0.0,15897.488206770518,0.0
t5788,0.0,0.0,0.0,0.0,0.0,0.0,0.0,0.0,0.0,15897.488206770518,0.0
t5789,0.0,0.0,0.0,0.0,0.0,0.0,0.0,0.0,0.0,15897.488206770518,0.0
t5790,0.0,0.0,0.0,0.0,0.0,0.0,0.0,0.0,0.0,15897.488206770518,0.0
t5791,0.0,0.0,0.0,0.0,0.0,0.0,0.0,0.0,0.0,11155.022115134398,0.0
t5792,0.0,0.0,0.0,0.0,0.0,0.0,0.0,0.0,0.0,4451.068581375446,0.0
t5793,0.0,0.0,0.0,0.0,0.0,0.0,0.0,0.0,0.0,11982.445896631421,0.0
t5794,0.0,0.0,0.0,0.0,0.0,0.0,0.0,0.0,0.0,26395.38803609041,0.0
t5795,0.0,0.0,0.0,0.0,0.0,0.0,0.0,0.0,0.0,47584.38501996473,0.0
t5796,0.0,0.0,0.0,0.0,0.0,0.0,0.0,0.0,0.0,76893.08544932972,0.0
t5797,0.0,0.0,0.0,0.0,0.0,0.0,0.0,0.0,0.0,97287.90447280883,0.0
t5798,0.0,0.0,0.0,0.0,0.0,0.0,0.0,0.0,0.0,114665.2862588695,0.0
t5799,0.0,0.0,0.0,0.0,0.0,0.0,0.0,0.0,0.0,128580.3764238221,0.0
t5800,0.0,0.0,0.0,0.0,0.0,0.0,0.0,0.0,0.0,139499.21387929076,0.0
t5801,0.0,0.0,0.0,0.0,0.0,0.0,0.0,0.0,0.0,139499.21387929076,15396.097594672416
t5802,0.0,0.0,0.0,0.0,0.0,0.0,0.0,0.0,0.0,139499.21387929076,21608.27127352814
t5803,0.0,0.0,0.0,0.0,0.0,0.0,0.0,0.0,0.0,139499.21387929076,16825.126069536374
t5804,0.0,0.0,0.0,0.0,0.0,0.0,0.0,0.0,0.0,132989.30991854248,0.0
t5805,0.0,0.0,0.0,0.0,0.0,0.0,0.0,0.0,0.0,102013.2855653114,0.0
t5806,0.0,0.0,0.0,0.0,0.0,0.0,0.0,0.0,0.0,74677.21894981863,0.0
t5807,0.0,0.0,0.0,0.0,0.0,0.0,0.0,0.0,0.0,53666.681764957364,0.0
t5808,0.0,0.0,0.0,0.0,0.0,0.0,0.0,0.0,0.0,39446.70826873717,0.0
t5809,0.0,0.0,0.0,0.0,0.0,0.0,0.0,0.0,0.0,30242.94823331949,0.0
t5810,0.0,0.0,0.0,0.0,0.0,0.0,0.0,0.0,0.0,25224.479907475103,0.0
t5811,0.0,0.0,0.0,0.0,0.0,0.0,0.0,0.0,0.0,22447.240490687702,0.0
t5812,0.0,0.0,0.0,0.0,0.0,0.0,0.0,0.0,0.0,20679.65385581296,0.0
t5813,0.0,0.0,0.0,0.0,0.0,0.0,0.0,0.0,0.0,19592.430087029472,0.0
t5814,0.0,0.0,0.0,0.0,0.0,0.0,0.0,0.0,0.0,16382.284102265772,0.0
t5815,0.0,0.0,0.0,0.0,0.0,0.0,0.0,0.0,0.0,9124.79131641623,0.0
t5816,0.0,0.0,0.0,0.0,0.0,0.0,0.0,0.0,0.0,763.1254340235173,0.0
t5817,0.0,0.0,0.0,0.0,0.0,0.0,0.0,0.0,0.0,0.0,0.0
t5818,0.0,0.0,0.0,0.0,0.0,0.0,0.0,0.0,0.0,12356.411150691498,0.0
t5819,0.0,0.0,0.0,0.0,0.0,0.0,0.0,0.0,0.0,20621.396025490474,0.0
t5820,0.0,0.0,0.0,0.0,0.0,0.0,0.0,0.0,0.0,33365.01557268142,0.0
t5821,0.0,0.0,0.0,0.0,0.0,0.0,0.0,0.0,0.0,54299.432205940655,0.0
t5822,0.0,0.0,0.0,0.0,0.0,0.0,0.0,0.0,0.0,73906.05680561264,0.0
t5823,0.0,0.0,0.0,0.0,0.0,0.0,0.0,0.0,0.0,82425.13855119841,0.0
t5824,0.0,0.0,0.0,0.0,0.0,0.0,0.0,0.0,0.0,97867.50258199376,0.0
t5825,0.0,0.0,0.0,0.0,0.0,0.0,0.0,0.0,0.0,111396.96875265645,0.0
t5826,0.0,0.0,0.0,0.0,0.0,0.0,0.0,0.0,0.0,118037.6452284832,0.0
t5827,0.0,0.0,0.0,0.0,0.0,0.0,0.0,0.0,0.0,118037.6452284832,0.0
t5828,0.0,0.0,0.0,0.0,0.0,0.0,0.0,0.0,0.0,104046.40945230708,0.0
t5829,0.0,0.0,0.0,0.0,0.0,0.0,0.0,0.0,0.0,78815.4526573051,0.0
t5830,0.0,0.0,0.0,0.0,0.0,0.0,0.0,0.0,0.0,57208.751680866335,0.0
t5831,0.0,0.0,0.0,0.0,0.0,0.0,0.0,0.0,0.0,40501.15600595322,0.0
t5832,0.0,0.0,0.0,0.0,0.0,0.0,0.0,0.0,0.0,27441.427438005136,0.0
t5833,0.0,0.0,0.0,0.0,0.0,0.0,0.0,0.0,0.0,17897.643913041768,0.0
t5834,0.0,0.0,0.0,0.0,0.0,0.0,0.0,0.0,0.0,12324.551862251508,0.0
t5835,0.0,0.0,0.0,0.0,0.0,0.0,0.0,0.0,0.0,9138.01248609884,0.0
t5836,0.0,0.0,0.0,0.0,0.0,0.0,0.0,0.0,0.0,7291.437171186553,0.0
t5837,0.0,0.0,0.0,0.0,0.0,0.0,0.0,0.0,0.0,6061.777036502456,0.0
t5838,0.0,0.0,0.0,0.0,0.0,0.0,0.0,0.0,0.0,4801.305646365388,0.0
t5839,0.0,0.0,0.0,0.0,0.0,0.0,0.0,0.0,0.0,2508.9630580102316,0.0
t5840,0.0,0.0,0.0,0.0,0.0,0.0,0.0,0.0,0.0,0.0,0.0
t5841,0.0,0.0,0.0,0.0,0.0,0.0,0.0,0.0,0.0,0.0,0.0
t5842,0.0,0.0,0.0,0.0,0.0,0.0,0.0,0.0,0.0,9342.186401207582,0.0
t5843,0.0,0.0,0.0,0.0,0.0,0.0,0.0,0.0,0.0,26087.293458049156,0.0
t5844,0.0,0.0,0.0,0.0,0.0,0.0,0.0,0.0,0.0,44091.04491026576,0.0
t5845,0.0,0.0,0.0,0.0,0.0,0.0,0.0,0.0,0.0,64737.40806283356,0.0
t5846,0.0,0.0,0.0,0.0,0.0,0.0,0.0,0.0,0.0,83712.09845173905,0.0
t5847,0.0,0.0,0.0,0.0,0.0,0.0,0.0,0.0,0.0,101532.72915792523,0.0
t5848,0.0,0.0,0.0,0.0,0.0,0.0,0.0,0.0,0.0,120570.63629223271,0.0
t5849,0.0,0.0,0.0,0.0,0.0,0.0,0.0,0.0,0.0,132378.01199841494,0.0
t5850,0.0,0.0,0.0,0.0,0.0,0.0,0.0,0.0,0.0,136145.07646785708,0.0
t5851,0.0,0.0,0.0,0.0,0.0,0.0,0.0,0.0,0.0,127844.9933858839,0.0
t5852,0.0,0.0,0.0,0.0,0.0,0.0,0.0,0.0,0.0,109579.88854766625,0.0
t5853,0.0,0.0,0.0,0.0,0.0,0.0,0.0,0.0,0.0,83306.95133133463,0.0
t5854,0.0,0.0,0.0,0.0,0.0,0.0,0.0,0.0,0.0,60650.164784040404,0.0
t5855,0.0,0.0,0.0,0.0,0.0,0.0,0.0,0.0,0.0,42052.31421147946,0.0
t5856,0.0,0.0,0.0,0.0,0.0,0.0,0.0,0.0,0.0,29422.327905634953,0.0
t5857,0.0,0.0,0.0,0.0,0.0,0.0,0.0,0.0,0.0,20090.612553857016,0.0
t5858,0.0,0.0,0.0,0.0,0.0,0.0,0.0,0.0,0.0,13654.90127582951,0.0
t5859,0.0,0.0,0.0,0.0,0.0,0.0,0.0,0.0,0.0,10030.083775525585,0.0
t5860,0.0,0.0,0.0,0.0,0.0,0.0,0.0,0.0,0.0,7967.490493777284,0.0
t5861,0.0,0.0,0.0,0.0,0.0,0.0,0.0,0.0,0.0,6489.131419586907,0.0
t5862,0.0,0.0,0.0,0.0,0.0,0.0,0.0,0.0,0.0,5041.008185955152,0.0
t5863,0.0,0.0,0.0,0.0,0.0,0.0,0.0,0.0,0.0,2536.958957841243,0.0
t5864,0.0,0.0,0.0,0.0,0.0,0.0,0.0,0.0,0.0,0.0,0.0
t5865,0.0,0.0,0.0,0.0,0.0,0.0,0.0,0.0,0.0,0.0,0.0
t5866,0.0,0.0,0.0,0.0,0.0,0.0,0.0,0.0,0.0,9649.088936141487,0.0
t5867,0.0,0.0,0.0,0.0,0.0,0.0,0.0,0.0,0.0,28419.114056024482,0.0
t5868,0.0,0.0,0.0,0.0,0.0,0.0,0.0,0.0,0.0,51304.44114491817,0.0
t5869,0.0,0.0,0.0,0.0,0.0,0.0,0.0,0.0,0.0,70334.43499639232,0.0
t5870,0.0,0.0,0.0,0.0,0.0,0.0,0.0,0.0,0.0,89513.21198849594,0.0
t5871,0.0,0.0,0.0,0.0,0.0,0.0,0.0,0.0,0.0,107587.15189784428,0.0
t5872,0.0,0.0,0.0,0.0,0.0,0.0,0.0,0.0,0.0,122648.70547001493,0.0
t5873,0.0,0.0,0.0,0.0,0.0,0.0,0.0,0.0,0.0,133988.25671662763,0.0
t5874,0.0,0.0,0.0,0.0,0.0,0.0,0.0,0.0,0.0,139499.21387929076,0.0
t5875,0.0,0.0,0.0,0.0,0.0,0.0,0.0,0.0,0.0,139499.21387929076,0.0
t5876,0.0,0.0,0.0,0.0,0.0,0.0,0.0,0.0,0.0,123551.54846881605,0.0
t5877,0.0,0.0,0.0,0.0,0.0,0.0,0.0,0.0,0.0,94899.65923024854,0.0
t5878,0.0,0.0,0.0,0.0,0.0,0.0,0.0,0.0,0.0,69476.79501193631,0.0
t5879,0.0,0.0,0.0,0.0,0.0,0.0,0.0,0.0,0.0,49314.089514663356,0.0
t5880,0.0,0.0,0.0,0.0,0.0,0.0,0.0,0.0,0.0,34010.22666435021,0.0
t5881,0.0,0.0,0.0,0.0,0.0,0.0,0.0,0.0,0.0,23385.702154870964,0.0
t5882,0.0,0.0,0.0,0.0,0.0,0.0,0.0,0.0,0.0,15961.935833080377,0.0
t5883,0.0,0.0,0.0,0.0,0.0,0.0,0.0,0.0,0.0,11612.13974403232,0.0
t5884,0.0,0.0,0.0,0.0,0.0,0.0,0.0,0.0,0.0,8800.603603798729,0.0
t5885,0.0,0.0,0.0,0.0,0.0,0.0,0.0,0.0,0.0,6365.015468551479,0.0
t5886,0.0,0.0,0.0,0.0,0.0,0.0,0.0,0.0,0.0,4331.643708358799,0.0
t5887,0.0,0.0,0.0,0.0,0.0,0.0,0.0,0.0,0.0,1634.0334583569966,0.0
t5888,0.0,0.0,0.0,0.0,0.0,0.0,0.0,0.0,0.0,0.0,0.0
t5889,0.0,0.0,0.0,0.0,0.0,0.0,0.0,0.0,0.0,2569.939483963294,0.0
t5890,0.0,0.0,0.0,0.0,0.0,0.0,0.0,0.0,0.0,14077.07927355888,0.0
t5891,0.0,0.0,0.0,0.0,0.0,0.0,0.0,0.0,0.0,36589.412500073595,0.0
t5892,0.0,0.0,0.0,0.0,0.0,0.0,0.0,0.0,0.0,59442.63421518034,0.0
t5893,0.0,0.0,0.0,0.0,0.0,0.0,0.0,0.0,0.0,80446.81791865855,0.0
t5894,0.0,0.0,0.0,0.0,0.0,0.0,0.0,0.0,0.0,97310.94754008492,0.0
t5895,0.0,0.0,0.0,0.0,0.0,0.0,0.0,0.0,0.0,111219.20066070351,0.0
t5896,0.0,0.0,0.0,0.0,0.0,0.0,0.0,0.0,0.0,124026.30688925248,0.0
t5897,0.0,0.0,0.0,0.0,0.0,0.0,0.0,0.0,0.0,134333.24974980828,0.0
t5898,0.0,0.0,0.0,0.0,0.0,0.0,0.0,0.0,0.0,139499.21387929076,0.0
t5899,0.0,0.0,0.0,0.0,0.0,0.0,0.0,0.0,0.0,139499.21387929076,0.0
t5900,0.0,0.0,0.0,0.0,0.0,0.0,0.0,0.0,0.0,125294.63789854324,0.0
t5901,0.0,0.0,0.0,0.0,0.0,0.0,0.0,0.0,0.0,96027.3031584475,0.0
t5902,0.0,0.0,0.0,0.0,0.0,0.0,0.0,0.0,0.0,71816.05929662404,0.0
t5903,0.0,0.0,0.0,0.0,0.0,0.0,0.0,0.0,0.0,54382.99454209463,0.0
t5904,0.0,0.0,0.0,0.0,0.0,0.0,0.0,0.0,0.0,43795.987888828895,0.0
t5905,0.0,0.0,0.0,0.0,0.0,0.0,0.0,0.0,0.0,38681.37329991049,0.0
t5906,0.0,0.0,0.0,0.0,0.0,0.0,0.0,0.0,0.0,36006.97818254552,0.0
t5907,0.0,0.0,0.0,0.0,0.0,0.0,0.0,0.0,0.0,35879.79479748328,0.0
t5908,0.0,0.0,0.0,0.0,0.0,0.0,0.0,0.0,0.0,35180.00387626724,0.0
t5909,0.0,0.0,0.0,0.0,0.0,0.0,0.0,0.0,0.0,34595.481572618424,0.0
t5910,0.0,0.0,0.0,0.0,0.0,0.0,0.0,0.0,0.0,31576.86013019479,0.0
t5911,0.0,0.0,0.0,0.0,0.0,0.0,0.0,0.0,0.0,23130.342004546765,0.0
t5912,0.0,0.0,0.0,0.0,0.0,0.0,0.0,0.0,0.0,13041.131179975113,0.0
t5913,0.0,0.0,0.0,0.0,0.0,0.0,0.0,0.0,0.0,13867.917997000444,0.0
t5914,0.0,0.0,0.0,0.0,0.0,0.0,0.0,0.0,0.0,27804.516843111844,0.0
t5915,0.0,0.0,0.0,0.0,0.0,0.0,0.0,0.0,0.0,45261.76085600266,0.0
t5916,0.0,0.0,0.0,0.0,0.0,0.0,0.0,0.0,0.0,70891.22868988274,0.0
t5917,0.0,0.0,0.0,0.0,0.0,0.0,0.0,0.0,0.0,94535.01929750144,0.0
t5918,0.0,0.0,0.0,0.0,0.0,0.0,0.0,0.0,0.0,114220.53104136768,0.0
t5919,0.0,0.0,0.0,0.0,0.0,0.0,0.0,0.0,0.0,124543.12798407911,0.0
t5920,0.0,0.0,0.0,0.0,0.0,0.0,0.0,0.0,0.0,139499.21387929076,0.0
t5921,0.0,0.0,0.0,0.0,0.0,0.0,0.0,0.0,0.0,139499.21387929076,13183.215853707497
t5922,0.0,0.0,0.0,0.0,0.0,0.0,0.0,0.0,0.0,139499.21387929076,17871.667077790444
t5923,0.0,0.0,0.0,0.0,0.0,0.0,0.0,0.0,0.0,139499.21387929076,6768.589656058233
t5924,0.0,0.0,0.0,0.0,0.0,0.0,0.0,0.0,0.0,121489.90443821889,0.0
t5925,0.0,0.0,0.0,0.0,0.0,0.0,0.0,0.0,0.0,87200.30875683726,0.0
t5926,0.0,0.0,0.0,0.0,0.0,0.0,0.0,0.0,0.0,59984.82506098404,0.0
t5927,0.0,0.0,0.0,0.0,0.0,0.0,0.0,0.0,0.0,39195.376013887755,0.0
t5928,0.0,0.0,0.0,0.0,0.0,0.0,0.0,0.0,0.0,25084.494112431894,0.0
t5929,0.0,0.0,0.0,0.0,0.0,0.0,0.0,0.0,0.0,17971.23691513282,0.0
t5930,0.0,0.0,0.0,0.0,0.0,0.0,0.0,0.0,0.0,15812.59596173864,0.0
t5931,0.0,0.0,0.0,0.0,0.0,0.0,0.0,0.0,0.0,15812.59596173864,0.0
t5932,0.0,0.0,0.0,0.0,0.0,0.0,0.0,0.0,0.0,15812.59596173864,0.0
t5933,0.0,0.0,0.0,0.0,0.0,0.0,0.0,0.0,0.0,15812.59596173864,0.0
t5934,0.0,0.0,0.0,0.0,0.0,0.0,0.0,0.0,0.0,14248.77175329635,0.0
t5935,0.0,0.0,0.0,0.0,0.0,0.0,0.0,0.0,0.0,7710.540848752603,0.0
t5936,0.0,0.0,0.0,0.0,0.0,0.0,0.0,0.0,0.0,0.0,0.0
t5937,0.0,0.0,0.0,0.0,0.0,0.0,0.0,0.0,0.0,1858.1032372989496,0.0
t5938,0.0,0.0,0.0,0.0,0.0,0.0,0.0,0.0,0.0,17184.62487225561,0.0
t5939,0.0,0.0,0.0,0.0,0.0,0.0,0.0,0.0,0.0,40518.869694247376,0.0
t5940,0.0,0.0,0.0,0.0,0.0,0.0,0.0,0.0,0.0,61368.90460746601,0.0
t5941,0.0,0.0,0.0,0.0,0.0,0.0,0.0,0.0,0.0,86902.82125105729,0.0
t5942,0.0,0.0,0.0,0.0,0.0,0.0,0.0,0.0,0.0,107961.89982056968,0.0
t5943,0.0,0.0,0.0,0.0,0.0,0.0,0.0,0.0,0.0,124707.13556158684,0.0
t5944,0.0,0.0,0.0,0.0,0.0,0.0,0.0,0.0,0.0,139499.21387929076,0.0
t5945,0.0,0.0,0.0,0.0,0.0,0.0,0.0,0.0,0.0,139499.21387929076,14728.65010660795
t5946,0.0,0.0,0.0,0.0,0.0,0.0,0.0,0.0,0.0,139499.21387929076,19762.980072017977
t5947,0.0,0.0,0.0,0.0,0.0,0.0,0.0,0.0,0.0,139499.21387929076,6996.3335471184
t5948,0.0,0.0,0.0,0.0,0.0,0.0,0.0,0.0,0.0,122112.04319068177,0.0
t5949,0.0,0.0,0.0,0.0,0.0,0.0,0.0,0.0,0.0,90077.81767775514,0.0
t5950,0.0,0.0,0.0,0.0,0.0,0.0,0.0,0.0,0.0,63175.13143246251,0.0
t5951,0.0,0.0,0.0,0.0,0.0,0.0,0.0,0.0,0.0,42287.54395669263,0.0
t5952,0.0,0.0,0.0,0.0,0.0,0.0,0.0,0.0,0.0,29760.519049063667,0.0
t5953,0.0,0.0,0.0,0.0,0.0,0.0,0.0,0.0,0.0,22868.703728236207,0.0
t5954,0.0,0.0,0.0,0.0,0.0,0.0,0.0,0.0,0.0,19639.007011687616,0.0
t5955,0.0,0.0,0.0,0.0,0.0,0.0,0.0,0.0,0.0,18152.3482098974,0.0
t5956,0.0,0.0,0.0,0.0,0.0,0.0,0.0,0.0,0.0,18152.3482098974,0.0
t5957,0.0,0.0,0.0,0.0,0.0,0.0,0.0,0.0,0.0,18152.3482098974,0.0
t5958,0.0,0.0,0.0,0.0,0.0,0.0,0.0,0.0,0.0,16017.926112915633,0.0
t5959,0.0,0.0,0.0,0.0,0.0,0.0,0.0,0.0,0.0,8949.24839712007,0.0
t5960,0.0,0.0,0.0,0.0,0.0,0.0,0.0,0.0,0.0,0.0,0.0
t5961,0.0,0.0,0.0,0.0,0.0,0.0,0.0,0.0,0.0,3864.6108289419826,0.0
t5962,0.0,0.0,0.0,0.0,0.0,0.0,0.0,0.0,0.0,20666.807150945337,0.0
t5963,0.0,0.0,0.0,0.0,0.0,0.0,0.0,0.0,0.0,45561.1305162938,0.0
t5964,0.0,0.0,0.0,0.0,0.0,0.0,0.0,0.0,0.0,70486.64676599196,0.0
t5965,0.0,0.0,0.0,0.0,0.0,0.0,0.0,0.0,0.0,88623.11605603542,0.0
t5966,0.0,0.0,0.0,0.0,0.0,0.0,0.0,0.0,0.0,108448.04640693445,0.0
t5967,0.0,0.0,0.0,0.0,0.0,0.0,0.0,0.0,0.0,125961.75474302076,0.0
t5968,0.0,0.0,0.0,0.0,0.0,0.0,0.0,0.0,0.0,139499.21387929076,0.0
t5969,0.0,0.0,0.0,0.0,0.0,0.0,0.0,0.0,0.0,139499.21387929076,10158.028126425763
t5970,0.0,0.0,0.0,0.0,0.0,0.0,0.0,0.0,0.0,139499.21387929076,13134.254052529577
t5971,0.0,0.0,0.0,0.0,0.0,0.0,0.0,0.0,0.0,139499.21387929076,1990.5350919760822
t5972,0.0,0.0,0.0,0.0,0.0,0.0,0.0,0.0,0.0,120047.76880203895,0.0
t5973,0.0,0.0,0.0,0.0,0.0,0.0,0.0,0.0,0.0,87542.02059811894,0.0
t5974,0.0,0.0,0.0,0.0,0.0,0.0,0.0,0.0,0.0,60079.376622974065,0.0
t5975,0.0,0.0,0.0,0.0,0.0,0.0,0.0,0.0,0.0,39349.262382460496,0.0
t5976,0.0,0.0,0.0,0.0,0.0,0.0,0.0,0.0,0.0,27379.80439836165,0.0
t5977,0.0,0.0,0.0,0.0,0.0,0.0,0.0,0.0,0.0,21370.23707798502,0.0
t5978,0.0,0.0,0.0,0.0,0.0,0.0,0.0,0.0,0.0,18505.113912468463,0.0
t5979,0.0,0.0,0.0,0.0,0.0,0.0,0.0,0.0,0.0,17400.10384422907,0.0
t5980,0.0,0.0,0.0,0.0,0.0,0.0,0.0,0.0,0.0,17243.75032765298,0.0
t5981,0.0,0.0,0.0,0.0,0.0,0.0,0.0,0.0,0.0,17243.75032765298,0.0
t5982,0.0,0.0,0.0,0.0,0.0,0.0,0.0,0.0,0.0,15154.501808602705,0.0
t5983,0.0,0.0,0.0,0.0,0.0,0.0,0.0,0.0,0.0,8533.978556983908,0.0
t5984,0.0,0.0,0.0,0.0,0.0,0.0,0.0,0.0,0.0,0.0,0.0
t5985,0.0,0.0,0.0,0.0,0.0,0.0,0.0,0.0,0.0,0.0,0.0
t5986,0.0,0.0,0.0,0.0,0.0,0.0,0.0,0.0,0.0,18168.850035345364,0.0
t5987,0.0,0.0,0.0,0.0,0.0,0.0,0.0,0.0,0.0,43651.3820376839,0.0
t5988,0.0,0.0,0.0,0.0,0.0,0.0,0.0,0.0,0.0,62612.41393753902,0.0
t5989,0.0,0.0,0.0,0.0,0.0,0.0,0.0,0.0,0.0,81552.51577166916,0.0
t5990,0.0,0.0,0.0,0.0,0.0,0.0,0.0,0.0,0.0,93495.6860114122,0.0
t5991,0.0,0.0,0.0,0.0,0.0,0.0,0.0,0.0,0.0,110498.13264158255,0.0
t5992,0.0,0.0,0.0,0.0,0.0,0.0,0.0,0.0,0.0,125437.30999757243,0.0
t5993,0.0,0.0,0.0,0.0,0.0,0.0,0.0,0.0,0.0,128509.78745683671,0.0
t5994,0.0,0.0,0.0,0.0,0.0,0.0,0.0,0.0,0.0,134852.13834130307,0.0
t5995,0.0,0.0,0.0,0.0,0.0,0.0,0.0,0.0,0.0,130620.6197627599,0.0
t5996,0.0,0.0,0.0,0.0,0.0,0.0,0.0,0.0,0.0,110338.89562208371,0.0
t5997,0.0,0.0,0.0,0.0,0.0,0.0,0.0,0.0,0.0,76974.34698668134,0.0
t5998,0.0,0.0,0.0,0.0,0.0,0.0,0.0,0.0,0.0,49847.80605153144,0.0
t5999,0.0,0.0,0.0,0.0,0.0,0.0,0.0,0.0,0.0,29359.907861542368,0.0
t6000,0.0,0.0,0.0,0.0,0.0,0.0,0.0,0.0,0.0,14488.490829172435,0.0
t6001,0.0,0.0,0.0,0.0,0.0,0.0,0.0,0.0,0.0,7136.248174596856,0.0
t6002,0.0,0.0,0.0,0.0,0.0,0.0,0.0,0.0,0.0,2221.4454881292395,0.0
t6003,0.0,0.0,0.0,0.0,0.0,0.0,0.0,0.0,0.0,0.0,0.0
t6004,0.0,0.0,0.0,0.0,0.0,0.0,0.0,0.0,0.0,0.0,0.0
t6005,0.0,0.0,0.0,0.0,0.0,0.0,0.0,0.0,0.0,0.0,0.0
t6006,0.0,0.0,0.0,0.0,0.0,0.0,0.0,0.0,0.0,0.0,0.0
t6007,0.0,0.0,0.0,0.0,0.0,0.0,0.0,0.0,0.0,0.0,0.0
t6008,0.0,0.0,0.0,0.0,0.0,0.0,0.0,0.0,0.0,0.0,0.0
t6009,0.0,0.0,0.0,0.0,0.0,0.0,0.0,0.0,0.0,0.0,0.0
t6010,0.0,0.0,0.0,0.0,0.0,0.0,0.0,0.0,0.0,6546.4145480192,0.0
t6011,0.0,0.0,0.0,0.0,0.0,0.0,0.0,0.0,0.0,22563.376734012953,0.0
t6012,0.0,0.0,0.0,0.0,0.0,0.0,0.0,0.0,0.0,42786.99498012336,0.0
t6013,0.0,0.0,0.0,0.0,0.0,0.0,0.0,0.0,0.0,61052.45044437605,0.0
t6014,0.0,0.0,0.0,0.0,0.0,0.0,0.0,0.0,0.0,78110.98604269483,0.0
t6015,0.0,0.0,0.0,0.0,0.0,0.0,0.0,0.0,0.0,96220.03538371717,0.0
t6016,0.0,0.0,0.0,0.0,0.0,0.0,0.0,0.0,0.0,114785.98051177977,0.0
t6017,0.0,0.0,0.0,0.0,0.0,0.0,0.0,0.0,0.0,130211.36613174218,0.0
t6018,0.0,0.0,0.0,0.0,0.0,0.0,0.0,0.0,0.0,139499.21387929076,0.0
t6019,0.0,0.0,0.0,0.0,0.0,0.0,0.0,0.0,0.0,139499.21387929076,0.0
t6020,0.0,0.0,0.0,0.0,0.0,0.0,0.0,0.0,0.0,123513.11432464108,0.0
t6021,0.0,0.0,0.0,0.0,0.0,0.0,0.0,0.0,0.0,95326.32251735858,0.0
t6022,0.0,0.0,0.0,0.0,0.0,0.0,0.0,0.0,0.0,70138.4433930537,0.0
t6023,0.0,0.0,0.0,0.0,0.0,0.0,0.0,0.0,0.0,49437.44535171887,0.0
t6024,0.0,0.0,0.0,0.0,0.0,0.0,0.0,0.0,0.0,34084.42391437813,0.0
t6025,0.0,0.0,0.0,0.0,0.0,0.0,0.0,0.0,0.0,24406.020401692367,0.0
t6026,0.0,0.0,0.0,0.0,0.0,0.0,0.0,0.0,0.0,18019.782237547726,0.0
t6027,0.0,0.0,0.0,0.0,0.0,0.0,0.0,0.0,0.0,13689.749330203886,0.0
t6028,0.0,0.0,0.0,0.0,0.0,0.0,0.0,0.0,0.0,11248.735640865143,0.0
t6029,0.0,0.0,0.0,0.0,0.0,0.0,0.0,0.0,0.0,9715.968853837932,0.0
t6030,0.0,0.0,0.0,0.0,0.0,0.0,0.0,0.0,0.0,8262.483578880936,0.0
t6031,0.0,0.0,0.0,0.0,0.0,0.0,0.0,0.0,0.0,6205.836725133437,0.0
t6032,0.0,0.0,0.0,0.0,0.0,0.0,0.0,0.0,0.0,0.0,0.0
t6033,0.0,0.0,0.0,0.0,0.0,0.0,0.0,0.0,0.0,1639.2998171689069,0.0
t6034,0.0,0.0,0.0,0.0,0.0,0.0,0.0,0.0,0.0,19502.211524310846,0.0
t6035,0.0,0.0,0.0,0.0,0.0,0.0,0.0,0.0,0.0,47546.42425780444,0.0
t6036,0.0,0.0,0.0,0.0,0.0,0.0,0.0,0.0,0.0,79631.24345004132,0.0
t6037,0.0,0.0,0.0,0.0,0.0,0.0,0.0,0.0,0.0,110978.30634482685,0.0
t6038,0.0,0.0,0.0,0.0,0.0,0.0,0.0,0.0,0.0,139366.2420613675,0.0
t6039,0.0,0.0,0.0,0.0,0.0,0.0,0.0,0.0,0.0,139499.21387929076,26961.097084282876
t6040,0.0,0.0,0.0,0.0,0.0,0.0,0.0,0.0,0.0,139499.21387929076,43289.52210004695
t6041,0.0,0.0,0.0,0.0,0.0,0.0,0.0,0.0,0.0,139499.21387929076,49462.27647473244
t6042,0.0,0.0,0.0,0.0,0.0,0.0,0.0,0.0,0.0,139499.21387929076,45968.33625064976
t6043,0.0,0.0,0.0,0.0,0.0,0.0,0.0,0.0,0.0,139499.21387929076,34476.25218798732
t6044,0.0,0.0,0.0,0.0,0.0,0.0,0.0,0.0,0.0,138700.54613502626,0.0
t6045,0.0,0.0,0.0,0.0,0.0,0.0,0.0,0.0,0.0,108430.7164513307,0.0
t6046,0.0,0.0,0.0,0.0,0.0,0.0,0.0,0.0,0.0,83203.6847203349,0.0
t6047,0.0,0.0,0.0,0.0,0.0,0.0,0.0,0.0,0.0,63967.22228048084,0.0
t6048,0.0,0.0,0.0,0.0,0.0,0.0,0.0,0.0,0.0,51239.43724329584,0.0
t6049,0.0,0.0,0.0,0.0,0.0,0.0,0.0,0.0,0.0,43139.02153895272,0.0
t6050,0.0,0.0,0.0,0.0,0.0,0.0,0.0,0.0,0.0,38291.75828864768,0.0
t6051,0.0,0.0,0.0,0.0,0.0,0.0,0.0,0.0,0.0,35370.54585635533,0.0
t6052,0.0,0.0,0.0,0.0,0.0,0.0,0.0,0.0,0.0,33028.72018990936,0.0
t6053,0.0,0.0,0.0,0.0,0.0,0.0,0.0,0.0,0.0,30192.278079809224,0.0
t6054,0.0,0.0,0.0,0.0,0.0,0.0,0.0,0.0,0.0,24608.088122772053,0.0
t6055,0.0,0.0,0.0,0.0,0.0,0.0,0.0,0.0,0.0,13400.626490667019,0.0
t6056,0.0,0.0,0.0,0.0,0.0,0.0,0.0,0.0,0.0,0.0,0.0
t6057,0.0,0.0,0.0,0.0,0.0,0.0,0.0,0.0,0.0,0.0,0.0
t6058,0.0,0.0,0.0,0.0,0.0,0.0,0.0,0.0,0.0,11648.473666246227,0.0
t6059,0.0,0.0,0.0,0.0,0.0,0.0,0.0,0.0,0.0,32139.360508455342,0.0
t6060,0.0,0.0,0.0,0.0,0.0,0.0,0.0,0.0,0.0,56333.120777610995,0.0
t6061,0.0,0.0,0.0,0.0,0.0,0.0,0.0,0.0,0.0,79117.27853623289,0.0
t6062,0.0,0.0,0.0,0.0,0.0,0.0,0.0,0.0,0.0,98605.96926115241,0.0
t6063,0.0,0.0,0.0,0.0,0.0,0.0,0.0,0.0,0.0,115277.87297695667,0.0
t6064,0.0,0.0,0.0,0.0,0.0,0.0,0.0,0.0,0.0,129910.18290957385,0.0
t6065,0.0,0.0,0.0,0.0,0.0,0.0,0.0,0.0,0.0,139499.21387929076,0.0
t6066,0.0,0.0,0.0,0.0,0.0,0.0,0.0,0.0,0.0,139499.21387929076,3005.088092119033
t6067,0.0,0.0,0.0,0.0,0.0,0.0,0.0,0.0,0.0,139499.21387929076,743.2940094766091
t6068,0.0,0.0,0.0,0.0,0.0,0.0,0.0,0.0,0.0,126371.20939758274,0.0
t6069,0.0,0.0,0.0,0.0,0.0,0.0,0.0,0.0,0.0,97468.23578744598,0.0
t6070,0.0,0.0,0.0,0.0,0.0,0.0,0.0,0.0,0.0,72452.64531665356,0.0
t6071,0.0,0.0,0.0,0.0,0.0,0.0,0.0,0.0,0.0,53599.0197713514,0.0
t6072,0.0,0.0,0.0,0.0,0.0,0.0,0.0,0.0,0.0,41545.26756101725,0.0
t6073,0.0,0.0,0.0,0.0,0.0,0.0,0.0,0.0,0.0,34404.691096476716,0.0
t6074,0.0,0.0,0.0,0.0,0.0,0.0,0.0,0.0,0.0,30126.576732301302,0.0
t6075,0.0,0.0,0.0,0.0,0.0,0.0,0.0,0.0,0.0,27826.48219413059,0.0
t6076,0.0,0.0,0.0,0.0,0.0,0.0,0.0,0.0,0.0,26807.484857734187,0.0
t6077,0.0,0.0,0.0,0.0,0.0,0.0,0.0,0.0,0.0,25497.971897208652,0.0
t6078,0.0,0.0,0.0,0.0,0.0,0.0,0.0,0.0,0.0,21489.867978035243,0.0
t6079,0.0,0.0,0.0,0.0,0.0,0.0,0.0,0.0,0.0,12284.335495504813,0.0
t6080,0.0,0.0,0.0,0.0,0.0,0.0,0.0,0.0,0.0,0.0,0.0
t6081,0.0,0.0,0.0,0.0,0.0,0.0,0.0,0.0,0.0,0.0,0.0
t6082,0.0,0.0,0.0,0.0,0.0,0.0,0.0,0.0,0.0,12219.545805368747,0.0
t6083,0.0,0.0,0.0,0.0,0.0,0.0,0.0,0.0,0.0,33318.41127266605,0.0
t6084,0.0,0.0,0.0,0.0,0.0,0.0,0.0,0.0,0.0,57847.46790089145,0.0
t6085,0.0,0.0,0.0,0.0,0.0,0.0,0.0,0.0,0.0,81090.05784957971,0.0
t6086,0.0,0.0,0.0,0.0,0.0,0.0,0.0,0.0,0.0,100778.5910204598,0.0
t6087,0.0,0.0,0.0,0.0,0.0,0.0,0.0,0.0,0.0,117281.53484877726,0.0
t6088,0.0,0.0,0.0,0.0,0.0,0.0,0.0,0.0,0.0,130184.08410930564,0.0
t6089,0.0,0.0,0.0,0.0,0.0,0.0,0.0,0.0,0.0,139499.21387929076,0.0
t6090,0.0,0.0,0.0,0.0,0.0,0.0,0.0,0.0,0.0,139499.21387929076,4865.009469263956
t6091,0.0,0.0,0.0,0.0,0.0,0.0,0.0,0.0,0.0,139499.21387929076,1175.3448131089244
t6092,0.0,0.0,0.0,0.0,0.0,0.0,0.0,0.0,0.0,124479.50434262329,0.0
t6093,0.0,0.0,0.0,0.0,0.0,0.0,0.0,0.0,0.0,97583.70334248898,0.0
t6094,0.0,0.0,0.0,0.0,0.0,0.0,0.0,0.0,0.0,74000.3096942053,0.0
t6095,0.0,0.0,0.0,0.0,0.0,0.0,0.0,0.0,0.0,56600.18680023875,0.0
t6096,0.0,0.0,0.0,0.0,0.0,0.0,0.0,0.0,0.0,45372.952784993744,0.0
t6097,0.0,0.0,0.0,0.0,0.0,0.0,0.0,0.0,0.0,37990.03625957684,0.0
t6098,0.0,0.0,0.0,0.0,0.0,0.0,0.0,0.0,0.0,33598.52933576213,0.0
t6099,0.0,0.0,0.0,0.0,0.0,0.0,0.0,0.0,0.0,30664.179195986188,0.0
t6100,0.0,0.0,0.0,0.0,0.0,0.0,0.0,0.0,0.0,29000.740162688024,0.0
t6101,0.0,0.0,0.0,0.0,0.0,0.0,0.0,0.0,0.0,26383.497821688314,0.0
t6102,0.0,0.0,0.0,0.0,0.0,0.0,0.0,0.0,0.0,21280.027692131778,0.0
t6103,0.0,0.0,0.0,0.0,0.0,0.0,0.0,0.0,0.0,11135.48829530827,0.0
t6104,0.0,0.0,0.0,0.0,0.0,0.0,0.0,0.0,0.0,279.58287939380716,0.0
t6105,0.0,0.0,0.0,0.0,0.0,0.0,0.0,0.0,0.0,0.0,0.0
t6106,0.0,0.0,0.0,0.0,0.0,0.0,0.0,0.0,0.0,9410.600507549954,0.0
t6107,0.0,0.0,0.0,0.0,0.0,0.0,0.0,0.0,0.0,25609.87811740591,0.0
t6108,0.0,0.0,0.0,0.0,0.0,0.0,0.0,0.0,0.0,46199.05776050968,0.0
t6109,0.0,0.0,0.0,0.0,0.0,0.0,0.0,0.0,0.0,67667.45829376302,0.0
t6110,0.0,0.0,0.0,0.0,0.0,0.0,0.0,0.0,0.0,90878.85620607047,0.0
t6111,0.0,0.0,0.0,0.0,0.0,0.0,0.0,0.0,0.0,107316.44731312922,0.0
t6112,0.0,0.0,0.0,0.0,0.0,0.0,0.0,0.0,0.0,119973.0331692085,0.0
t6113,0.0,0.0,0.0,0.0,0.0,0.0,0.0,0.0,0.0,133216.37690022044,0.0
t6114,0.0,0.0,0.0,0.0,0.0,0.0,0.0,0.0,0.0,139499.21387929076,0.0
t6115,0.0,0.0,0.0,0.0,0.0,0.0,0.0,0.0,0.0,139499.21387929076,0.0
t6116,0.0,0.0,0.0,0.0,0.0,0.0,0.0,0.0,0.0,124342.71960432446,0.0
t6117,0.0,0.0,0.0,0.0,0.0,0.0,0.0,0.0,0.0,97833.30197940188,0.0
t6118,0.0,0.0,0.0,0.0,0.0,0.0,0.0,0.0,0.0,75933.6367876673,0.0
t6119,0.0,0.0,0.0,0.0,0.0,0.0,0.0,0.0,0.0,59591.71499986735,0.0
t6120,0.0,0.0,0.0,0.0,0.0,0.0,0.0,0.0,0.0,49917.64203052938,0.0
t6121,0.0,0.0,0.0,0.0,0.0,0.0,0.0,0.0,0.0,44827.54749793565,0.0
t6122,0.0,0.0,0.0,0.0,0.0,0.0,0.0,0.0,0.0,41692.26670929415,0.0
t6123,0.0,0.0,0.0,0.0,0.0,0.0,0.0,0.0,0.0,40169.309429982924,0.0
t6124,0.0,0.0,0.0,0.0,0.0,0.0,0.0,0.0,0.0,38705.537933217194,0.0
t6125,0.0,0.0,0.0,0.0,0.0,0.0,0.0,0.0,0.0,35992.82565821528,0.0
t6126,0.0,0.0,0.0,0.0,0.0,0.0,0.0,0.0,0.0,29699.00073318459,0.0
t6127,0.0,0.0,0.0,0.0,0.0,0.0,0.0,0.0,0.0,17809.963259350803,0.0
t6128,0.0,0.0,0.0,0.0,0.0,0.0,0.0,0.0,0.0,4665.036290044544,0.0
t6129,0.0,0.0,0.0,0.0,0.0,0.0,0.0,0.0,0.0,0.0,0.0
t6130,0.0,0.0,0.0,0.0,0.0,0.0,0.0,0.0,0.0,6874.452095602074,0.0
t6131,0.0,0.0,0.0,0.0,0.0,0.0,0.0,0.0,0.0,22924.750448434075,0.0
t6132,0.0,0.0,0.0,0.0,0.0,0.0,0.0,0.0,0.0,42476.948399034576,0.0
t6133,0.0,0.0,0.0,0.0,0.0,0.0,0.0,0.0,0.0,59002.04979513296,0.0
t6134,0.0,0.0,0.0,0.0,0.0,0.0,0.0,0.0,0.0,75192.93653685565,0.0
t6135,0.0,0.0,0.0,0.0,0.0,0.0,0.0,0.0,0.0,88104.42163694235,0.0
t6136,0.0,0.0,0.0,0.0,0.0,0.0,0.0,0.0,0.0,97740.87049824318,0.0
t6137,0.0,0.0,0.0,0.0,0.0,0.0,0.0,0.0,0.0,102580.06356234368,0.0
t6138,0.0,0.0,0.0,0.0,0.0,0.0,0.0,0.0,0.0,102580.06356234368,0.0
t6139,0.0,0.0,0.0,0.0,0.0,0.0,0.0,0.0,0.0,94201.84995559459,0.0
t6140,0.0,0.0,0.0,0.0,0.0,0.0,0.0,0.0,0.0,78098.61540621045,0.0
t6141,0.0,0.0,0.0,0.0,0.0,0.0,0.0,0.0,0.0,62234.85983738478,0.0
t6142,0.0,0.0,0.0,0.0,0.0,0.0,0.0,0.0,0.0,47611.50723390815,0.0
t6143,0.0,0.0,0.0,0.0,0.0,0.0,0.0,0.0,0.0,35727.16608293199,0.0
t6144,0.0,0.0,0.0,0.0,0.0,0.0,0.0,0.0,0.0,29957.30482582609,0.0
t6145,0.0,0.0,0.0,0.0,0.0,0.0,0.0,0.0,0.0,28452.748324796456,0.0
t6146,0.0,0.0,0.0,0.0,0.0,0.0,0.0,0.0,0.0,28452.748324796456,0.0
t6147,0.0,0.0,0.0,0.0,0.0,0.0,0.0,0.0,0.0,28452.748324796456,0.0
t6148,0.0,0.0,0.0,0.0,0.0,0.0,0.0,0.0,0.0,28452.748324796456,0.0
t6149,0.0,0.0,0.0,0.0,0.0,0.0,0.0,0.0,0.0,28452.748324796456,0.0
t6150,0.0,0.0,0.0,0.0,0.0,0.0,0.0,0.0,0.0,27965.723799398507,0.0
t6151,0.0,0.0,0.0,0.0,0.0,0.0,0.0,0.0,0.0,22054.656764239942,0.0
t6152,0.0,0.0,0.0,0.0,0.0,0.0,0.0,0.0,0.0,15366.331973517657,0.0
t6153,0.0,0.0,0.0,0.0,0.0,0.0,0.0,0.0,0.0,8701.133638148862,0.0
t6154,0.0,0.0,0.0,0.0,0.0,0.0,0.0,0.0,0.0,8216.251483074971,0.0
t6155,0.0,0.0,0.0,0.0,0.0,0.0,0.0,0.0,0.0,8216.251483074971,0.0
t6156,0.0,0.0,0.0,0.0,0.0,0.0,0.0,0.0,0.0,11256.158867461905,0.0
t6157,0.0,0.0,0.0,0.0,0.0,0.0,0.0,0.0,0.0,20691.001488275644,0.0
t6158,0.0,0.0,0.0,0.0,0.0,0.0,0.0,0.0,0.0,30635.555258970504,0.0
t6159,0.0,0.0,0.0,0.0,0.0,0.0,0.0,0.0,0.0,42623.3506161196,0.0
t6160,0.0,0.0,0.0,0.0,0.0,0.0,0.0,0.0,0.0,56030.66696522907,0.0
t6161,0.0,0.0,0.0,0.0,0.0,0.0,0.0,0.0,0.0,65674.61061350894,0.0
t6162,0.0,0.0,0.0,0.0,0.0,0.0,0.0,0.0,0.0,71330.44777781532,0.0
t6163,0.0,0.0,0.0,0.0,0.0,0.0,0.0,0.0,0.0,71330.44777781532,0.0
t6164,0.0,0.0,0.0,0.0,0.0,0.0,0.0,0.0,0.0,58818.85100590076,0.0
t6165,0.0,0.0,0.0,0.0,0.0,0.0,0.0,0.0,0.0,43800.35190515968,0.0
t6166,0.0,0.0,0.0,0.0,0.0,0.0,0.0,0.0,0.0,29171.301441279287,0.0
t6167,0.0,0.0,0.0,0.0,0.0,0.0,0.0,0.0,0.0,17052.225844141925,0.0
t6168,0.0,0.0,0.0,0.0,0.0,0.0,0.0,0.0,0.0,10014.85023793049,0.0
t6169,0.0,0.0,0.0,0.0,0.0,0.0,0.0,0.0,0.0,5287.521414979534,0.0
t6170,0.0,0.0,0.0,0.0,0.0,0.0,0.0,0.0,0.0,3156.5012221058364,0.0
t6171,0.0,0.0,0.0,0.0,0.0,0.0,0.0,0.0,0.0,2341.478019481017,0.0
t6172,0.0,0.0,0.0,0.0,0.0,0.0,0.0,0.0,0.0,2341.478019481017,0.0
t6173,0.0,0.0,0.0,0.0,0.0,0.0,0.0,0.0,0.0,2868.8715397538344,0.0
t6174,0.0,0.0,0.0,0.0,0.0,0.0,0.0,0.0,0.0,3907.260633418767,0.0
t6175,0.0,0.0,0.0,0.0,0.0,0.0,0.0,0.0,0.0,3907.260633418767,0.0
t6176,0.0,0.0,0.0,0.0,0.0,0.0,0.0,0.0,0.0,3028.460337851323,0.0
t6177,0.0,0.0,0.0,0.0,0.0,0.0,0.0,0.0,0.0,0.0,0.0
t6178,0.0,0.0,0.0,0.0,0.0,0.0,0.0,0.0,0.0,6502.643503337074,0.0
t6179,0.0,0.0,0.0,0.0,0.0,0.0,0.0,0.0,0.0,21401.08941120167,0.0
t6180,0.0,0.0,0.0,0.0,0.0,0.0,0.0,0.0,0.0,39052.17876103957,0.0
t6181,0.0,0.0,0.0,0.0,0.0,0.0,0.0,0.0,0.0,62049.111095568354,0.0
t6182,0.0,0.0,0.0,0.0,0.0,0.0,0.0,0.0,0.0,83572.46338648914,0.0
t6183,0.0,0.0,0.0,0.0,0.0,0.0,0.0,0.0,0.0,105148.69887839346,0.0
t6184,0.0,0.0,0.0,0.0,0.0,0.0,0.0,0.0,0.0,119824.69462412936,0.0
t6185,0.0,0.0,0.0,0.0,0.0,0.0,0.0,0.0,0.0,131705.50878784864,0.0
t6186,0.0,0.0,0.0,0.0,0.0,0.0,0.0,0.0,0.0,139499.21387929076,0.0
t6187,0.0,0.0,0.0,0.0,0.0,0.0,0.0,0.0,0.0,136990.4473575519,0.0
t6188,0.0,0.0,0.0,0.0,0.0,0.0,0.0,0.0,0.0,117160.70877598718,0.0
t6189,0.0,0.0,0.0,0.0,0.0,0.0,0.0,0.0,0.0,95904.81136539314,0.0
t6190,0.0,0.0,0.0,0.0,0.0,0.0,0.0,0.0,0.0,76824.39251966847,0.0
t6191,0.0,0.0,0.0,0.0,0.0,0.0,0.0,0.0,0.0,61364.95389568864,0.0
t6192,0.0,0.0,0.0,0.0,0.0,0.0,0.0,0.0,0.0,49881.29206940293,0.0
t6193,0.0,0.0,0.0,0.0,0.0,0.0,0.0,0.0,0.0,42105.80803016172,0.0
t6194,0.0,0.0,0.0,0.0,0.0,0.0,0.0,0.0,0.0,37573.781201034864,0.0
t6195,0.0,0.0,0.0,0.0,0.0,0.0,0.0,0.0,0.0,35186.86166693499,0.0
t6196,0.0,0.0,0.0,0.0,0.0,0.0,0.0,0.0,0.0,34235.48961322212,0.0
t6197,0.0,0.0,0.0,0.0,0.0,0.0,0.0,0.0,0.0,33954.12836501189,0.0
t6198,0.0,0.0,0.0,0.0,0.0,0.0,0.0,0.0,0.0,33778.69275078318,0.0
t6199,0.0,0.0,0.0,0.0,0.0,0.0,0.0,0.0,0.0,32675.405716591547,0.0
t6200,0.0,0.0,0.0,0.0,0.0,0.0,0.0,0.0,0.0,30566.939670604916,0.0
t6201,0.0,0.0,0.0,0.0,0.0,0.0,0.0,0.0,0.0,26503.990716214124,0.0
t6202,0.0,0.0,0.0,0.0,0.0,0.0,0.0,0.0,0.0,25644.54584574391,0.0
t6203,0.0,0.0,0.0,0.0,0.0,0.0,0.0,0.0,0.0,28801.35147961106,0.0
t6204,0.0,0.0,0.0,0.0,0.0,0.0,0.0,0.0,0.0,38151.79598977574,0.0
t6205,0.0,0.0,0.0,0.0,0.0,0.0,0.0,0.0,0.0,49644.421253487104,0.0
t6206,0.0,0.0,0.0,0.0,0.0,0.0,0.0,0.0,0.0,62794.43073244813,0.0
t6207,0.0,0.0,0.0,0.0,0.0,0.0,0.0,0.0,0.0,77773.54141264294,0.0
t6208,0.0,0.0,0.0,0.0,0.0,0.0,0.0,0.0,0.0,90392.29658577702,0.0
t6209,0.0,0.0,0.0,0.0,0.0,0.0,0.0,0.0,0.0,99484.98987179807,0.0
t6210,0.0,0.0,0.0,0.0,0.0,0.0,0.0,0.0,0.0,104659.25445563009,0.0
t6211,0.0,0.0,0.0,0.0,0.0,0.0,0.0,0.0,0.0,104659.25445563009,0.0
t6212,0.0,0.0,0.0,0.0,0.0,0.0,0.0,0.0,0.0,92283.0983747719,0.0
t6213,0.0,0.0,0.0,0.0,0.0,0.0,0.0,0.0,0.0,74559.84371809001,0.0
t6214,0.0,0.0,0.0,0.0,0.0,0.0,0.0,0.0,0.0,59383.334154844306,0.0
t6215,0.0,0.0,0.0,0.0,0.0,0.0,0.0,0.0,0.0,48459.507245019086,0.0
t6216,0.0,0.0,0.0,0.0,0.0,0.0,0.0,0.0,0.0,41624.14482855918,0.0
t6217,0.0,0.0,0.0,0.0,0.0,0.0,0.0,0.0,0.0,38089.20062595336,0.0
t6218,0.0,0.0,0.0,0.0,0.0,0.0,0.0,0.0,0.0,36397.73748546748,0.0
t6219,0.0,0.0,0.0,0.0,0.0,0.0,0.0,0.0,0.0,35702.50753628994,0.0
t6220,0.0,0.0,0.0,0.0,0.0,0.0,0.0,0.0,0.0,35437.8930622662,0.0
t6221,0.0,0.0,0.0,0.0,0.0,0.0,0.0,0.0,0.0,34512.237455232265,0.0
t6222,0.0,0.0,0.0,0.0,0.0,0.0,0.0,0.0,0.0,30434.49529992677,0.0
t6223,0.0,0.0,0.0,0.0,0.0,0.0,0.0,0.0,0.0,20496.27794125236,0.0
t6224,0.0,0.0,0.0,0.0,0.0,0.0,0.0,0.0,0.0,8278.516976191866,0.0
t6225,0.0,0.0,0.0,0.0,0.0,0.0,0.0,0.0,0.0,0.0,0.0
t6226,0.0,0.0,0.0,0.0,0.0,0.0,0.0,0.0,0.0,3496.154830413876,0.0
t6227,0.0,0.0,0.0,0.0,0.0,0.0,0.0,0.0,0.0,18993.98497680225,0.0
t6228,0.0,0.0,0.0,0.0,0.0,0.0,0.0,0.0,0.0,37514.96608620668,0.0
t6229,0.0,0.0,0.0,0.0,0.0,0.0,0.0,0.0,0.0,56877.498512970895,0.0
t6230,0.0,0.0,0.0,0.0,0.0,0.0,0.0,0.0,0.0,75534.52225539266,0.0
t6231,0.0,0.0,0.0,0.0,0.0,0.0,0.0,0.0,0.0,94412.95011019756,0.0
t6232,0.0,0.0,0.0,0.0,0.0,0.0,0.0,0.0,0.0,112673.4658175102,0.0
t6233,0.0,0.0,0.0,0.0,0.0,0.0,0.0,0.0,0.0,129565.73224060846,0.0
t6234,0.0,0.0,0.0,0.0,0.0,0.0,0.0,0.0,0.0,139499.21387929076,0.0
t6235,0.0,0.0,0.0,0.0,0.0,0.0,0.0,0.0,0.0,139499.21387929076,0.0
t6236,0.0,0.0,0.0,0.0,0.0,0.0,0.0,0.0,0.0,120709.66939118954,0.0
t6237,0.0,0.0,0.0,0.0,0.0,0.0,0.0,0.0,0.0,93724.32241499654,0.0
t6238,0.0,0.0,0.0,0.0,0.0,0.0,0.0,0.0,0.0,71449.08049283014,0.0
t6239,0.0,0.0,0.0,0.0,0.0,0.0,0.0,0.0,0.0,54403.77897964802,0.0
t6240,0.0,0.0,0.0,0.0,0.0,0.0,0.0,0.0,0.0,42634.44932345782,0.0
t6241,0.0,0.0,0.0,0.0,0.0,0.0,0.0,0.0,0.0,35724.57422813147,0.0
t6242,0.0,0.0,0.0,0.0,0.0,0.0,0.0,0.0,0.0,31917.38494797663,0.0
t6243,0.0,0.0,0.0,0.0,0.0,0.0,0.0,0.0,0.0,29397.937751506885,0.0
t6244,0.0,0.0,0.0,0.0,0.0,0.0,0.0,0.0,0.0,28255.77008235736,0.0
t6245,0.0,0.0,0.0,0.0,0.0,0.0,0.0,0.0,0.0,27577.612866961143,0.0
t6246,0.0,0.0,0.0,0.0,0.0,0.0,0.0,0.0,0.0,23642.605504102055,0.0
t6247,0.0,0.0,0.0,0.0,0.0,0.0,0.0,0.0,0.0,13224.18807488975,0.0
t6248,0.0,0.0,0.0,0.0,0.0,0.0,0.0,0.0,0.0,1686.3380563195228,0.0
t6249,0.0,0.0,0.0,0.0,0.0,0.0,0.0,0.0,0.0,0.0,0.0
t6250,0.0,0.0,0.0,0.0,0.0,0.0,0.0,0.0,0.0,8600.713579169778,0.0
t6251,0.0,0.0,0.0,0.0,0.0,0.0,0.0,0.0,0.0,27877.074174093716,0.0
t6252,0.0,0.0,0.0,0.0,0.0,0.0,0.0,0.0,0.0,51915.259117712514,0.0
t6253,0.0,0.0,0.0,0.0,0.0,0.0,0.0,0.0,0.0,73398.03006968732,0.0
t6254,0.0,0.0,0.0,0.0,0.0,0.0,0.0,0.0,0.0,96909.87238840878,0.0
t6255,0.0,0.0,0.0,0.0,0.0,0.0,0.0,0.0,0.0,116705.76469444986,0.0
t6256,0.0,0.0,0.0,0.0,0.0,0.0,0.0,0.0,0.0,129544.90061643823,0.0
t6257,0.0,0.0,0.0,0.0,0.0,0.0,0.0,0.0,0.0,139499.21387929076,0.0
t6258,0.0,0.0,0.0,0.0,0.0,0.0,0.0,0.0,0.0,139499.21387929076,7557.89756482684
t6259,0.0,0.0,0.0,0.0,0.0,0.0,0.0,0.0,0.0,139499.21387929076,5668.42317362013
t6260,0.0,0.0,0.0,0.0,0.0,0.0,0.0,0.0,0.0,122333.54825426676,0.0
t6261,0.0,0.0,0.0,0.0,0.0,0.0,0.0,0.0,0.0,94342.6096602834,0.0
t6262,0.0,0.0,0.0,0.0,0.0,0.0,0.0,0.0,0.0,70119.67916605137,0.0
t6263,0.0,0.0,0.0,0.0,0.0,0.0,0.0,0.0,0.0,52217.29243020524,0.0
t6264,0.0,0.0,0.0,0.0,0.0,0.0,0.0,0.0,0.0,40728.02741263951,0.0
t6265,0.0,0.0,0.0,0.0,0.0,0.0,0.0,0.0,0.0,33993.91719436257,0.0
t6266,0.0,0.0,0.0,0.0,0.0,0.0,0.0,0.0,0.0,29995.09832515825,0.0
t6267,0.0,0.0,0.0,0.0,0.0,0.0,0.0,0.0,0.0,27619.903391359832,0.0
t6268,0.0,0.0,0.0,0.0,0.0,0.0,0.0,0.0,0.0,26179.346512220884,0.0
t6269,0.0,0.0,0.0,0.0,0.0,0.0,0.0,0.0,0.0,24518.74268907024,0.0
t6270,0.0,0.0,0.0,0.0,0.0,0.0,0.0,0.0,0.0,20290.69949705993,0.0
t6271,0.0,0.0,0.0,0.0,0.0,0.0,0.0,0.0,0.0,10997.327696967757,0.0
t6272,0.0,0.0,0.0,0.0,0.0,0.0,0.0,0.0,0.0,0.0,0.0
t6273,0.0,0.0,0.0,0.0,0.0,0.0,0.0,0.0,0.0,0.0,0.0
t6274,0.0,0.0,0.0,0.0,0.0,0.0,0.0,0.0,0.0,12817.519147834111,0.0
t6275,0.0,0.0,0.0,0.0,0.0,0.0,0.0,0.0,0.0,36505.924606266664,0.0
t6276,0.0,0.0,0.0,0.0,0.0,0.0,0.0,0.0,0.0,64895.398400927705,0.0
t6277,0.0,0.0,0.0,0.0,0.0,0.0,0.0,0.0,0.0,92945.38251842672,0.0
t6278,0.0,0.0,0.0,0.0,0.0,0.0,0.0,0.0,0.0,118076.23766247259,0.0
t6279,0.0,0.0,0.0,0.0,0.0,0.0,0.0,0.0,0.0,139499.21387929076,1117.6499893712473
t6280,0.0,0.0,0.0,0.0,0.0,0.0,0.0,0.0,0.0,139499.21387929076,23094.219205518817
t6281,0.0,0.0,0.0,0.0,0.0,0.0,0.0,0.0,0.0,139499.21387929076,34171.45214391496
t6282,0.0,0.0,0.0,0.0,0.0,0.0,0.0,0.0,0.0,139499.21387929076,33827.593165283935
t6283,0.0,0.0,0.0,0.0,0.0,0.0,0.0,0.0,0.0,139499.21387929076,25283.929858298812
t6284,0.0,0.0,0.0,0.0,0.0,0.0,0.0,0.0,0.0,134161.39038719775,0.0
t6285,0.0,0.0,0.0,0.0,0.0,0.0,0.0,0.0,0.0,106093.84074032362,0.0
t6286,0.0,0.0,0.0,0.0,0.0,0.0,0.0,0.0,0.0,82935.27901544682,0.0
t6287,0.0,0.0,0.0,0.0,0.0,0.0,0.0,0.0,0.0,64525.21383994262,0.0
t6288,0.0,0.0,0.0,0.0,0.0,0.0,0.0,0.0,0.0,52637.52003853118,0.0
t6289,0.0,0.0,0.0,0.0,0.0,0.0,0.0,0.0,0.0,45599.91360189165,0.0
t6290,0.0,0.0,0.0,0.0,0.0,0.0,0.0,0.0,0.0,40812.9692239171,0.0
t6291,0.0,0.0,0.0,0.0,0.0,0.0,0.0,0.0,0.0,37274.93752892016,0.0
t6292,0.0,0.0,0.0,0.0,0.0,0.0,0.0,0.0,0.0,34598.84726790853,0.0
t6293,0.0,0.0,0.0,0.0,0.0,0.0,0.0,0.0,0.0,31556.277929526987,0.0
t6294,0.0,0.0,0.0,0.0,0.0,0.0,0.0,0.0,0.0,25583.839738178027,0.0
t6295,0.0,0.0,0.0,0.0,0.0,0.0,0.0,0.0,0.0,13974.074515247048,0.0
t6296,0.0,0.0,0.0,0.0,0.0,0.0,0.0,0.0,0.0,795.9934744868824,0.0
t6297,0.0,0.0,0.0,0.0,0.0,0.0,0.0,0.0,0.0,0.0,0.0
t6298,0.0,0.0,0.0,0.0,0.0,0.0,0.0,0.0,0.0,11914.778836536396,0.0
t6299,0.0,0.0,0.0,0.0,0.0,0.0,0.0,0.0,0.0,34560.63768632411,0.0
t6300,0.0,0.0,0.0,0.0,0.0,0.0,0.0,0.0,0.0,60116.66856769108,0.0
t6301,0.0,0.0,0.0,0.0,0.0,0.0,0.0,0.0,0.0,84993.3150364241,0.0
t6302,0.0,0.0,0.0,0.0,0.0,0.0,0.0,0.0,0.0,106945.97178037884,0.0
t6303,0.0,0.0,0.0,0.0,0.0,0.0,0.0,0.0,0.0,126599.07091622303,0.0
t6304,0.0,0.0,0.0,0.0,0.0,0.0,0.0,0.0,0.0,139499.21387929076,4760.743952942525
t6305,0.0,0.0,0.0,0.0,0.0,0.0,0.0,0.0,0.0,139499.21387929076,16912.22633807844
t6306,0.0,0.0,0.0,0.0,0.0,0.0,0.0,0.0,0.0,139499.21387929076,17526.605328548307
t6307,0.0,0.0,0.0,0.0,0.0,0.0,0.0,0.0,0.0,139499.21387929076,7906.442269532243
t6308,0.0,0.0,0.0,0.0,0.0,0.0,0.0,0.0,0.0,123612.51870917418,0.0
t6309,0.0,0.0,0.0,0.0,0.0,0.0,0.0,0.0,0.0,93628.56898455971,0.0
t6310,0.0,0.0,0.0,0.0,0.0,0.0,0.0,0.0,0.0,69216.84363925207,0.0
t6311,0.0,0.0,0.0,0.0,0.0,0.0,0.0,0.0,0.0,51321.79875411417,0.0
t6312,0.0,0.0,0.0,0.0,0.0,0.0,0.0,0.0,0.0,39403.111323564925,0.0
t6313,0.0,0.0,0.0,0.0,0.0,0.0,0.0,0.0,0.0,32900.18336195566,0.0
t6314,0.0,0.0,0.0,0.0,0.0,0.0,0.0,0.0,0.0,28801.681105952186,0.0
t6315,0.0,0.0,0.0,0.0,0.0,0.0,0.0,0.0,0.0,27210.718430333818,0.0
t6316,0.0,0.0,0.0,0.0,0.0,0.0,0.0,0.0,0.0,26473.66675694284,0.0
t6317,0.0,0.0,0.0,0.0,0.0,0.0,0.0,0.0,0.0,25046.07208516546,0.0
t6318,0.0,0.0,0.0,0.0,0.0,0.0,0.0,0.0,0.0,21043.516353147483,0.0
t6319,0.0,0.0,0.0,0.0,0.0,0.0,0.0,0.0,0.0,11713.052011902339,0.0
t6320,0.0,0.0,0.0,0.0,0.0,0.0,0.0,0.0,0.0,0.0,0.0
t6321,0.0,0.0,0.0,0.0,0.0,0.0,0.0,0.0,0.0,0.0,0.0
t6322,0.0,0.0,0.0,0.0,0.0,0.0,0.0,0.0,0.0,13182.101132826752,0.0
t6323,0.0,0.0,0.0,0.0,0.0,0.0,0.0,0.0,0.0,33838.088787193345,0.0
t6324,0.0,0.0,0.0,0.0,0.0,0.0,0.0,0.0,0.0,60388.49299968661,0.0
t6325,0.0,0.0,0.0,0.0,0.0,0.0,0.0,0.0,0.0,84760.56107522194,0.0
t6326,0.0,0.0,0.0,0.0,0.0,0.0,0.0,0.0,0.0,105134.13550126122,0.0
t6327,0.0,0.0,0.0,0.0,0.0,0.0,0.0,0.0,0.0,121524.99085490417,0.0
t6328,0.0,0.0,0.0,0.0,0.0,0.0,0.0,0.0,0.0,135129.7920067953,0.0
t6329,0.0,0.0,0.0,0.0,0.0,0.0,0.0,0.0,0.0,139499.21387929076,5571.629047009751
t6330,0.0,0.0,0.0,0.0,0.0,0.0,0.0,0.0,0.0,139499.21387929076,7903.588066470838
t6331,0.0,0.0,0.0,0.0,0.0,0.0,0.0,0.0,0.0,139499.21387929076,1132.566430806466
t6332,0.0,0.0,0.0,0.0,0.0,0.0,0.0,0.0,0.0,120064.13598658114,0.0
t6333,0.0,0.0,0.0,0.0,0.0,0.0,0.0,0.0,0.0,90651.84400623928,0.0
t6334,0.0,0.0,0.0,0.0,0.0,0.0,0.0,0.0,0.0,65999.50936413689,0.0
t6335,0.0,0.0,0.0,0.0,0.0,0.0,0.0,0.0,0.0,48526.45451435638,0.0
t6336,0.0,0.0,0.0,0.0,0.0,0.0,0.0,0.0,0.0,35780.11534250388,0.0
t6337,0.0,0.0,0.0,0.0,0.0,0.0,0.0,0.0,0.0,27008.83580066536,0.0
t6338,0.0,0.0,0.0,0.0,0.0,0.0,0.0,0.0,0.0,20882.599680586874,0.0
t6339,0.0,0.0,0.0,0.0,0.0,0.0,0.0,0.0,0.0,17135.32895074967,0.0
t6340,0.0,0.0,0.0,0.0,0.0,0.0,0.0,0.0,0.0,14403.410680999921,0.0
t6341,0.0,0.0,0.0,0.0,0.0,0.0,0.0,0.0,0.0,12378.844975588006,0.0
t6342,0.0,0.0,0.0,0.0,0.0,0.0,0.0,0.0,0.0,10555.953567594981,0.0
t6343,0.0,0.0,0.0,0.0,0.0,0.0,0.0,0.0,0.0,7634.043862347582,0.0
t6344,0.0,0.0,0.0,0.0,0.0,0.0,0.0,0.0,0.0,0.0,0.0
t6345,0.0,0.0,0.0,0.0,0.0,0.0,0.0,0.0,0.0,0.0,0.0
t6346,0.0,0.0,0.0,0.0,0.0,0.0,0.0,0.0,0.0,14708.450500965017,0.0
t6347,0.0,0.0,0.0,0.0,0.0,0.0,0.0,0.0,0.0,37559.029826628146,0.0
t6348,0.0,0.0,0.0,0.0,0.0,0.0,0.0,0.0,0.0,62043.371238295294,0.0
t6349,0.0,0.0,0.0,0.0,0.0,0.0,0.0,0.0,0.0,84781.35501624321,0.0
t6350,0.0,0.0,0.0,0.0,0.0,0.0,0.0,0.0,0.0,104493.03277333366,0.0
t6351,0.0,0.0,0.0,0.0,0.0,0.0,0.0,0.0,0.0,120733.00153343106,0.0
t6352,0.0,0.0,0.0,0.0,0.0,0.0,0.0,0.0,0.0,134029.30797163048,0.0
t6353,0.0,0.0,0.0,0.0,0.0,0.0,0.0,0.0,0.0,139499.21387929076,5940.07894183673
t6354,0.0,0.0,0.0,0.0,0.0,0.0,0.0,0.0,0.0,139499.21387929076,8068.6318932731265
t6355,0.0,0.0,0.0,0.0,0.0,0.0,0.0,0.0,0.0,139499.21387929076,0.0
t6356,0.0,0.0,0.0,0.0,0.0,0.0,0.0,0.0,0.0,118806.81545486726,0.0
t6357,0.0,0.0,0.0,0.0,0.0,0.0,0.0,0.0,0.0,91311.73668002071,0.0
t6358,0.0,0.0,0.0,0.0,0.0,0.0,0.0,0.0,0.0,67289.79939295838,0.0
t6359,0.0,0.0,0.0,0.0,0.0,0.0,0.0,0.0,0.0,47441.78671487645,0.0
t6360,0.0,0.0,0.0,0.0,0.0,0.0,0.0,0.0,0.0,32614.71495827934,0.0
t6361,0.0,0.0,0.0,0.0,0.0,0.0,0.0,0.0,0.0,22673.25663558519,0.0
t6362,0.0,0.0,0.0,0.0,0.0,0.0,0.0,0.0,0.0,15697.620573596123,0.0
t6363,0.0,0.0,0.0,0.0,0.0,0.0,0.0,0.0,0.0,11144.310622438337,0.0
t6364,0.0,0.0,0.0,0.0,0.0,0.0,0.0,0.0,0.0,8226.002912280852,0.0
t6365,0.0,0.0,0.0,0.0,0.0,0.0,0.0,0.0,0.0,6784.598256599331,0.0
t6366,0.0,0.0,0.0,0.0,0.0,0.0,0.0,0.0,0.0,5333.904644845329,0.0
t6367,0.0,0.0,0.0,0.0,0.0,0.0,0.0,0.0,0.0,3282.855611002296,0.0
t6368,0.0,0.0,0.0,0.0,0.0,0.0,0.0,0.0,0.0,0.0,0.0
t6369,0.0,0.0,0.0,0.0,0.0,0.0,0.0,0.0,0.0,0.0,0.0
t6370,0.0,0.0,0.0,0.0,0.0,0.0,0.0,0.0,0.0,15557.387782892401,0.0
t6371,0.0,0.0,0.0,0.0,0.0,0.0,0.0,0.0,0.0,39093.5339838761,0.0
t6372,0.0,0.0,0.0,0.0,0.0,0.0,0.0,0.0,0.0,62416.870359597866,0.0
t6373,0.0,0.0,0.0,0.0,0.0,0.0,0.0,0.0,0.0,85779.90375684376,0.0
t6374,0.0,0.0,0.0,0.0,0.0,0.0,0.0,0.0,0.0,105552.32028030838,0.0
t6375,0.0,0.0,0.0,0.0,0.0,0.0,0.0,0.0,0.0,122589.17323135684,0.0
t6376,0.0,0.0,0.0,0.0,0.0,0.0,0.0,0.0,0.0,137733.50807517025,0.0
t6377,0.0,0.0,0.0,0.0,0.0,0.0,0.0,0.0,0.0,139499.21387929076,10336.469889959202
t6378,0.0,0.0,0.0,0.0,0.0,0.0,0.0,0.0,0.0,139499.21387929076,11114.7536263485
t6379,0.0,0.0,0.0,0.0,0.0,0.0,0.0,0.0,0.0,139499.21387929076,0.0
t6380,0.0,0.0,0.0,0.0,0.0,0.0,0.0,0.0,0.0,118431.42853529817,0.0
t6381,0.0,0.0,0.0,0.0,0.0,0.0,0.0,0.0,0.0,90024.95589795113,0.0
t6382,0.0,0.0,0.0,0.0,0.0,0.0,0.0,0.0,0.0,66027.28696780432,0.0
t6383,0.0,0.0,0.0,0.0,0.0,0.0,0.0,0.0,0.0,48646.82584820976,0.0
t6384,0.0,0.0,0.0,0.0,0.0,0.0,0.0,0.0,0.0,36944.93819775771,0.0
t6385,0.0,0.0,0.0,0.0,0.0,0.0,0.0,0.0,0.0,28699.14666757803,0.0
t6386,0.0,0.0,0.0,0.0,0.0,0.0,0.0,0.0,0.0,25620.048965573456,0.0
t6387,0.0,0.0,0.0,0.0,0.0,0.0,0.0,0.0,0.0,24728.651606244122,0.0
t6388,0.0,0.0,0.0,0.0,0.0,0.0,0.0,0.0,0.0,24728.651606244122,0.0
t6389,0.0,0.0,0.0,0.0,0.0,0.0,0.0,0.0,0.0,24601.146799887923,0.0
t6390,0.0,0.0,0.0,0.0,0.0,0.0,0.0,0.0,0.0,20880.41634172479,0.0
t6391,0.0,0.0,0.0,0.0,0.0,0.0,0.0,0.0,0.0,11423.478785259418,0.0
t6392,0.0,0.0,0.0,0.0,0.0,0.0,0.0,0.0,0.0,346.9609236489159,0.0
t6393,0.0,0.0,0.0,0.0,0.0,0.0,0.0,0.0,0.0,0.0,0.0
t6394,0.0,0.0,0.0,0.0,0.0,0.0,0.0,0.0,0.0,9858.96444560939,0.0
t6395,0.0,0.0,0.0,0.0,0.0,0.0,0.0,0.0,0.0,27854.841773492866,0.0
t6396,0.0,0.0,0.0,0.0,0.0,0.0,0.0,0.0,0.0,50148.398545452306,0.0
t6397,0.0,0.0,0.0,0.0,0.0,0.0,0.0,0.0,0.0,70611.6722346225,0.0
t6398,0.0,0.0,0.0,0.0,0.0,0.0,0.0,0.0,0.0,88324.45507503956,0.0
t6399,0.0,0.0,0.0,0.0,0.0,0.0,0.0,0.0,0.0,105298.27248422554,0.0
t6400,0.0,0.0,0.0,0.0,0.0,0.0,0.0,0.0,0.0,124776.3968286507,0.0
t6401,0.0,0.0,0.0,0.0,0.0,0.0,0.0,0.0,0.0,134922.99477008427,0.0
t6402,0.0,0.0,0.0,0.0,0.0,0.0,0.0,0.0,0.0,139499.21387929076,0.0
t6403,0.0,0.0,0.0,0.0,0.0,0.0,0.0,0.0,0.0,137426.90011131376,0.0
t6404,0.0,0.0,0.0,0.0,0.0,0.0,0.0,0.0,0.0,112670.34751872244,0.0
t6405,0.0,0.0,0.0,0.0,0.0,0.0,0.0,0.0,0.0,83938.71557951355,0.0
t6406,0.0,0.0,0.0,0.0,0.0,0.0,0.0,0.0,0.0,59335.753598971554,0.0
t6407,0.0,0.0,0.0,0.0,0.0,0.0,0.0,0.0,0.0,42105.73244441526,0.0
t6408,0.0,0.0,0.0,0.0,0.0,0.0,0.0,0.0,0.0,32423.95034866949,0.0
t6409,0.0,0.0,0.0,0.0,0.0,0.0,0.0,0.0,0.0,26940.44553049231,0.0
t6410,0.0,0.0,0.0,0.0,0.0,0.0,0.0,0.0,0.0,23882.900643304245,0.0
t6411,0.0,0.0,0.0,0.0,0.0,0.0,0.0,0.0,0.0,22380.666674943266,0.0
t6412,0.0,0.0,0.0,0.0,0.0,0.0,0.0,0.0,0.0,22367.385610570687,0.0
t6413,0.0,0.0,0.0,0.0,0.0,0.0,0.0,0.0,0.0,22367.385610570687,0.0
t6414,0.0,0.0,0.0,0.0,0.0,0.0,0.0,0.0,0.0,19625.03986518212,0.0
t6415,0.0,0.0,0.0,0.0,0.0,0.0,0.0,0.0,0.0,11318.482283240453,0.0
t6416,0.0,0.0,0.0,0.0,0.0,0.0,0.0,0.0,0.0,960.7591442568892,0.0
t6417,0.0,0.0,0.0,0.0,0.0,0.0,0.0,0.0,0.0,0.0,0.0
t6418,0.0,0.0,0.0,0.0,0.0,0.0,0.0,0.0,0.0,4482.417972089941,0.0
t6419,0.0,0.0,0.0,0.0,0.0,0.0,0.0,0.0,0.0,21843.046617830725,0.0
t6420,0.0,0.0,0.0,0.0,0.0,0.0,0.0,0.0,0.0,46422.84389317535,0.0
t6421,0.0,0.0,0.0,0.0,0.0,0.0,0.0,0.0,0.0,70268.67449682963,0.0
t6422,0.0,0.0,0.0,0.0,0.0,0.0,0.0,0.0,0.0,89938.45188670867,0.0
t6423,0.0,0.0,0.0,0.0,0.0,0.0,0.0,0.0,0.0,107361.74945859384,0.0
t6424,0.0,0.0,0.0,0.0,0.0,0.0,0.0,0.0,0.0,123413.0132070115,0.0
t6425,0.0,0.0,0.0,0.0,0.0,0.0,0.0,0.0,0.0,135485.58592943585,0.0
t6426,0.0,0.0,0.0,0.0,0.0,0.0,0.0,0.0,0.0,139499.21387929076,0.0
t6427,0.0,0.0,0.0,0.0,0.0,0.0,0.0,0.0,0.0,139240.45180849868,0.0
t6428,0.0,0.0,0.0,0.0,0.0,0.0,0.0,0.0,0.0,119664.13733285246,0.0
t6429,0.0,0.0,0.0,0.0,0.0,0.0,0.0,0.0,0.0,94749.72847418941,0.0
t6430,0.0,0.0,0.0,0.0,0.0,0.0,0.0,0.0,0.0,71920.27831301362,0.0
t6431,0.0,0.0,0.0,0.0,0.0,0.0,0.0,0.0,0.0,54110.54316526543,0.0
t6432,0.0,0.0,0.0,0.0,0.0,0.0,0.0,0.0,0.0,43256.7638270064,0.0
t6433,0.0,0.0,0.0,0.0,0.0,0.0,0.0,0.0,0.0,37712.28853257362,0.0
t6434,0.0,0.0,0.0,0.0,0.0,0.0,0.0,0.0,0.0,35114.74182537266,0.0
t6435,0.0,0.0,0.0,0.0,0.0,0.0,0.0,0.0,0.0,34255.41296547574,0.0
t6436,0.0,0.0,0.0,0.0,0.0,0.0,0.0,0.0,0.0,33955.06218182252,0.0
t6437,0.0,0.0,0.0,0.0,0.0,0.0,0.0,0.0,0.0,32674.670616908446,0.0
t6438,0.0,0.0,0.0,0.0,0.0,0.0,0.0,0.0,0.0,27135.46513853938,0.0
t6439,0.0,0.0,0.0,0.0,0.0,0.0,0.0,0.0,0.0,16232.087123877262,0.0
t6440,0.0,0.0,0.0,0.0,0.0,0.0,0.0,0.0,0.0,4248.713951716496,0.0
t6441,0.0,0.0,0.0,0.0,0.0,0.0,0.0,0.0,0.0,0.0,0.0
t6442,0.0,0.0,0.0,0.0,0.0,0.0,0.0,0.0,0.0,10386.864591675274,0.0
t6443,0.0,0.0,0.0,0.0,0.0,0.0,0.0,0.0,0.0,30001.108718013485,0.0
t6444,0.0,0.0,0.0,0.0,0.0,0.0,0.0,0.0,0.0,46259.60636768515,0.0
t6445,0.0,0.0,0.0,0.0,0.0,0.0,0.0,0.0,0.0,68339.53886960469,0.0
t6446,0.0,0.0,0.0,0.0,0.0,0.0,0.0,0.0,0.0,88258.47939043777,0.0
t6447,0.0,0.0,0.0,0.0,0.0,0.0,0.0,0.0,0.0,105229.22201344484,0.0
t6448,0.0,0.0,0.0,0.0,0.0,0.0,0.0,0.0,0.0,121896.20525676708,0.0
t6449,0.0,0.0,0.0,0.0,0.0,0.0,0.0,0.0,0.0,132541.7022784461,0.0
t6450,0.0,0.0,0.0,0.0,0.0,0.0,0.0,0.0,0.0,139499.21387929076,0.0
t6451,0.0,0.0,0.0,0.0,0.0,0.0,0.0,0.0,0.0,139499.21387929076,0.0
t6452,0.0,0.0,0.0,0.0,0.0,0.0,0.0,0.0,0.0,117195.71141578327,0.0
t6453,0.0,0.0,0.0,0.0,0.0,0.0,0.0,0.0,0.0,93740.7648071699,0.0
t6454,0.0,0.0,0.0,0.0,0.0,0.0,0.0,0.0,0.0,74905.98828534837,0.0
t6455,0.0,0.0,0.0,0.0,0.0,0.0,0.0,0.0,0.0,60043.280661541874,0.0
t6456,0.0,0.0,0.0,0.0,0.0,0.0,0.0,0.0,0.0,52119.13157987529,0.0
t6457,0.0,0.0,0.0,0.0,0.0,0.0,0.0,0.0,0.0,49483.92943919571,0.0
t6458,0.0,0.0,0.0,0.0,0.0,0.0,0.0,0.0,0.0,49066.924855064455,0.0
t6459,0.0,0.0,0.0,0.0,0.0,0.0,0.0,0.0,0.0,49066.924855064455,0.0
t6460,0.0,0.0,0.0,0.0,0.0,0.0,0.0,0.0,0.0,49066.924855064455,0.0
t6461,0.0,0.0,0.0,0.0,0.0,0.0,0.0,0.0,0.0,49066.924855064455,0.0
t6462,0.0,0.0,0.0,0.0,0.0,0.0,0.0,0.0,0.0,47173.35330753952,0.0
t6463,0.0,0.0,0.0,0.0,0.0,0.0,0.0,0.0,0.0,39582.566865960805,0.0
t6464,0.0,0.0,0.0,0.0,0.0,0.0,0.0,0.0,0.0,30614.362666527722,0.0
t6465,0.0,0.0,0.0,0.0,0.0,0.0,0.0,0.0,0.0,25634.55780717772,0.0
t6466,0.0,0.0,0.0,0.0,0.0,0.0,0.0,0.0,0.0,29327.124143879548,0.0
t6467,0.0,0.0,0.0,0.0,0.0,0.0,0.0,0.0,0.0,43427.214412541834,0.0
t6468,0.0,0.0,0.0,0.0,0.0,0.0,0.0,0.0,0.0,62643.31239549312,0.0
t6469,0.0,0.0,0.0,0.0,0.0,0.0,0.0,0.0,0.0,83311.8528254986,0.0
t6470,0.0,0.0,0.0,0.0,0.0,0.0,0.0,0.0,0.0,101960.5071282655,0.0
t6471,0.0,0.0,0.0,0.0,0.0,0.0,0.0,0.0,0.0,117117.18756390565,0.0
t6472,0.0,0.0,0.0,0.0,0.0,0.0,0.0,0.0,0.0,128060.71597703024,0.0
t6473,0.0,0.0,0.0,0.0,0.0,0.0,0.0,0.0,0.0,138289.82154780533,0.0
t6474,0.0,0.0,0.0,0.0,0.0,0.0,0.0,0.0,0.0,139499.21387929076,0.0
t6475,0.0,0.0,0.0,0.0,0.0,0.0,0.0,0.0,0.0,131442.67984083595,0.0
t6476,0.0,0.0,0.0,0.0,0.0,0.0,0.0,0.0,0.0,111143.16463757574,0.0
t6477,0.0,0.0,0.0,0.0,0.0,0.0,0.0,0.0,0.0,90031.39247532222,0.0
t6478,0.0,0.0,0.0,0.0,0.0,0.0,0.0,0.0,0.0,73418.11794394327,0.0
t6479,0.0,0.0,0.0,0.0,0.0,0.0,0.0,0.0,0.0,60857.36254144249,0.0
t6480,0.0,0.0,0.0,0.0,0.0,0.0,0.0,0.0,0.0,54714.73630122427,0.0
t6481,0.0,0.0,0.0,0.0,0.0,0.0,0.0,0.0,0.0,52883.39467832649,0.0
t6482,0.0,0.0,0.0,0.0,0.0,0.0,0.0,0.0,0.0,52883.39467832649,0.0
t6483,0.0,0.0,0.0,0.0,0.0,0.0,0.0,0.0,0.0,52883.39467832649,0.0
t6484,0.0,0.0,0.0,0.0,0.0,0.0,0.0,0.0,0.0,52883.39467832649,0.0
t6485,0.0,0.0,0.0,0.0,0.0,0.0,0.0,0.0,0.0,52883.39467832649,0.0
t6486,0.0,0.0,0.0,0.0,0.0,0.0,0.0,0.0,0.0,52723.402705514476,0.0
t6487,0.0,0.0,0.0,0.0,0.0,0.0,0.0,0.0,0.0,46284.306390925754,0.0
t6488,0.0,0.0,0.0,0.0,0.0,0.0,0.0,0.0,0.0,38099.774733478334,0.0
t6489,0.0,0.0,0.0,0.0,0.0,0.0,0.0,0.0,0.0,30210.20998883313,0.0
t6490,0.0,0.0,0.0,0.0,0.0,0.0,0.0,0.0,0.0,29146.010776184132,0.0
t6491,0.0,0.0,0.0,0.0,0.0,0.0,0.0,0.0,0.0,29672.36807392334,0.0
t6492,0.0,0.0,0.0,0.0,0.0,0.0,0.0,0.0,0.0,32676.970881838526,0.0
t6493,0.0,0.0,0.0,0.0,0.0,0.0,0.0,0.0,0.0,37437.68110896627,0.0
t6494,0.0,0.0,0.0,0.0,0.0,0.0,0.0,0.0,0.0,44545.3805073233,0.0
t6495,0.0,0.0,0.0,0.0,0.0,0.0,0.0,0.0,0.0,51833.96143974386,0.0
t6496,0.0,0.0,0.0,0.0,0.0,0.0,0.0,0.0,0.0,54522.46045575819,0.0
t6497,0.0,0.0,0.0,0.0,0.0,0.0,0.0,0.0,0.0,54522.46045575819,0.0
t6498,0.0,0.0,0.0,0.0,0.0,0.0,0.0,0.0,0.0,49920.783742997475,0.0
t6499,0.0,0.0,0.0,0.0,0.0,0.0,0.0,0.0,0.0,39901.658403466674,0.0
t6500,0.0,0.0,0.0,0.0,0.0,0.0,0.0,0.0,0.0,28043.816213946688,0.0
t6501,0.0,0.0,0.0,0.0,0.0,0.0,0.0,0.0,0.0,15970.909230409017,0.0
t6502,0.0,0.0,0.0,0.0,0.0,0.0,0.0,0.0,0.0,5549.567407761802,0.0
t6503,0.0,0.0,0.0,0.0,0.0,0.0,0.0,0.0,0.0,48.15290859764446,0.0
t6504,0.0,0.0,0.0,0.0,0.0,0.0,0.0,0.0,0.0,0.0,0.0
t6505,0.0,0.0,0.0,0.0,0.0,0.0,0.0,0.0,0.0,0.0,0.0
t6506,0.0,0.0,0.0,0.0,0.0,0.0,0.0,0.0,0.0,0.0,0.0
t6507,0.0,0.0,0.0,0.0,0.0,0.0,0.0,0.0,0.0,0.0,0.0
t6508,0.0,0.0,0.0,0.0,0.0,0.0,0.0,0.0,0.0,0.0,0.0
t6509,0.0,0.0,0.0,0.0,0.0,0.0,0.0,0.0,0.0,210.7995412246015,0.0
t6510,0.0,0.0,0.0,0.0,0.0,0.0,0.0,0.0,0.0,210.7995412246015,0.0
t6511,0.0,0.0,0.0,0.0,0.0,0.0,0.0,0.0,0.0,210.7995412246015,0.0
t6512,0.0,0.0,0.0,0.0,0.0,0.0,0.0,0.0,0.0,210.7995412246015,0.0
t6513,0.0,0.0,0.0,0.0,0.0,0.0,0.0,0.0,0.0,102.40343848316945,0.0
t6514,0.0,0.0,0.0,0.0,0.0,0.0,0.0,0.0,0.0,0.0,0.0
t6515,0.0,0.0,0.0,0.0,0.0,0.0,0.0,0.0,0.0,1197.6582019645798,0.0
t6516,0.0,0.0,0.0,0.0,0.0,0.0,0.0,0.0,0.0,7627.908125376454,0.0
t6517,0.0,0.0,0.0,0.0,0.0,0.0,0.0,0.0,0.0,20057.14377093585,0.0
t6518,0.0,0.0,0.0,0.0,0.0,0.0,0.0,0.0,0.0,33484.985465692684,0.0
t6519,0.0,0.0,0.0,0.0,0.0,0.0,0.0,0.0,0.0,45051.93412935275,0.0
t6520,0.0,0.0,0.0,0.0,0.0,0.0,0.0,0.0,0.0,58026.098259163635,0.0
t6521,0.0,0.0,0.0,0.0,0.0,0.0,0.0,0.0,0.0,70519.55487940756,0.0
t6522,0.0,0.0,0.0,0.0,0.0,0.0,0.0,0.0,0.0,76626.05166318074,0.0
t6523,0.0,0.0,0.0,0.0,0.0,0.0,0.0,0.0,0.0,76626.05166318074,0.0
t6524,0.0,0.0,0.0,0.0,0.0,0.0,0.0,0.0,0.0,58216.57341794023,0.0
t6525,0.0,0.0,0.0,0.0,0.0,0.0,0.0,0.0,0.0,42333.25899268798,0.0
t6526,0.0,0.0,0.0,0.0,0.0,0.0,0.0,0.0,0.0,27351.645157609964,0.0
t6527,0.0,0.0,0.0,0.0,0.0,0.0,0.0,0.0,0.0,13947.899910497712,0.0
t6528,0.0,0.0,0.0,0.0,0.0,0.0,0.0,0.0,0.0,5782.885494319484,0.0
t6529,0.0,0.0,0.0,0.0,0.0,0.0,0.0,0.0,0.0,1296.8547178873805,0.0
t6530,0.0,0.0,0.0,0.0,0.0,0.0,0.0,0.0,0.0,0.0,0.0
t6531,0.0,0.0,0.0,0.0,0.0,0.0,0.0,0.0,0.0,0.0,0.0
t6532,0.0,0.0,0.0,0.0,0.0,0.0,0.0,0.0,0.0,0.0,0.0
t6533,0.0,0.0,0.0,0.0,0.0,0.0,0.0,0.0,0.0,0.0,0.0
t6534,0.0,0.0,0.0,0.0,0.0,0.0,0.0,0.0,0.0,0.0,0.0
t6535,0.0,0.0,0.0,0.0,0.0,0.0,0.0,0.0,0.0,0.0,0.0
t6536,0.0,0.0,0.0,0.0,0.0,0.0,0.0,0.0,0.0,0.0,0.0
t6537,0.0,0.0,0.0,0.0,0.0,0.0,0.0,0.0,0.0,0.0,0.0
t6538,0.0,0.0,0.0,0.0,0.0,0.0,0.0,0.0,0.0,11055.788513641706,0.0
t6539,0.0,0.0,0.0,0.0,0.0,0.0,0.0,0.0,0.0,32441.31465311415,0.0
t6540,0.0,0.0,0.0,0.0,0.0,0.0,0.0,0.0,0.0,58274.02092503119,0.0
t6541,0.0,0.0,0.0,0.0,0.0,0.0,0.0,0.0,0.0,84168.75856133661,0.0
t6542,0.0,0.0,0.0,0.0,0.0,0.0,0.0,0.0,0.0,111363.86824218226,0.0
t6543,0.0,0.0,0.0,0.0,0.0,0.0,0.0,0.0,0.0,139499.21387929076,0.0
t6544,0.0,0.0,0.0,0.0,0.0,0.0,0.0,0.0,0.0,139499.21387929076,32517.084485156734
t6545,0.0,0.0,0.0,0.0,0.0,0.0,0.0,0.0,0.0,139499.21387929076,53636.90864751487
t6546,0.0,0.0,0.0,0.0,0.0,0.0,0.0,0.0,0.0,139499.21387929076,62011.57712863984
t6547,0.0,0.0,0.0,0.0,0.0,0.0,0.0,0.0,0.0,139499.21387929076,52513.371863935914
t6548,0.0,0.0,0.0,0.0,0.0,0.0,0.0,0.0,0.0,139499.21387929076,2406.1175786839376
t6549,0.0,0.0,0.0,0.0,0.0,0.0,0.0,0.0,0.0,118153.52017138273,0.0
t6550,0.0,0.0,0.0,0.0,0.0,0.0,0.0,0.0,0.0,97547.04912338489,0.0
t6551,0.0,0.0,0.0,0.0,0.0,0.0,0.0,0.0,0.0,80844.94975347961,0.0
t6552,0.0,0.0,0.0,0.0,0.0,0.0,0.0,0.0,0.0,69032.81480531534,0.0
t6553,0.0,0.0,0.0,0.0,0.0,0.0,0.0,0.0,0.0,60871.21281003433,0.0
t6554,0.0,0.0,0.0,0.0,0.0,0.0,0.0,0.0,0.0,55016.68059452099,0.0
t6555,0.0,0.0,0.0,0.0,0.0,0.0,0.0,0.0,0.0,50470.85911893524,0.0
t6556,0.0,0.0,0.0,0.0,0.0,0.0,0.0,0.0,0.0,46332.444595701236,0.0
t6557,0.0,0.0,0.0,0.0,0.0,0.0,0.0,0.0,0.0,41622.02604646634,0.0
t6558,0.0,0.0,0.0,0.0,0.0,0.0,0.0,0.0,0.0,34086.52329421056,0.0
t6559,0.0,0.0,0.0,0.0,0.0,0.0,0.0,0.0,0.0,20895.642948610337,0.0
t6560,0.0,0.0,0.0,0.0,0.0,0.0,0.0,0.0,0.0,6003.61845722411,0.0
t6561,0.0,0.0,0.0,0.0,0.0,0.0,0.0,0.0,0.0,0.0,0.0
t6562,0.0,0.0,0.0,0.0,0.0,0.0,0.0,0.0,0.0,8099.304483220409,0.0
t6563,0.0,0.0,0.0,0.0,0.0,0.0,0.0,0.0,0.0,26797.330911034293,0.0
t6564,0.0,0.0,0.0,0.0,0.0,0.0,0.0,0.0,0.0,54998.13597556611,0.0
t6565,0.0,0.0,0.0,0.0,0.0,0.0,0.0,0.0,0.0,85962.72626204809,0.0
t6566,0.0,0.0,0.0,0.0,0.0,0.0,0.0,0.0,0.0,112438.33983781858,0.0
t6567,0.0,0.0,0.0,0.0,0.0,0.0,0.0,0.0,0.0,130380.45776523661,0.0
t6568,0.0,0.0,0.0,0.0,0.0,0.0,0.0,0.0,0.0,139499.21387929076,11079.211778232973
t6569,0.0,0.0,0.0,0.0,0.0,0.0,0.0,0.0,0.0,139499.21387929076,25451.640765790813
t6570,0.0,0.0,0.0,0.0,0.0,0.0,0.0,0.0,0.0,139499.21387929076,29065.614040289423
t6571,0.0,0.0,0.0,0.0,0.0,0.0,0.0,0.0,0.0,139499.21387929076,8648.767573355884
t6572,0.0,0.0,0.0,0.0,0.0,0.0,0.0,0.0,0.0,119784.99699377519,0.0
t6573,0.0,0.0,0.0,0.0,0.0,0.0,0.0,0.0,0.0,94526.30465471133,0.0
t6574,0.0,0.0,0.0,0.0,0.0,0.0,0.0,0.0,0.0,72794.54834688146,0.0
t6575,0.0,0.0,0.0,0.0,0.0,0.0,0.0,0.0,0.0,56543.48891597604,0.0
t6576,0.0,0.0,0.0,0.0,0.0,0.0,0.0,0.0,0.0,45173.08670123432,0.0
t6577,0.0,0.0,0.0,0.0,0.0,0.0,0.0,0.0,0.0,38094.56108746204,0.0
t6578,0.0,0.0,0.0,0.0,0.0,0.0,0.0,0.0,0.0,34017.94765291814,0.0
t6579,0.0,0.0,0.0,0.0,0.0,0.0,0.0,0.0,0.0,31667.538715175542,0.0
t6580,0.0,0.0,0.0,0.0,0.0,0.0,0.0,0.0,0.0,30212.496005024645,0.0
t6581,0.0,0.0,0.0,0.0,0.0,0.0,0.0,0.0,0.0,28068.795461959107,0.0
t6582,0.0,0.0,0.0,0.0,0.0,0.0,0.0,0.0,0.0,23773.26170068597,0.0
t6583,0.0,0.0,0.0,0.0,0.0,0.0,0.0,0.0,0.0,13741.030350238416,0.0
t6584,0.0,0.0,0.0,0.0,0.0,0.0,0.0,0.0,0.0,1458.8800410607328,0.0
t6585,0.0,0.0,0.0,0.0,0.0,0.0,0.0,0.0,0.0,0.0,0.0
t6586,0.0,0.0,0.0,0.0,0.0,0.0,0.0,0.0,0.0,14124.302663996601,0.0
t6587,0.0,0.0,0.0,0.0,0.0,0.0,0.0,0.0,0.0,39187.71387233764,0.0
t6588,0.0,0.0,0.0,0.0,0.0,0.0,0.0,0.0,0.0,71106.4470143448,0.0
t6589,0.0,0.0,0.0,0.0,0.0,0.0,0.0,0.0,0.0,102906.24234043957,0.0
t6590,0.0,0.0,0.0,0.0,0.0,0.0,0.0,0.0,0.0,133224.07661150265,0.0
t6591,0.0,0.0,0.0,0.0,0.0,0.0,0.0,0.0,0.0,139499.21387929076,22743.152192489586
t6592,0.0,0.0,0.0,0.0,0.0,0.0,0.0,0.0,0.0,139499.21387929076,46223.96639311375
t6593,0.0,0.0,0.0,0.0,0.0,0.0,0.0,0.0,0.0,139499.21387929076,59566.56208802019
t6594,0.0,0.0,0.0,0.0,0.0,0.0,0.0,0.0,0.0,139499.21387929076,58321.12555257345
t6595,0.0,0.0,0.0,0.0,0.0,0.0,0.0,0.0,0.0,139499.21387929076,43249.00803894596
t6596,0.0,0.0,0.0,0.0,0.0,0.0,0.0,0.0,0.0,135049.5453806781,0.0
t6597,0.0,0.0,0.0,0.0,0.0,0.0,0.0,0.0,0.0,107443.00965463975,0.0
t6598,0.0,0.0,0.0,0.0,0.0,0.0,0.0,0.0,0.0,83621.31968956285,0.0
t6599,0.0,0.0,0.0,0.0,0.0,0.0,0.0,0.0,0.0,65882.38017292382,0.0
t6600,0.0,0.0,0.0,0.0,0.0,0.0,0.0,0.0,0.0,54157.26725574185,0.0
t6601,0.0,0.0,0.0,0.0,0.0,0.0,0.0,0.0,0.0,47011.69514369551,0.0
t6602,0.0,0.0,0.0,0.0,0.0,0.0,0.0,0.0,0.0,42646.305205195174,0.0
t6603,0.0,0.0,0.0,0.0,0.0,0.0,0.0,0.0,0.0,39036.52441834672,0.0
t6604,0.0,0.0,0.0,0.0,0.0,0.0,0.0,0.0,0.0,35394.800156262085,0.0
t6605,0.0,0.0,0.0,0.0,0.0,0.0,0.0,0.0,0.0,31305.07227642672,0.0
t6606,0.0,0.0,0.0,0.0,0.0,0.0,0.0,0.0,0.0,25109.13317678916,0.0
t6607,0.0,0.0,0.0,0.0,0.0,0.0,0.0,0.0,0.0,13713.173026396378,0.0
t6608,0.0,0.0,0.0,0.0,0.0,0.0,0.0,0.0,0.0,677.9982382001017,0.0
t6609,0.0,0.0,0.0,0.0,0.0,0.0,0.0,0.0,0.0,0.0,0.0
t6610,0.0,0.0,0.0,0.0,0.0,0.0,0.0,0.0,0.0,15428.363325382965,0.0
t6611,0.0,0.0,0.0,0.0,0.0,0.0,0.0,0.0,0.0,42446.33157652479,0.0
t6612,0.0,0.0,0.0,0.0,0.0,0.0,0.0,0.0,0.0,74531.15076876167,0.0
t6613,0.0,0.0,0.0,0.0,0.0,0.0,0.0,0.0,0.0,106615.96996099854,0.0
t6614,0.0,0.0,0.0,0.0,0.0,0.0,0.0,0.0,0.0,137402.9316937162,0.0
t6615,0.0,0.0,0.0,0.0,0.0,0.0,0.0,0.0,0.0,139499.21387929076,29292.15545153019
t6616,0.0,0.0,0.0,0.0,0.0,0.0,0.0,0.0,0.0,139499.21387929076,51896.20564658422
t6617,0.0,0.0,0.0,0.0,0.0,0.0,0.0,0.0,0.0,139499.21387929076,63744.71064832124
t6618,0.0,0.0,0.0,0.0,0.0,0.0,0.0,0.0,0.0,139499.21387929076,62310.18309381662
t6619,0.0,0.0,0.0,0.0,0.0,0.0,0.0,0.0,0.0,139499.21387929076,46975.635912750025
t6620,0.0,0.0,0.0,0.0,0.0,0.0,0.0,0.0,0.0,132558.74131830098,0.0
t6621,0.0,0.0,0.0,0.0,0.0,0.0,0.0,0.0,0.0,106670.56754846813,0.0
t6622,0.0,0.0,0.0,0.0,0.0,0.0,0.0,0.0,0.0,83804.44550864739,0.0
t6623,0.0,0.0,0.0,0.0,0.0,0.0,0.0,0.0,0.0,65730.32601382675,0.0
t6624,0.0,0.0,0.0,0.0,0.0,0.0,0.0,0.0,0.0,55427.78708915292,0.0
t6625,0.0,0.0,0.0,0.0,0.0,0.0,0.0,0.0,0.0,49610.2956687408,0.0
t6626,0.0,0.0,0.0,0.0,0.0,0.0,0.0,0.0,0.0,45671.65489954079,0.0
t6627,0.0,0.0,0.0,0.0,0.0,0.0,0.0,0.0,0.0,43228.10913886431,0.0
t6628,0.0,0.0,0.0,0.0,0.0,0.0,0.0,0.0,0.0,41609.196030095976,0.0
t6629,0.0,0.0,0.0,0.0,0.0,0.0,0.0,0.0,0.0,39471.97622825088,0.0
t6630,0.0,0.0,0.0,0.0,0.0,0.0,0.0,0.0,0.0,33884.5423966019,0.0
t6631,0.0,0.0,0.0,0.0,0.0,0.0,0.0,0.0,0.0,22784.14965021357,0.0
t6632,0.0,0.0,0.0,0.0,0.0,0.0,0.0,0.0,0.0,9068.98157838058,0.0
t6633,0.0,0.0,0.0,0.0,0.0,0.0,0.0,0.0,0.0,0.0,0.0
t6634,0.0,0.0,0.0,0.0,0.0,0.0,0.0,0.0,0.0,9984.455271730629,0.0
t6635,0.0,0.0,0.0,0.0,0.0,0.0,0.0,0.0,0.0,29647.66110755626,0.0
t6636,0.0,0.0,0.0,0.0,0.0,0.0,0.0,0.0,0.0,55116.849571377905,0.0
t6637,0.0,0.0,0.0,0.0,0.0,0.0,0.0,0.0,0.0,79087.39819890719,0.0
t6638,0.0,0.0,0.0,0.0,0.0,0.0,0.0,0.0,0.0,101173.44940156525,0.0
t6639,0.0,0.0,0.0,0.0,0.0,0.0,0.0,0.0,0.0,121779.65502288348,0.0
t6640,0.0,0.0,0.0,0.0,0.0,0.0,0.0,0.0,0.0,139499.21387929076,1231.5670393069838
t6641,0.0,0.0,0.0,0.0,0.0,0.0,0.0,0.0,0.0,139499.21387929076,17085.333835652702
t6642,0.0,0.0,0.0,0.0,0.0,0.0,0.0,0.0,0.0,139499.21387929076,19840.01497686201
t6643,0.0,0.0,0.0,0.0,0.0,0.0,0.0,0.0,0.0,139499.21387929076,14603.177219611685
t6644,0.0,0.0,0.0,0.0,0.0,0.0,0.0,0.0,0.0,124621.69234715373,0.0
t6645,0.0,0.0,0.0,0.0,0.0,0.0,0.0,0.0,0.0,101847.68970046187,0.0
t6646,0.0,0.0,0.0,0.0,0.0,0.0,0.0,0.0,0.0,81149.42066845177,0.0
t6647,0.0,0.0,0.0,0.0,0.0,0.0,0.0,0.0,0.0,64270.18562069816,0.0
t6648,0.0,0.0,0.0,0.0,0.0,0.0,0.0,0.0,0.0,54507.327558289326,0.0
t6649,0.0,0.0,0.0,0.0,0.0,0.0,0.0,0.0,0.0,48147.876999731,0.0
t6650,0.0,0.0,0.0,0.0,0.0,0.0,0.0,0.0,0.0,43802.63439497349,0.0
t6651,0.0,0.0,0.0,0.0,0.0,0.0,0.0,0.0,0.0,40939.52752349953,0.0
t6652,0.0,0.0,0.0,0.0,0.0,0.0,0.0,0.0,0.0,39389.77745086505,0.0
t6653,0.0,0.0,0.0,0.0,0.0,0.0,0.0,0.0,0.0,37489.828436180505,0.0
t6654,0.0,0.0,0.0,0.0,0.0,0.0,0.0,0.0,0.0,32893.08310179699,0.0
t6655,0.0,0.0,0.0,0.0,0.0,0.0,0.0,0.0,0.0,22789.90339305485,0.0
t6656,0.0,0.0,0.0,0.0,0.0,0.0,0.0,0.0,0.0,11801.93267186593,0.0
t6657,0.0,0.0,0.0,0.0,0.0,0.0,0.0,0.0,0.0,0.0,0.0
t6658,0.0,0.0,0.0,0.0,0.0,0.0,0.0,0.0,0.0,5496.364688504298,0.0
t6659,0.0,0.0,0.0,0.0,0.0,0.0,0.0,0.0,0.0,25738.32392496875,0.0
t6660,0.0,0.0,0.0,0.0,0.0,0.0,0.0,0.0,0.0,49377.871606043234,0.0
t6661,0.0,0.0,0.0,0.0,0.0,0.0,0.0,0.0,0.0,72218.92015607511,0.0
t6662,0.0,0.0,0.0,0.0,0.0,0.0,0.0,0.0,0.0,93029.25784915779,0.0
t6663,0.0,0.0,0.0,0.0,0.0,0.0,0.0,0.0,0.0,111102.28082411282,0.0
t6664,0.0,0.0,0.0,0.0,0.0,0.0,0.0,0.0,0.0,127302.60141097505,0.0
t6665,0.0,0.0,0.0,0.0,0.0,0.0,0.0,0.0,0.0,139499.21387929076,0.0
t6666,0.0,0.0,0.0,0.0,0.0,0.0,0.0,0.0,0.0,139499.21387929076,5741.706054728742
t6667,0.0,0.0,0.0,0.0,0.0,0.0,0.0,0.0,0.0,139499.21387929076,0.0
t6668,0.0,0.0,0.0,0.0,0.0,0.0,0.0,0.0,0.0,114946.28630487583,0.0
t6669,0.0,0.0,0.0,0.0,0.0,0.0,0.0,0.0,0.0,88885.1531991064,0.0
t6670,0.0,0.0,0.0,0.0,0.0,0.0,0.0,0.0,0.0,64694.40909143233,0.0
t6671,0.0,0.0,0.0,0.0,0.0,0.0,0.0,0.0,0.0,48477.15249113327,0.0
t6672,0.0,0.0,0.0,0.0,0.0,0.0,0.0,0.0,0.0,36370.792109307535,0.0
t6673,0.0,0.0,0.0,0.0,0.0,0.0,0.0,0.0,0.0,28954.95927761377,0.0
t6674,0.0,0.0,0.0,0.0,0.0,0.0,0.0,0.0,0.0,24517.041018148622,0.0
t6675,0.0,0.0,0.0,0.0,0.0,0.0,0.0,0.0,0.0,21298.64831531403,0.0
t6676,0.0,0.0,0.0,0.0,0.0,0.0,0.0,0.0,0.0,19123.724748596578,0.0
t6677,0.0,0.0,0.0,0.0,0.0,0.0,0.0,0.0,0.0,17950.49653005323,0.0
t6678,0.0,0.0,0.0,0.0,0.0,0.0,0.0,0.0,0.0,16318.846679654518,0.0
t6679,0.0,0.0,0.0,0.0,0.0,0.0,0.0,0.0,0.0,12390.779423150761,0.0
t6680,0.0,0.0,0.0,0.0,0.0,0.0,0.0,0.0,0.0,6767.746263905177,0.0
t6681,0.0,0.0,0.0,0.0,0.0,0.0,0.0,0.0,0.0,0.0,0.0
t6682,0.0,0.0,0.0,0.0,0.0,0.0,0.0,0.0,0.0,7810.4733833983455,0.0
t6683,0.0,0.0,0.0,0.0,0.0,0.0,0.0,0.0,0.0,28079.669579207348,0.0
t6684,0.0,0.0,0.0,0.0,0.0,0.0,0.0,0.0,0.0,41964.9605810573,0.0
t6685,0.0,0.0,0.0,0.0,0.0,0.0,0.0,0.0,0.0,67339.02205600722,0.0
t6686,0.0,0.0,0.0,0.0,0.0,0.0,0.0,0.0,0.0,92703.91980273022,0.0
t6687,0.0,0.0,0.0,0.0,0.0,0.0,0.0,0.0,0.0,117538.32930530055,0.0
t6688,0.0,0.0,0.0,0.0,0.0,0.0,0.0,0.0,0.0,139499.21387929076,3204.8739691999945
t6689,0.0,0.0,0.0,0.0,0.0,0.0,0.0,0.0,0.0,139499.21387929076,25419.19780938592
t6690,0.0,0.0,0.0,0.0,0.0,0.0,0.0,0.0,0.0,139499.21387929076,31752.921539288305
t6691,0.0,0.0,0.0,0.0,0.0,0.0,0.0,0.0,0.0,139499.21387929076,23607.137157323086
t6692,0.0,0.0,0.0,0.0,0.0,0.0,0.0,0.0,0.0,125431.01482563987,0.0
t6693,0.0,0.0,0.0,0.0,0.0,0.0,0.0,0.0,0.0,102218.84391446244,0.0
t6694,0.0,0.0,0.0,0.0,0.0,0.0,0.0,0.0,0.0,81664.48660398867,0.0
t6695,0.0,0.0,0.0,0.0,0.0,0.0,0.0,0.0,0.0,63223.24748954359,0.0
t6696,0.0,0.0,0.0,0.0,0.0,0.0,0.0,0.0,0.0,48010.8888413176,0.0
t6697,0.0,0.0,0.0,0.0,0.0,0.0,0.0,0.0,0.0,36084.71588013799,0.0
t6698,0.0,0.0,0.0,0.0,0.0,0.0,0.0,0.0,0.0,26792.88310129371,0.0
t6699,0.0,0.0,0.0,0.0,0.0,0.0,0.0,0.0,0.0,20168.887935909894,0.0
t6700,0.0,0.0,0.0,0.0,0.0,0.0,0.0,0.0,0.0,15533.75586899284,0.0
t6701,0.0,0.0,0.0,0.0,0.0,0.0,0.0,0.0,0.0,11609.231633478079,0.0
t6702,0.0,0.0,0.0,0.0,0.0,0.0,0.0,0.0,0.0,8779.541393673058,0.0
t6703,0.0,0.0,0.0,0.0,0.0,0.0,0.0,0.0,0.0,5962.290123228851,0.0
t6704,0.0,0.0,0.0,0.0,0.0,0.0,0.0,0.0,0.0,1559.5636494157295,0.0
t6705,0.0,0.0,0.0,0.0,0.0,0.0,0.0,0.0,0.0,0.0,0.0
t6706,0.0,0.0,0.0,0.0,0.0,0.0,0.0,0.0,0.0,0.0,0.0
t6707,0.0,0.0,0.0,0.0,0.0,0.0,0.0,0.0,0.0,27702.181803672058,0.0
t6708,0.0,0.0,0.0,0.0,0.0,0.0,0.0,0.0,0.0,54639.63915598206,0.0
t6709,0.0,0.0,0.0,0.0,0.0,0.0,0.0,0.0,0.0,68654.0927837283,0.0
t6710,0.0,0.0,0.0,0.0,0.0,0.0,0.0,0.0,0.0,92571.51695441392,0.0
t6711,0.0,0.0,0.0,0.0,0.0,0.0,0.0,0.0,0.0,114317.0172105772,0.0
t6712,0.0,0.0,0.0,0.0,0.0,0.0,0.0,0.0,0.0,139499.21387929076,0.0
t6713,0.0,0.0,0.0,0.0,0.0,0.0,0.0,0.0,0.0,139499.21387929076,27241.182829642214
t6714,0.0,0.0,0.0,0.0,0.0,0.0,0.0,0.0,0.0,139499.21387929076,38175.23154831669
t6715,0.0,0.0,0.0,0.0,0.0,0.0,0.0,0.0,0.0,139499.21387929076,30594.115629410313
t6716,0.0,0.0,0.0,0.0,0.0,0.0,0.0,0.0,0.0,131972.19635337932,0.0
t6717,0.0,0.0,0.0,0.0,0.0,0.0,0.0,0.0,0.0,112229.35205678242,0.0
t6718,0.0,0.0,0.0,0.0,0.0,0.0,0.0,0.0,0.0,94922.85344952252,0.0
t6719,0.0,0.0,0.0,0.0,0.0,0.0,0.0,0.0,0.0,81308.80965937678,0.0
t6720,0.0,0.0,0.0,0.0,0.0,0.0,0.0,0.0,0.0,71178.52467367063,0.0
t6721,0.0,0.0,0.0,0.0,0.0,0.0,0.0,0.0,0.0,63932.859853619746,0.0
t6722,0.0,0.0,0.0,0.0,0.0,0.0,0.0,0.0,0.0,58727.3766468648,0.0
t6723,0.0,0.0,0.0,0.0,0.0,0.0,0.0,0.0,0.0,55670.126896419606,0.0
t6724,0.0,0.0,0.0,0.0,0.0,0.0,0.0,0.0,0.0,53735.264328822246,0.0
t6725,0.0,0.0,0.0,0.0,0.0,0.0,0.0,0.0,0.0,49647.43840348319,0.0
t6726,0.0,0.0,0.0,0.0,0.0,0.0,0.0,0.0,0.0,42172.74928417832,0.0
t6727,0.0,0.0,0.0,0.0,0.0,0.0,0.0,0.0,0.0,27842.06749587397,0.0
t6728,0.0,0.0,0.0,0.0,0.0,0.0,0.0,0.0,0.0,10606.01407722658,0.0
t6729,0.0,0.0,0.0,0.0,0.0,0.0,0.0,0.0,0.0,0.0,0.0
t6730,0.0,0.0,0.0,0.0,0.0,0.0,0.0,0.0,0.0,13867.688873192623,0.0
t6731,0.0,0.0,0.0,0.0,0.0,0.0,0.0,0.0,0.0,40933.732080178015,0.0
t6732,0.0,0.0,0.0,0.0,0.0,0.0,0.0,0.0,0.0,65376.97346680818,0.0
t6733,0.0,0.0,0.0,0.0,0.0,0.0,0.0,0.0,0.0,84967.97686779704,0.0
t6734,0.0,0.0,0.0,0.0,0.0,0.0,0.0,0.0,0.0,107414.3946870539,0.0
t6735,0.0,0.0,0.0,0.0,0.0,0.0,0.0,0.0,0.0,139499.21387929076,0.0
t6736,0.0,0.0,0.0,0.0,0.0,0.0,0.0,0.0,0.0,139499.21387929076,37991.244462455594
t6737,0.0,0.0,0.0,0.0,0.0,0.0,0.0,0.0,0.0,139499.21387929076,61725.62608955975
t6738,0.0,0.0,0.0,0.0,0.0,0.0,0.0,0.0,0.0,139499.21387929076,68758.82817285234
t6739,0.0,0.0,0.0,0.0,0.0,0.0,0.0,0.0,0.0,139499.21387929076,57259.18365006913
t6740,0.0,0.0,0.0,0.0,0.0,0.0,0.0,0.0,0.0,139499.21387929076,0.0
t6741,0.0,0.0,0.0,0.0,0.0,0.0,0.0,0.0,0.0,118357.86547107098,0.0
t6742,0.0,0.0,0.0,0.0,0.0,0.0,0.0,0.0,0.0,99841.10165024751,0.0
t6743,0.0,0.0,0.0,0.0,0.0,0.0,0.0,0.0,0.0,85768.24975240215,0.0
t6744,0.0,0.0,0.0,0.0,0.0,0.0,0.0,0.0,0.0,76226.77223840065,0.0
t6745,0.0,0.0,0.0,0.0,0.0,0.0,0.0,0.0,0.0,69692.93359555898,0.0
t6746,0.0,0.0,0.0,0.0,0.0,0.0,0.0,0.0,0.0,64721.04551145503,0.0
t6747,0.0,0.0,0.0,0.0,0.0,0.0,0.0,0.0,0.0,60612.691756984765,0.0
t6748,0.0,0.0,0.0,0.0,0.0,0.0,0.0,0.0,0.0,56591.65274759306,0.0
t6749,0.0,0.0,0.0,0.0,0.0,0.0,0.0,0.0,0.0,52087.99907954779,0.0
t6750,0.0,0.0,0.0,0.0,0.0,0.0,0.0,0.0,0.0,44217.25514122986,0.0
t6751,0.0,0.0,0.0,0.0,0.0,0.0,0.0,0.0,0.0,30408.922437514826,0.0
t6752,0.0,0.0,0.0,0.0,0.0,0.0,0.0,0.0,0.0,14500.01467940609,0.0
t6753,0.0,0.0,0.0,0.0,0.0,0.0,0.0,0.0,0.0,0.0,0.0
t6754,0.0,0.0,0.0,0.0,0.0,0.0,0.0,0.0,0.0,3334.2651593554974,0.0
t6755,0.0,0.0,0.0,0.0,0.0,0.0,0.0,0.0,0.0,17182.017284193473,0.0
t6756,0.0,0.0,0.0,0.0,0.0,0.0,0.0,0.0,0.0,40063.28635186789,0.0
t6757,0.0,0.0,0.0,0.0,0.0,0.0,0.0,0.0,0.0,66222.3561549283,0.0
t6758,0.0,0.0,0.0,0.0,0.0,0.0,0.0,0.0,0.0,94817.43700540398,0.0
t6759,0.0,0.0,0.0,0.0,0.0,0.0,0.0,0.0,0.0,122209.42702861481,0.0
t6760,0.0,0.0,0.0,0.0,0.0,0.0,0.0,0.0,0.0,139499.21387929076,10093.553045728395
t6761,0.0,0.0,0.0,0.0,0.0,0.0,0.0,0.0,0.0,139499.21387929076,34620.87333647439
t6762,0.0,0.0,0.0,0.0,0.0,0.0,0.0,0.0,0.0,139499.21387929076,43472.46415503405
t6763,0.0,0.0,0.0,0.0,0.0,0.0,0.0,0.0,0.0,139499.21387929076,34454.51837316978
t6764,0.0,0.0,0.0,0.0,0.0,0.0,0.0,0.0,0.0,128889.7839320285,0.0
t6765,0.0,0.0,0.0,0.0,0.0,0.0,0.0,0.0,0.0,107686.80529964645,0.0
t6766,0.0,0.0,0.0,0.0,0.0,0.0,0.0,0.0,0.0,86948.19950485532,0.0
t6767,0.0,0.0,0.0,0.0,0.0,0.0,0.0,0.0,0.0,72040.75162335444,0.0
t6768,0.0,0.0,0.0,0.0,0.0,0.0,0.0,0.0,0.0,61826.00484452833,0.0
t6769,0.0,0.0,0.0,0.0,0.0,0.0,0.0,0.0,0.0,55900.29237146113,0.0
t6770,0.0,0.0,0.0,0.0,0.0,0.0,0.0,0.0,0.0,52463.51771462851,0.0
t6771,0.0,0.0,0.0,0.0,0.0,0.0,0.0,0.0,0.0,50403.90188308555,0.0
t6772,0.0,0.0,0.0,0.0,0.0,0.0,0.0,0.0,0.0,47825.960748460355,0.0
t6773,0.0,0.0,0.0,0.0,0.0,0.0,0.0,0.0,0.0,45162.4665309474,0.0
t6774,0.0,0.0,0.0,0.0,0.0,0.0,0.0,0.0,0.0,38386.83157689842,0.0
t6775,0.0,0.0,0.0,0.0,0.0,0.0,0.0,0.0,0.0,25293.585325696316,0.0
t6776,0.0,0.0,0.0,0.0,0.0,0.0,0.0,0.0,0.0,10061.847206871624,0.0
t6777,0.0,0.0,0.0,0.0,0.0,0.0,0.0,0.0,0.0,5883.9103766414555,0.0
t6778,0.0,0.0,0.0,0.0,0.0,0.0,0.0,0.0,0.0,5883.9103766414555,0.0
t6779,0.0,0.0,0.0,0.0,0.0,0.0,0.0,0.0,0.0,15845.407682080047,0.0
t6780,0.0,0.0,0.0,0.0,0.0,0.0,0.0,0.0,0.0,33842.26034059888,0.0
t6781,0.0,0.0,0.0,0.0,0.0,0.0,0.0,0.0,0.0,52420.34379779614,0.0
t6782,0.0,0.0,0.0,0.0,0.0,0.0,0.0,0.0,0.0,74341.12640954209,0.0
t6783,0.0,0.0,0.0,0.0,0.0,0.0,0.0,0.0,0.0,95009.6727462815,0.0
t6784,0.0,0.0,0.0,0.0,0.0,0.0,0.0,0.0,0.0,116079.95126635143,0.0
t6785,0.0,0.0,0.0,0.0,0.0,0.0,0.0,0.0,0.0,132310.63343948382,0.0
t6786,0.0,0.0,0.0,0.0,0.0,0.0,0.0,0.0,0.0,139499.21387929076,0.0
t6787,0.0,0.0,0.0,0.0,0.0,0.0,0.0,0.0,0.0,139499.21387929076,0.0
t6788,0.0,0.0,0.0,0.0,0.0,0.0,0.0,0.0,0.0,118280.46604002209,0.0
t6789,0.0,0.0,0.0,0.0,0.0,0.0,0.0,0.0,0.0,98726.34118858827,0.0
t6790,0.0,0.0,0.0,0.0,0.0,0.0,0.0,0.0,0.0,80658.40374394925,0.0
t6791,0.0,0.0,0.0,0.0,0.0,0.0,0.0,0.0,0.0,68396.54561208036,0.0
t6792,0.0,0.0,0.0,0.0,0.0,0.0,0.0,0.0,0.0,60455.12806507034,0.0
t6793,0.0,0.0,0.0,0.0,0.0,0.0,0.0,0.0,0.0,55115.488987753386,0.0
t6794,0.0,0.0,0.0,0.0,0.0,0.0,0.0,0.0,0.0,52911.108643251726,0.0
t6795,0.0,0.0,0.0,0.0,0.0,0.0,0.0,0.0,0.0,51617.16700310928,0.0
t6796,0.0,0.0,0.0,0.0,0.0,0.0,0.0,0.0,0.0,50201.759892349946,0.0
t6797,0.0,0.0,0.0,0.0,0.0,0.0,0.0,0.0,0.0,47896.65009366468,0.0
t6798,0.0,0.0,0.0,0.0,0.0,0.0,0.0,0.0,0.0,42376.19343739277,0.0
t6799,0.0,0.0,0.0,0.0,0.0,0.0,0.0,0.0,0.0,30183.322945017026,0.0
t6800,0.0,0.0,0.0,0.0,0.0,0.0,0.0,0.0,0.0,14640.991008025123,0.0
t6801,0.0,0.0,0.0,0.0,0.0,0.0,0.0,0.0,0.0,0.0,0.0
t6802,0.0,0.0,0.0,0.0,0.0,0.0,0.0,0.0,0.0,1222.896475210755,0.0
t6803,0.0,0.0,0.0,0.0,0.0,0.0,0.0,0.0,0.0,14840.630251270088,0.0
t6804,0.0,0.0,0.0,0.0,0.0,0.0,0.0,0.0,0.0,36901.459840207965,0.0
t6805,0.0,0.0,0.0,0.0,0.0,0.0,0.0,0.0,0.0,58795.68071572286,0.0
t6806,0.0,0.0,0.0,0.0,0.0,0.0,0.0,0.0,0.0,78895.31039856607,0.0
t6807,0.0,0.0,0.0,0.0,0.0,0.0,0.0,0.0,0.0,99525.71861277634,0.0
t6808,0.0,0.0,0.0,0.0,0.0,0.0,0.0,0.0,0.0,117132.9174050718,0.0
t6809,0.0,0.0,0.0,0.0,0.0,0.0,0.0,0.0,0.0,131402.00992699884,0.0
t6810,0.0,0.0,0.0,0.0,0.0,0.0,0.0,0.0,0.0,139499.21387929076,0.0
t6811,0.0,0.0,0.0,0.0,0.0,0.0,0.0,0.0,0.0,138091.8219096257,0.0
t6812,0.0,0.0,0.0,0.0,0.0,0.0,0.0,0.0,0.0,117566.39961004196,0.0
t6813,0.0,0.0,0.0,0.0,0.0,0.0,0.0,0.0,0.0,97757.69987213839,0.0
t6814,0.0,0.0,0.0,0.0,0.0,0.0,0.0,0.0,0.0,81257.9305064672,0.0
t6815,0.0,0.0,0.0,0.0,0.0,0.0,0.0,0.0,0.0,67727.49019612624,0.0
t6816,0.0,0.0,0.0,0.0,0.0,0.0,0.0,0.0,0.0,59467.89747949666,0.0
t6817,0.0,0.0,0.0,0.0,0.0,0.0,0.0,0.0,0.0,55202.01738329457,0.0
t6818,0.0,0.0,0.0,0.0,0.0,0.0,0.0,0.0,0.0,51186.141808091306,0.0
t6819,0.0,0.0,0.0,0.0,0.0,0.0,0.0,0.0,0.0,48567.297272645555,0.0
t6820,0.0,0.0,0.0,0.0,0.0,0.0,0.0,0.0,0.0,46188.30241991165,0.0
t6821,0.0,0.0,0.0,0.0,0.0,0.0,0.0,0.0,0.0,43728.00265910158,0.0
t6822,0.0,0.0,0.0,0.0,0.0,0.0,0.0,0.0,0.0,38009.729655797855,0.0
t6823,0.0,0.0,0.0,0.0,0.0,0.0,0.0,0.0,0.0,26674.824256836266,0.0
t6824,0.0,0.0,0.0,0.0,0.0,0.0,0.0,0.0,0.0,13579.501204270678,0.0
t6825,0.0,0.0,0.0,0.0,0.0,0.0,0.0,0.0,0.0,0.0,0.0
t6826,0.0,0.0,0.0,0.0,0.0,0.0,0.0,0.0,0.0,2342.977219617207,0.0
t6827,0.0,0.0,0.0,0.0,0.0,0.0,0.0,0.0,0.0,14377.487613078345,0.0
t6828,0.0,0.0,0.0,0.0,0.0,0.0,0.0,0.0,0.0,33779.448935897075,0.0
t6829,0.0,0.0,0.0,0.0,0.0,0.0,0.0,0.0,0.0,51500.60607623219,0.0
t6830,0.0,0.0,0.0,0.0,0.0,0.0,0.0,0.0,0.0,72723.44528175524,0.0
t6831,0.0,0.0,0.0,0.0,0.0,0.0,0.0,0.0,0.0,90388.98149614719,0.0
t6832,0.0,0.0,0.0,0.0,0.0,0.0,0.0,0.0,0.0,108472.82065407957,0.0
t6833,0.0,0.0,0.0,0.0,0.0,0.0,0.0,0.0,0.0,121197.93680583416,0.0
t6834,0.0,0.0,0.0,0.0,0.0,0.0,0.0,0.0,0.0,126940.88240784369,0.0
t6835,0.0,0.0,0.0,0.0,0.0,0.0,0.0,0.0,0.0,124310.55896427989,0.0
t6836,0.0,0.0,0.0,0.0,0.0,0.0,0.0,0.0,0.0,102287.22030044599,0.0
t6837,0.0,0.0,0.0,0.0,0.0,0.0,0.0,0.0,0.0,81845.43915375092,0.0
t6838,0.0,0.0,0.0,0.0,0.0,0.0,0.0,0.0,0.0,64413.69954831622,0.0
t6839,0.0,0.0,0.0,0.0,0.0,0.0,0.0,0.0,0.0,50554.882158861736,0.0
t6840,0.0,0.0,0.0,0.0,0.0,0.0,0.0,0.0,0.0,40906.77749408502,0.0
t6841,0.0,0.0,0.0,0.0,0.0,0.0,0.0,0.0,0.0,34314.38091123425,0.0
t6842,0.0,0.0,0.0,0.0,0.0,0.0,0.0,0.0,0.0,31073.649501049942,0.0
t6843,0.0,0.0,0.0,0.0,0.0,0.0,0.0,0.0,0.0,29896.738366820657,0.0
t6844,0.0,0.0,0.0,0.0,0.0,0.0,0.0,0.0,0.0,28291.149868920515,0.0
t6845,0.0,0.0,0.0,0.0,0.0,0.0,0.0,0.0,0.0,26895.55448726825,0.0
t6846,0.0,0.0,0.0,0.0,0.0,0.0,0.0,0.0,0.0,24027.719638555325,0.0
t6847,0.0,0.0,0.0,0.0,0.0,0.0,0.0,0.0,0.0,18652.877801839924,0.0
t6848,0.0,0.0,0.0,0.0,0.0,0.0,0.0,0.0,0.0,11877.608626518024,0.0
t6849,0.0,0.0,0.0,0.0,0.0,0.0,0.0,0.0,0.0,2798.410158861654,0.0
t6850,0.0,0.0,0.0,0.0,0.0,0.0,0.0,0.0,0.0,2798.410158861654,0.0
t6851,0.0,0.0,0.0,0.0,0.0,0.0,0.0,0.0,0.0,8884.526477983045,0.0
t6852,0.0,0.0,0.0,0.0,0.0,0.0,0.0,0.0,0.0,24263.51073433601,0.0
t6853,0.0,0.0,0.0,0.0,0.0,0.0,0.0,0.0,0.0,44000.713913036285,0.0
t6854,0.0,0.0,0.0,0.0,0.0,0.0,0.0,0.0,0.0,62504.672528501214,0.0
t6855,0.0,0.0,0.0,0.0,0.0,0.0,0.0,0.0,0.0,77223.4884722095,0.0
t6856,0.0,0.0,0.0,0.0,0.0,0.0,0.0,0.0,0.0,90710.38694147243,0.0
t6857,0.0,0.0,0.0,0.0,0.0,0.0,0.0,0.0,0.0,99908.76985435621,0.0
t6858,0.0,0.0,0.0,0.0,0.0,0.0,0.0,0.0,0.0,99908.76985435621,0.0
t6859,0.0,0.0,0.0,0.0,0.0,0.0,0.0,0.0,0.0,97016.53414045536,0.0
t6860,0.0,0.0,0.0,0.0,0.0,0.0,0.0,0.0,0.0,80901.79291952266,0.0
t6861,0.0,0.0,0.0,0.0,0.0,0.0,0.0,0.0,0.0,64407.7361282597,0.0
t6862,0.0,0.0,0.0,0.0,0.0,0.0,0.0,0.0,0.0,50075.316575155804,0.0
t6863,0.0,0.0,0.0,0.0,0.0,0.0,0.0,0.0,0.0,38257.6653029933,0.0
t6864,0.0,0.0,0.0,0.0,0.0,0.0,0.0,0.0,0.0,28295.37509441881,0.0
t6865,0.0,0.0,0.0,0.0,0.0,0.0,0.0,0.0,0.0,21480.534139455922,0.0
t6866,0.0,0.0,0.0,0.0,0.0,0.0,0.0,0.0,0.0,17380.091316092126,0.0
t6867,0.0,0.0,0.0,0.0,0.0,0.0,0.0,0.0,0.0,15473.159730355927,0.0
t6868,0.0,0.0,0.0,0.0,0.0,0.0,0.0,0.0,0.0,13855.46627392818,0.0
t6869,0.0,0.0,0.0,0.0,0.0,0.0,0.0,0.0,0.0,12781.672453975098,0.0
t6870,0.0,0.0,0.0,0.0,0.0,0.0,0.0,0.0,0.0,11240.053307064998,0.0
t6871,0.0,0.0,0.0,0.0,0.0,0.0,0.0,0.0,0.0,8555.34077588074,0.0
t6872,0.0,0.0,0.0,0.0,0.0,0.0,0.0,0.0,0.0,6676.253565604118,0.0
t6873,0.0,0.0,0.0,0.0,0.0,0.0,0.0,0.0,0.0,0.0,0.0
t6874,0.0,0.0,0.0,0.0,0.0,0.0,0.0,0.0,0.0,32.60929990026254,0.0
t6875,0.0,0.0,0.0,0.0,0.0,0.0,0.0,0.0,0.0,18021.14413629141,0.0
t6876,0.0,0.0,0.0,0.0,0.0,0.0,0.0,0.0,0.0,42054.601558023714,0.0
t6877,0.0,0.0,0.0,0.0,0.0,0.0,0.0,0.0,0.0,66769.17628654398,0.0
t6878,0.0,0.0,0.0,0.0,0.0,0.0,0.0,0.0,0.0,90817.64870359984,0.0
t6879,0.0,0.0,0.0,0.0,0.0,0.0,0.0,0.0,0.0,113577.35859437741,0.0
t6880,0.0,0.0,0.0,0.0,0.0,0.0,0.0,0.0,0.0,135269.1280939268,0.0
t6881,0.0,0.0,0.0,0.0,0.0,0.0,0.0,0.0,0.0,139499.21387929076,14151.151190631532
t6882,0.0,0.0,0.0,0.0,0.0,0.0,0.0,0.0,0.0,139499.21387929076,18360.514475452128
t6883,0.0,0.0,0.0,0.0,0.0,0.0,0.0,0.0,0.0,139499.21387929076,4124.908783976464
t6884,0.0,0.0,0.0,0.0,0.0,0.0,0.0,0.0,0.0,116609.04031131016,0.0
t6885,0.0,0.0,0.0,0.0,0.0,0.0,0.0,0.0,0.0,92923.2935706515,0.0
t6886,0.0,0.0,0.0,0.0,0.0,0.0,0.0,0.0,0.0,73011.71284303442,0.0
t6887,0.0,0.0,0.0,0.0,0.0,0.0,0.0,0.0,0.0,57508.05060939645,0.0
t6888,0.0,0.0,0.0,0.0,0.0,0.0,0.0,0.0,0.0,47465.35443050024,0.0
t6889,0.0,0.0,0.0,0.0,0.0,0.0,0.0,0.0,0.0,41356.20618799077,0.0
t6890,0.0,0.0,0.0,0.0,0.0,0.0,0.0,0.0,0.0,38032.09948674156,0.0
t6891,0.0,0.0,0.0,0.0,0.0,0.0,0.0,0.0,0.0,36562.271496312234,0.0
t6892,0.0,0.0,0.0,0.0,0.0,0.0,0.0,0.0,0.0,35571.60747767362,0.0
t6893,0.0,0.0,0.0,0.0,0.0,0.0,0.0,0.0,0.0,34029.88351626989,0.0
t6894,0.0,0.0,0.0,0.0,0.0,0.0,0.0,0.0,0.0,29588.123416357157,0.0
t6895,0.0,0.0,0.0,0.0,0.0,0.0,0.0,0.0,0.0,19799.121408634033,0.0
t6896,0.0,0.0,0.0,0.0,0.0,0.0,0.0,0.0,0.0,7770.612493284023,0.0
t6897,0.0,0.0,0.0,0.0,0.0,0.0,0.0,0.0,0.0,0.0,0.0
t6898,0.0,0.0,0.0,0.0,0.0,0.0,0.0,0.0,0.0,7360.389143509202,0.0
t6899,0.0,0.0,0.0,0.0,0.0,0.0,0.0,0.0,0.0,22900.00142163719,0.0
t6900,0.0,0.0,0.0,0.0,0.0,0.0,0.0,0.0,0.0,39261.09987229422,0.0
t6901,0.0,0.0,0.0,0.0,0.0,0.0,0.0,0.0,0.0,59252.26716035007,0.0
t6902,0.0,0.0,0.0,0.0,0.0,0.0,0.0,0.0,0.0,81905.57638630156,0.0
t6903,0.0,0.0,0.0,0.0,0.0,0.0,0.0,0.0,0.0,102581.26967601548,0.0
t6904,0.0,0.0,0.0,0.0,0.0,0.0,0.0,0.0,0.0,121354.59469626617,0.0
t6905,0.0,0.0,0.0,0.0,0.0,0.0,0.0,0.0,0.0,134725.54016950625,0.0
t6906,0.0,0.0,0.0,0.0,0.0,0.0,0.0,0.0,0.0,139499.21387929076,0.0
t6907,0.0,0.0,0.0,0.0,0.0,0.0,0.0,0.0,0.0,130005.18118440775,0.0
t6908,0.0,0.0,0.0,0.0,0.0,0.0,0.0,0.0,0.0,107153.93760117194,0.0
t6909,0.0,0.0,0.0,0.0,0.0,0.0,0.0,0.0,0.0,85251.45302212515,0.0
t6910,0.0,0.0,0.0,0.0,0.0,0.0,0.0,0.0,0.0,67132.14623012283,0.0
t6911,0.0,0.0,0.0,0.0,0.0,0.0,0.0,0.0,0.0,54626.123959941906,0.0
t6912,0.0,0.0,0.0,0.0,0.0,0.0,0.0,0.0,0.0,47607.9132492136,0.0
t6913,0.0,0.0,0.0,0.0,0.0,0.0,0.0,0.0,0.0,44371.97686280363,0.0
t6914,0.0,0.0,0.0,0.0,0.0,0.0,0.0,0.0,0.0,43549.81865083825,0.0
t6915,0.0,0.0,0.0,0.0,0.0,0.0,0.0,0.0,0.0,44159.41266442144,0.0
t6916,0.0,0.0,0.0,0.0,0.0,0.0,0.0,0.0,0.0,45338.96330987482,0.0
t6917,0.0,0.0,0.0,0.0,0.0,0.0,0.0,0.0,0.0,45787.159684215396,0.0
t6918,0.0,0.0,0.0,0.0,0.0,0.0,0.0,0.0,0.0,43159.82246045516,0.0
t6919,0.0,0.0,0.0,0.0,0.0,0.0,0.0,0.0,0.0,34753.498795698426,0.0
t6920,0.0,0.0,0.0,0.0,0.0,0.0,0.0,0.0,0.0,23775.134966431742,0.0
t6921,0.0,0.0,0.0,0.0,0.0,0.0,0.0,0.0,0.0,13734.826308515958,0.0
t6922,0.0,0.0,0.0,0.0,0.0,0.0,0.0,0.0,0.0,13063.2711645766,0.0
t6923,0.0,0.0,0.0,0.0,0.0,0.0,0.0,0.0,0.0,19140.764408682422,0.0
t6924,0.0,0.0,0.0,0.0,0.0,0.0,0.0,0.0,0.0,28470.787962358598,0.0
t6925,0.0,0.0,0.0,0.0,0.0,0.0,0.0,0.0,0.0,41354.18974155814,0.0
t6926,0.0,0.0,0.0,0.0,0.0,0.0,0.0,0.0,0.0,55963.17200493798,0.0
t6927,0.0,0.0,0.0,0.0,0.0,0.0,0.0,0.0,0.0,70066.61375105722,0.0
t6928,0.0,0.0,0.0,0.0,0.0,0.0,0.0,0.0,0.0,82883.87063849827,0.0
t6929,0.0,0.0,0.0,0.0,0.0,0.0,0.0,0.0,0.0,90913.32675818869,0.0
t6930,0.0,0.0,0.0,0.0,0.0,0.0,0.0,0.0,0.0,91652.55515849292,0.0
t6931,0.0,0.0,0.0,0.0,0.0,0.0,0.0,0.0,0.0,80344.99882238549,0.0
t6932,0.0,0.0,0.0,0.0,0.0,0.0,0.0,0.0,0.0,63573.730787895794,0.0
t6933,0.0,0.0,0.0,0.0,0.0,0.0,0.0,0.0,0.0,47351.405611891365,0.0
t6934,0.0,0.0,0.0,0.0,0.0,0.0,0.0,0.0,0.0,34361.55686400637,0.0
t6935,0.0,0.0,0.0,0.0,0.0,0.0,0.0,0.0,0.0,24939.03590770289,0.0
t6936,0.0,0.0,0.0,0.0,0.0,0.0,0.0,0.0,0.0,20698.262646336545,0.0
t6937,0.0,0.0,0.0,0.0,0.0,0.0,0.0,0.0,0.0,21430.402321618436,0.0
t6938,0.0,0.0,0.0,0.0,0.0,0.0,0.0,0.0,0.0,24001.418282758452,0.0
t6939,0.0,0.0,0.0,0.0,0.0,0.0,0.0,0.0,0.0,27042.76805220911,0.0
t6940,0.0,0.0,0.0,0.0,0.0,0.0,0.0,0.0,0.0,30803.940319649344,0.0
t6941,0.0,0.0,0.0,0.0,0.0,0.0,0.0,0.0,0.0,33393.3176648371,0.0
t6942,0.0,0.0,0.0,0.0,0.0,0.0,0.0,0.0,0.0,32065.744361770605,0.0
t6943,0.0,0.0,0.0,0.0,0.0,0.0,0.0,0.0,0.0,24832.531731544586,0.0
t6944,0.0,0.0,0.0,0.0,0.0,0.0,0.0,0.0,0.0,13543.615540391438,0.0
t6945,0.0,0.0,0.0,0.0,0.0,0.0,0.0,0.0,0.0,0.0,0.0
t6946,0.0,0.0,0.0,0.0,0.0,0.0,0.0,0.0,0.0,4961.022355932928,0.0
t6947,0.0,0.0,0.0,0.0,0.0,0.0,0.0,0.0,0.0,25183.53357270881,0.0
t6948,0.0,0.0,0.0,0.0,0.0,0.0,0.0,0.0,0.0,51689.25482506695,0.0
t6949,0.0,0.0,0.0,0.0,0.0,0.0,0.0,0.0,0.0,79776.7666436468,0.0
t6950,0.0,0.0,0.0,0.0,0.0,0.0,0.0,0.0,0.0,105872.59308519756,0.0
t6951,0.0,0.0,0.0,0.0,0.0,0.0,0.0,0.0,0.0,129459.36862385947,0.0
t6952,0.0,0.0,0.0,0.0,0.0,0.0,0.0,0.0,0.0,139499.21387929076,12146.851782932481
t6953,0.0,0.0,0.0,0.0,0.0,0.0,0.0,0.0,0.0,139499.21387929076,23568.309207563525
t6954,0.0,0.0,0.0,0.0,0.0,0.0,0.0,0.0,0.0,139499.21387929076,21025.83988079502
t6955,0.0,0.0,0.0,0.0,0.0,0.0,0.0,0.0,0.0,139499.21387929076,0.0
t6956,0.0,0.0,0.0,0.0,0.0,0.0,0.0,0.0,0.0,109511.3291762329,0.0
t6957,0.0,0.0,0.0,0.0,0.0,0.0,0.0,0.0,0.0,83789.56008520542,0.0
t6958,0.0,0.0,0.0,0.0,0.0,0.0,0.0,0.0,0.0,63003.031477488374,0.0
t6959,0.0,0.0,0.0,0.0,0.0,0.0,0.0,0.0,0.0,46706.427270251006,0.0
t6960,0.0,0.0,0.0,0.0,0.0,0.0,0.0,0.0,0.0,37188.98143230358,0.0
t6961,0.0,0.0,0.0,0.0,0.0,0.0,0.0,0.0,0.0,32420.240931532575,0.0
t6962,0.0,0.0,0.0,0.0,0.0,0.0,0.0,0.0,0.0,30885.626943793475,0.0
t6963,0.0,0.0,0.0,0.0,0.0,0.0,0.0,0.0,0.0,30226.08171082097,0.0
t6964,0.0,0.0,0.0,0.0,0.0,0.0,0.0,0.0,0.0,29764.56991060619,0.0
t6965,0.0,0.0,0.0,0.0,0.0,0.0,0.0,0.0,0.0,28657.020338881666,0.0
t6966,0.0,0.0,0.0,0.0,0.0,0.0,0.0,0.0,0.0,24836.318873369135,0.0
t6967,0.0,0.0,0.0,0.0,0.0,0.0,0.0,0.0,0.0,16435.83347891142,0.0
t6968,0.0,0.0,0.0,0.0,0.0,0.0,0.0,0.0,0.0,5815.252715429517,0.0
t6969,0.0,0.0,0.0,0.0,0.0,0.0,0.0,0.0,0.0,0.0,0.0
t6970,0.0,0.0,0.0,0.0,0.0,0.0,0.0,0.0,0.0,10970.563374317917,0.0
t6971,0.0,0.0,0.0,0.0,0.0,0.0,0.0,0.0,0.0,36344.87708903159,0.0
t6972,0.0,0.0,0.0,0.0,0.0,0.0,0.0,0.0,0.0,68429.69628126847,0.0
t6973,0.0,0.0,0.0,0.0,0.0,0.0,0.0,0.0,0.0,100514.51547350534,0.0
t6974,0.0,0.0,0.0,0.0,0.0,0.0,0.0,0.0,0.0,132599.3346657422,0.0
t6975,0.0,0.0,0.0,0.0,0.0,0.0,0.0,0.0,0.0,139499.21387929076,28521.98474634199
t6976,0.0,0.0,0.0,0.0,0.0,0.0,0.0,0.0,0.0,139499.21387929076,55721.33607460729
t6977,0.0,0.0,0.0,0.0,0.0,0.0,0.0,0.0,0.0,139499.21387929076,70819.49285827443
t6978,0.0,0.0,0.0,0.0,0.0,0.0,0.0,0.0,0.0,139499.21387929076,69361.24547608539
t6979,0.0,0.0,0.0,0.0,0.0,0.0,0.0,0.0,0.0,139499.21387929076,52020.93410706404
t6980,0.0,0.0,0.0,0.0,0.0,0.0,0.0,0.0,0.0,137233.73995801798,0.0
t6981,0.0,0.0,0.0,0.0,0.0,0.0,0.0,0.0,0.0,114430.29349207607,0.0
t6982,0.0,0.0,0.0,0.0,0.0,0.0,0.0,0.0,0.0,92526.84558413157,0.0
t6983,0.0,0.0,0.0,0.0,0.0,0.0,0.0,0.0,0.0,74793.14006387194,0.0
t6984,0.0,0.0,0.0,0.0,0.0,0.0,0.0,0.0,0.0,63066.51064688186,0.0
t6985,0.0,0.0,0.0,0.0,0.0,0.0,0.0,0.0,0.0,56143.48595604391,0.0
t6986,0.0,0.0,0.0,0.0,0.0,0.0,0.0,0.0,0.0,50576.994569838535,0.0
t6987,0.0,0.0,0.0,0.0,0.0,0.0,0.0,0.0,0.0,44870.152443294144,0.0
t6988,0.0,0.0,0.0,0.0,0.0,0.0,0.0,0.0,0.0,40388.08192019333,0.0
t6989,0.0,0.0,0.0,0.0,0.0,0.0,0.0,0.0,0.0,36619.42890744794,0.0
t6990,0.0,0.0,0.0,0.0,0.0,0.0,0.0,0.0,0.0,29954.85286222199,0.0
t6991,0.0,0.0,0.0,0.0,0.0,0.0,0.0,0.0,0.0,17707.102191702586,0.0
t6992,0.0,0.0,0.0,0.0,0.0,0.0,0.0,0.0,0.0,2666.4721667129215,0.0
t6993,0.0,0.0,0.0,0.0,0.0,0.0,0.0,0.0,0.0,0.0,0.0
t6994,0.0,0.0,0.0,0.0,0.0,0.0,0.0,0.0,0.0,18608.014291582356,0.0
t6995,0.0,0.0,0.0,0.0,0.0,0.0,0.0,0.0,0.0,33917.2483766379,0.0
t6996,0.0,0.0,0.0,0.0,0.0,0.0,0.0,0.0,0.0,49409.06158990314,0.0
t6997,0.0,0.0,0.0,0.0,0.0,0.0,0.0,0.0,0.0,75329.57549481702,0.0
t6998,0.0,0.0,0.0,0.0,0.0,0.0,0.0,0.0,0.0,107414.3946870539,0.0
t6999,0.0,0.0,0.0,0.0,0.0,0.0,0.0,0.0,0.0,139499.21387929076,1323.5903479660144
t7000,0.0,0.0,0.0,0.0,0.0,0.0,0.0,0.0,0.0,139499.21387929076,42474.936583597555
t7001,0.0,0.0,0.0,0.0,0.0,0.0,0.0,0.0,0.0,139499.21387929076,65809.72474368526
t7002,0.0,0.0,0.0,0.0,0.0,0.0,0.0,0.0,0.0,139499.21387929076,71667.63775266573
t7003,0.0,0.0,0.0,0.0,0.0,0.0,0.0,0.0,0.0,139499.21387929076,56939.592805181055
t7004,0.0,0.0,0.0,0.0,0.0,0.0,0.0,0.0,0.0,139499.21387929076,0.0
t7005,0.0,0.0,0.0,0.0,0.0,0.0,0.0,0.0,0.0,118404.33035588343,0.0
t7006,0.0,0.0,0.0,0.0,0.0,0.0,0.0,0.0,0.0,98181.73292204602,0.0
t7007,0.0,0.0,0.0,0.0,0.0,0.0,0.0,0.0,0.0,81545.40573877654,0.0
t7008,0.0,0.0,0.0,0.0,0.0,0.0,0.0,0.0,0.0,68992.96998798002,0.0
t7009,0.0,0.0,0.0,0.0,0.0,0.0,0.0,0.0,0.0,59803.35492138869,0.0
t7010,0.0,0.0,0.0,0.0,0.0,0.0,0.0,0.0,0.0,52261.89082783464,0.0
t7011,0.0,0.0,0.0,0.0,0.0,0.0,0.0,0.0,0.0,45982.05800943832,0.0
t7012,0.0,0.0,0.0,0.0,0.0,0.0,0.0,0.0,0.0,40406.7747604294,0.0
t7013,0.0,0.0,0.0,0.0,0.0,0.0,0.0,0.0,0.0,34711.3000133726,0.0
t7014,0.0,0.0,0.0,0.0,0.0,0.0,0.0,0.0,0.0,27978.516484238655,0.0
t7015,0.0,0.0,0.0,0.0,0.0,0.0,0.0,0.0,0.0,19164.692942594662,0.0
t7016,0.0,0.0,0.0,0.0,0.0,0.0,0.0,0.0,0.0,8983.336704317673,0.0
t7017,0.0,0.0,0.0,0.0,0.0,0.0,0.0,0.0,0.0,0.0,0.0
t7018,0.0,0.0,0.0,0.0,0.0,0.0,0.0,0.0,0.0,8356.64987095564,0.0
t7019,0.0,0.0,0.0,0.0,0.0,0.0,0.0,0.0,0.0,30839.25072366806,0.0
t7020,0.0,0.0,0.0,0.0,0.0,0.0,0.0,0.0,0.0,62924.06991590494,0.0
t7021,0.0,0.0,0.0,0.0,0.0,0.0,0.0,0.0,0.0,93571.0107288486,0.0
t7022,0.0,0.0,0.0,0.0,0.0,0.0,0.0,0.0,0.0,124821.28365278366,0.0
t7023,0.0,0.0,0.0,0.0,0.0,0.0,0.0,0.0,0.0,139499.21387929076,18769.843632751443
t7024,0.0,0.0,0.0,0.0,0.0,0.0,0.0,0.0,0.0,139499.21387929076,47942.03838002075
t7025,0.0,0.0,0.0,0.0,0.0,0.0,0.0,0.0,0.0,139499.21387929076,64177.01144238105
t7026,0.0,0.0,0.0,0.0,0.0,0.0,0.0,0.0,0.0,139499.21387929076,64742.84857036887
t7027,0.0,0.0,0.0,0.0,0.0,0.0,0.0,0.0,0.0,139499.21387929076,48665.256280723
t7028,0.0,0.0,0.0,0.0,0.0,0.0,0.0,0.0,0.0,135134.2899724158,0.0
t7029,0.0,0.0,0.0,0.0,0.0,0.0,0.0,0.0,0.0,113387.30274934732,0.0
t7030,0.0,0.0,0.0,0.0,0.0,0.0,0.0,0.0,0.0,94760.19126299836,0.0
t7031,0.0,0.0,0.0,0.0,0.0,0.0,0.0,0.0,0.0,79992.25751594437,0.0
t7032,0.0,0.0,0.0,0.0,0.0,0.0,0.0,0.0,0.0,67955.72724673983,0.0
t7033,0.0,0.0,0.0,0.0,0.0,0.0,0.0,0.0,0.0,57567.67843915422,0.0
t7034,0.0,0.0,0.0,0.0,0.0,0.0,0.0,0.0,0.0,48837.66250407627,0.0
t7035,0.0,0.0,0.0,0.0,0.0,0.0,0.0,0.0,0.0,42252.368626929245,0.0
t7036,0.0,0.0,0.0,0.0,0.0,0.0,0.0,0.0,0.0,37092.14106379891,0.0
t7037,0.0,0.0,0.0,0.0,0.0,0.0,0.0,0.0,0.0,31593.14689172615,0.0
t7038,0.0,0.0,0.0,0.0,0.0,0.0,0.0,0.0,0.0,25516.069380882378,0.0
t7039,0.0,0.0,0.0,0.0,0.0,0.0,0.0,0.0,0.0,19062.471611908968,0.0
t7040,0.0,0.0,0.0,0.0,0.0,0.0,0.0,0.0,0.0,11110.144293252915,0.0
t7041,0.0,0.0,0.0,0.0,0.0,0.0,0.0,0.0,0.0,0.0,0.0
t7042,0.0,0.0,0.0,0.0,0.0,0.0,0.0,0.0,0.0,8617.105832718444,0.0
t7043,0.0,0.0,0.0,0.0,0.0,0.0,0.0,0.0,0.0,28590.127084371954,0.0
t7044,0.0,0.0,0.0,0.0,0.0,0.0,0.0,0.0,0.0,58370.32978266124,0.0
t7045,0.0,0.0,0.0,0.0,0.0,0.0,0.0,0.0,0.0,90005.7014604208,0.0
t7046,0.0,0.0,0.0,0.0,0.0,0.0,0.0,0.0,0.0,119822.22518348675,0.0
t7047,0.0,0.0,0.0,0.0,0.0,0.0,0.0,0.0,0.0,139499.21387929076,8955.2593694914
t7048,0.0,0.0,0.0,0.0,0.0,0.0,0.0,0.0,0.0,139499.21387929076,32589.042930846885
t7049,0.0,0.0,0.0,0.0,0.0,0.0,0.0,0.0,0.0,139499.21387929076,42528.77311466595
t7050,0.0,0.0,0.0,0.0,0.0,0.0,0.0,0.0,0.0,139499.21387929076,39147.83855312127
t7051,0.0,0.0,0.0,0.0,0.0,0.0,0.0,0.0,0.0,139499.21387929076,20267.14181667106
t7052,0.0,0.0,0.0,0.0,0.0,0.0,0.0,0.0,0.0,125018.06050018054,0.0
t7053,0.0,0.0,0.0,0.0,0.0,0.0,0.0,0.0,0.0,103314.6634355331,0.0
t7054,0.0,0.0,0.0,0.0,0.0,0.0,0.0,0.0,0.0,85038.26239263431,0.0
t7055,0.0,0.0,0.0,0.0,0.0,0.0,0.0,0.0,0.0,71805.56836766216,0.0
t7056,0.0,0.0,0.0,0.0,0.0,0.0,0.0,0.0,0.0,62633.962819210705,0.0
t7057,0.0,0.0,0.0,0.0,0.0,0.0,0.0,0.0,0.0,56633.98130166422,0.0
t7058,0.0,0.0,0.0,0.0,0.0,0.0,0.0,0.0,0.0,53370.57983301258,0.0
t7059,0.0,0.0,0.0,0.0,0.0,0.0,0.0,0.0,0.0,51395.66707023253,0.0
t7060,0.0,0.0,0.0,0.0,0.0,0.0,0.0,0.0,0.0,49547.48823488536,0.0
t7061,0.0,0.0,0.0,0.0,0.0,0.0,0.0,0.0,0.0,46862.437080819946,0.0
t7062,0.0,0.0,0.0,0.0,0.0,0.0,0.0,0.0,0.0,40100.563913548445,0.0
t7063,0.0,0.0,0.0,0.0,0.0,0.0,0.0,0.0,0.0,28263.513575983387,0.0
t7064,0.0,0.0,0.0,0.0,0.0,0.0,0.0,0.0,0.0,14056.229999360521,0.0
t7065,0.0,0.0,0.0,0.0,0.0,0.0,0.0,0.0,0.0,0.0,0.0
t7066,0.0,0.0,0.0,0.0,0.0,0.0,0.0,0.0,0.0,3289.8847780473034,0.0
t7067,0.0,0.0,0.0,0.0,0.0,0.0,0.0,0.0,0.0,18619.25569917262,0.0
t7068,0.0,0.0,0.0,0.0,0.0,0.0,0.0,0.0,0.0,42797.07146016053,0.0
t7069,0.0,0.0,0.0,0.0,0.0,0.0,0.0,0.0,0.0,68201.63718503063,0.0
t7070,0.0,0.0,0.0,0.0,0.0,0.0,0.0,0.0,0.0,93207.78203149696,0.0
t7071,0.0,0.0,0.0,0.0,0.0,0.0,0.0,0.0,0.0,116347.72962261287,0.0
t7072,0.0,0.0,0.0,0.0,0.0,0.0,0.0,0.0,0.0,136977.7209434443,0.0
t7073,0.0,0.0,0.0,0.0,0.0,0.0,0.0,0.0,0.0,139499.21387929076,13761.732155208403
t7074,0.0,0.0,0.0,0.0,0.0,0.0,0.0,0.0,0.0,139499.21387929076,16470.394464491495
t7075,0.0,0.0,0.0,0.0,0.0,0.0,0.0,0.0,0.0,139267.37285951118,0.0
t7076,0.0,0.0,0.0,0.0,0.0,0.0,0.0,0.0,0.0,116694.66420088054,0.0
t7077,0.0,0.0,0.0,0.0,0.0,0.0,0.0,0.0,0.0,94438.3219608397,0.0
t7078,0.0,0.0,0.0,0.0,0.0,0.0,0.0,0.0,0.0,75084.34553138909,0.0
t7079,0.0,0.0,0.0,0.0,0.0,0.0,0.0,0.0,0.0,60964.522268226545,0.0
t7080,0.0,0.0,0.0,0.0,0.0,0.0,0.0,0.0,0.0,53787.726075321465,0.0
t7081,0.0,0.0,0.0,0.0,0.0,0.0,0.0,0.0,0.0,48855.98767092894,0.0
t7082,0.0,0.0,0.0,0.0,0.0,0.0,0.0,0.0,0.0,46245.03967098359,0.0
t7083,0.0,0.0,0.0,0.0,0.0,0.0,0.0,0.0,0.0,46063.1658373073,0.0
t7084,0.0,0.0,0.0,0.0,0.0,0.0,0.0,0.0,0.0,46063.1658373073,0.0
t7085,0.0,0.0,0.0,0.0,0.0,0.0,0.0,0.0,0.0,45358.01364456046,0.0
t7086,0.0,0.0,0.0,0.0,0.0,0.0,0.0,0.0,0.0,40914.65797126209,0.0
t7087,0.0,0.0,0.0,0.0,0.0,0.0,0.0,0.0,0.0,29976.393584486163,0.0
t7088,0.0,0.0,0.0,0.0,0.0,0.0,0.0,0.0,0.0,17882.336912763407,0.0
t7089,0.0,0.0,0.0,0.0,0.0,0.0,0.0,0.0,0.0,5358.722000378988,0.0
t7090,0.0,0.0,0.0,0.0,0.0,0.0,0.0,0.0,0.0,5358.722000378988,0.0
t7091,0.0,0.0,0.0,0.0,0.0,0.0,0.0,0.0,0.0,23323.55858923429,0.0
t7092,0.0,0.0,0.0,0.0,0.0,0.0,0.0,0.0,0.0,42863.12056458197,0.0
t7093,0.0,0.0,0.0,0.0,0.0,0.0,0.0,0.0,0.0,61892.740761163746,0.0
t7094,0.0,0.0,0.0,0.0,0.0,0.0,0.0,0.0,0.0,77464.11247608665,0.0
t7095,0.0,0.0,0.0,0.0,0.0,0.0,0.0,0.0,0.0,96429.85693243754,0.0
t7096,0.0,0.0,0.0,0.0,0.0,0.0,0.0,0.0,0.0,116135.90069371552,0.0
t7097,0.0,0.0,0.0,0.0,0.0,0.0,0.0,0.0,0.0,131420.89597502424,0.0
t7098,0.0,0.0,0.0,0.0,0.0,0.0,0.0,0.0,0.0,139499.21387929076,0.0
t7099,0.0,0.0,0.0,0.0,0.0,0.0,0.0,0.0,0.0,134069.14193997387,0.0
t7100,0.0,0.0,0.0,0.0,0.0,0.0,0.0,0.0,0.0,108939.15282878434,0.0
t7101,0.0,0.0,0.0,0.0,0.0,0.0,0.0,0.0,0.0,86022.848564266,0.0
t7102,0.0,0.0,0.0,0.0,0.0,0.0,0.0,0.0,0.0,65674.81097156313,0.0
t7103,0.0,0.0,0.0,0.0,0.0,0.0,0.0,0.0,0.0,50836.197403715836,0.0
t7104,0.0,0.0,0.0,0.0,0.0,0.0,0.0,0.0,0.0,43557.6411858843,0.0
t7105,0.0,0.0,0.0,0.0,0.0,0.0,0.0,0.0,0.0,39595.05142229314,0.0
t7106,0.0,0.0,0.0,0.0,0.0,0.0,0.0,0.0,0.0,37876.782670781824,0.0
t7107,0.0,0.0,0.0,0.0,0.0,0.0,0.0,0.0,0.0,37331.06562540776,0.0
t7108,0.0,0.0,0.0,0.0,0.0,0.0,0.0,0.0,0.0,36796.25356275885,0.0
t7109,0.0,0.0,0.0,0.0,0.0,0.0,0.0,0.0,0.0,35513.049123011486,0.0
t7110,0.0,0.0,0.0,0.0,0.0,0.0,0.0,0.0,0.0,31547.187923100097,0.0
t7111,0.0,0.0,0.0,0.0,0.0,0.0,0.0,0.0,0.0,22069.557217496855,0.0
t7112,0.0,0.0,0.0,0.0,0.0,0.0,0.0,0.0,0.0,10920.925599894215,0.0
t7113,0.0,0.0,0.0,0.0,0.0,0.0,0.0,0.0,0.0,0.0,0.0
t7114,0.0,0.0,0.0,0.0,0.0,0.0,0.0,0.0,0.0,7410.395639774264,0.0
t7115,0.0,0.0,0.0,0.0,0.0,0.0,0.0,0.0,0.0,23491.723005149342,0.0
t7116,0.0,0.0,0.0,0.0,0.0,0.0,0.0,0.0,0.0,51279.539719190536,0.0
t7117,0.0,0.0,0.0,0.0,0.0,0.0,0.0,0.0,0.0,77697.46585752098,0.0
t7118,0.0,0.0,0.0,0.0,0.0,0.0,0.0,0.0,0.0,99165.82333867362,0.0
t7119,0.0,0.0,0.0,0.0,0.0,0.0,0.0,0.0,0.0,119892.89123775251,0.0
t7120,0.0,0.0,0.0,0.0,0.0,0.0,0.0,0.0,0.0,139499.21387929076,0.0
t7121,0.0,0.0,0.0,0.0,0.0,0.0,0.0,0.0,0.0,139499.21387929076,13689.216345595378
t7122,0.0,0.0,0.0,0.0,0.0,0.0,0.0,0.0,0.0,139499.21387929076,11831.83679507073
t7123,0.0,0.0,0.0,0.0,0.0,0.0,0.0,0.0,0.0,137337.88085999287,0.0
t7124,0.0,0.0,0.0,0.0,0.0,0.0,0.0,0.0,0.0,111816.43152800848,0.0
t7125,0.0,0.0,0.0,0.0,0.0,0.0,0.0,0.0,0.0,88619.39521562759,0.0
t7126,0.0,0.0,0.0,0.0,0.0,0.0,0.0,0.0,0.0,68721.70804958353,0.0
t7127,0.0,0.0,0.0,0.0,0.0,0.0,0.0,0.0,0.0,54427.74242896956,0.0
t7128,0.0,0.0,0.0,0.0,0.0,0.0,0.0,0.0,0.0,45642.99908991072,0.0
t7129,0.0,0.0,0.0,0.0,0.0,0.0,0.0,0.0,0.0,40789.92168351784,0.0
t7130,0.0,0.0,0.0,0.0,0.0,0.0,0.0,0.0,0.0,38249.821441369146,0.0
t7131,0.0,0.0,0.0,0.0,0.0,0.0,0.0,0.0,0.0,37882.24941385283,0.0
t7132,0.0,0.0,0.0,0.0,0.0,0.0,0.0,0.0,0.0,37882.24941385283,0.0
t7133,0.0,0.0,0.0,0.0,0.0,0.0,0.0,0.0,0.0,37882.24941385283,0.0
t7134,0.0,0.0,0.0,0.0,0.0,0.0,0.0,0.0,0.0,34591.43272502527,0.0
t7135,0.0,0.0,0.0,0.0,0.0,0.0,0.0,0.0,0.0,24470.099491317855,0.0
t7136,0.0,0.0,0.0,0.0,0.0,0.0,0.0,0.0,0.0,12866.582820315683,0.0
t7137,0.0,0.0,0.0,0.0,0.0,0.0,0.0,0.0,0.0,0.0,0.0
t7138,0.0,0.0,0.0,0.0,0.0,0.0,0.0,0.0,0.0,1270.8815990195126,0.0
t7139,0.0,0.0,0.0,0.0,0.0,0.0,0.0,0.0,0.0,14309.947380574813,0.0
t7140,0.0,0.0,0.0,0.0,0.0,0.0,0.0,0.0,0.0,33713.884271884584,0.0
t7141,0.0,0.0,0.0,0.0,0.0,0.0,0.0,0.0,0.0,54212.741269278355,0.0
t7142,0.0,0.0,0.0,0.0,0.0,0.0,0.0,0.0,0.0,73326.00249386221,0.0
t7143,0.0,0.0,0.0,0.0,0.0,0.0,0.0,0.0,0.0,92692.60623285233,0.0
t7144,0.0,0.0,0.0,0.0,0.0,0.0,0.0,0.0,0.0,113163.05930842305,0.0
t7145,0.0,0.0,0.0,0.0,0.0,0.0,0.0,0.0,0.0,128395.24554008443,0.0
t7146,0.0,0.0,0.0,0.0,0.0,0.0,0.0,0.0,0.0,135409.94495798033,0.0
t7147,0.0,0.0,0.0,0.0,0.0,0.0,0.0,0.0,0.0,126104.73163392505,0.0
t7148,0.0,0.0,0.0,0.0,0.0,0.0,0.0,0.0,0.0,101874.06458321521,0.0
t7149,0.0,0.0,0.0,0.0,0.0,0.0,0.0,0.0,0.0,79716.7204338361,0.0
t7150,0.0,0.0,0.0,0.0,0.0,0.0,0.0,0.0,0.0,61280.21195216564,0.0
t7151,0.0,0.0,0.0,0.0,0.0,0.0,0.0,0.0,0.0,47511.22071887371,0.0
t7152,0.0,0.0,0.0,0.0,0.0,0.0,0.0,0.0,0.0,38982.93140475678,0.0
t7153,0.0,0.0,0.0,0.0,0.0,0.0,0.0,0.0,0.0,36017.09614775459,0.0
t7154,0.0,0.0,0.0,0.0,0.0,0.0,0.0,0.0,0.0,36017.09614775459,0.0
t7155,0.0,0.0,0.0,0.0,0.0,0.0,0.0,0.0,0.0,36017.09614775459,0.0
t7156,0.0,0.0,0.0,0.0,0.0,0.0,0.0,0.0,0.0,36017.09614775459,0.0
t7157,0.0,0.0,0.0,0.0,0.0,0.0,0.0,0.0,0.0,35231.68194485507,0.0
t7158,0.0,0.0,0.0,0.0,0.0,0.0,0.0,0.0,0.0,31251.759353327856,0.0
t7159,0.0,0.0,0.0,0.0,0.0,0.0,0.0,0.0,0.0,22569.52181697266,0.0
t7160,0.0,0.0,0.0,0.0,0.0,0.0,0.0,0.0,0.0,10434.071115063445,0.0
t7161,0.0,0.0,0.0,0.0,0.0,0.0,0.0,0.0,0.0,0.0,0.0
t7162,0.0,0.0,0.0,0.0,0.0,0.0,0.0,0.0,0.0,0.0,0.0
t7163,0.0,0.0,0.0,0.0,0.0,0.0,0.0,0.0,0.0,9537.213526249176,0.0
t7164,0.0,0.0,0.0,0.0,0.0,0.0,0.0,0.0,0.0,9537.213526249176,0.0
t7165,0.0,0.0,0.0,0.0,0.0,0.0,0.0,0.0,0.0,29760.662178288858,0.0
t7166,0.0,0.0,0.0,0.0,0.0,0.0,0.0,0.0,0.0,39866.677844872465,0.0
t7167,0.0,0.0,0.0,0.0,0.0,0.0,0.0,0.0,0.0,69283.73011286101,0.0
t7168,0.0,0.0,0.0,0.0,0.0,0.0,0.0,0.0,0.0,100683.65508998514,0.0
t7169,0.0,0.0,0.0,0.0,0.0,0.0,0.0,0.0,0.0,114078.47196492972,0.0
t7170,0.0,0.0,0.0,0.0,0.0,0.0,0.0,0.0,0.0,134321.7726486021,0.0
t7171,0.0,0.0,0.0,0.0,0.0,0.0,0.0,0.0,0.0,133208.9232734888,0.0
t7172,0.0,0.0,0.0,0.0,0.0,0.0,0.0,0.0,0.0,119737.71754005898,0.0
t7173,0.0,0.0,0.0,0.0,0.0,0.0,0.0,0.0,0.0,103918.56041388844,0.0
t7174,0.0,0.0,0.0,0.0,0.0,0.0,0.0,0.0,0.0,89011.97976661156,0.0
t7175,0.0,0.0,0.0,0.0,0.0,0.0,0.0,0.0,0.0,74276.29089480564,0.0
t7176,0.0,0.0,0.0,0.0,0.0,0.0,0.0,0.0,0.0,66206.79099355014,0.0
t7177,0.0,0.0,0.0,0.0,0.0,0.0,0.0,0.0,0.0,60678.50211234741,0.0
t7178,0.0,0.0,0.0,0.0,0.0,0.0,0.0,0.0,0.0,54534.34110342455,0.0
t7179,0.0,0.0,0.0,0.0,0.0,0.0,0.0,0.0,0.0,48157.889961428235,0.0
t7180,0.0,0.0,0.0,0.0,0.0,0.0,0.0,0.0,0.0,41519.28019389169,0.0
t7181,0.0,0.0,0.0,0.0,0.0,0.0,0.0,0.0,0.0,36394.22688824599,0.0
t7182,0.0,0.0,0.0,0.0,0.0,0.0,0.0,0.0,0.0,30894.66199322337,0.0
t7183,0.0,0.0,0.0,0.0,0.0,0.0,0.0,0.0,0.0,22459.82643938266,0.0
t7184,0.0,0.0,0.0,0.0,0.0,0.0,0.0,0.0,0.0,10922.042976054714,0.0
t7185,0.0,0.0,0.0,0.0,0.0,0.0,0.0,0.0,0.0,0.0,0.0
t7186,0.0,0.0,0.0,0.0,0.0,0.0,0.0,0.0,0.0,9594.742337811742,0.0
t7187,0.0,0.0,0.0,0.0,0.0,0.0,0.0,0.0,0.0,39163.00851201531,0.0
t7188,0.0,0.0,0.0,0.0,0.0,0.0,0.0,0.0,0.0,57906.44324045125,0.0
t7189,0.0,0.0,0.0,0.0,0.0,0.0,0.0,0.0,0.0,83659.89340438234,0.0
t7190,0.0,0.0,0.0,0.0,0.0,0.0,0.0,0.0,0.0,115744.71259661923,0.0
t7191,0.0,0.0,0.0,0.0,0.0,0.0,0.0,0.0,0.0,139499.21387929076,0.0
t7192,0.0,0.0,0.0,0.0,0.0,0.0,0.0,0.0,0.0,139499.21387929076,43970.368612808685
t7193,0.0,0.0,0.0,0.0,0.0,0.0,0.0,0.0,0.0,139499.21387929076,69391.95361468587
t7194,0.0,0.0,0.0,0.0,0.0,0.0,0.0,0.0,0.0,139499.21387929076,77694.98217487434
t7195,0.0,0.0,0.0,0.0,0.0,0.0,0.0,0.0,0.0,139499.21387929076,62607.89501575281
t7196,0.0,0.0,0.0,0.0,0.0,0.0,0.0,0.0,0.0,139499.21387929076,11733.686741165766
t7197,0.0,0.0,0.0,0.0,0.0,0.0,0.0,0.0,0.0,126400.69719360743,0.0
t7198,0.0,0.0,0.0,0.0,0.0,0.0,0.0,0.0,0.0,109085.81314926222,0.0
t7199,0.0,0.0,0.0,0.0,0.0,0.0,0.0,0.0,0.0,93659.12310021547,0.0
t7200,0.0,0.0,0.0,0.0,0.0,0.0,0.0,0.0,0.0,81253.65747822511,0.0
t7201,0.0,0.0,0.0,0.0,0.0,0.0,0.0,0.0,0.0,70940.49579581065,0.0
t7202,0.0,0.0,0.0,0.0,0.0,0.0,0.0,0.0,0.0,62226.979051807786,0.0
t7203,0.0,0.0,0.0,0.0,0.0,0.0,0.0,0.0,0.0,54837.628681347145,0.0
t7204,0.0,0.0,0.0,0.0,0.0,0.0,0.0,0.0,0.0,47162.24594212807,0.0
t7205,0.0,0.0,0.0,0.0,0.0,0.0,0.0,0.0,0.0,40082.62731460086,0.0
t7206,0.0,0.0,0.0,0.0,0.0,0.0,0.0,0.0,0.0,31821.420633926537,0.0
t7207,0.0,0.0,0.0,0.0,0.0,0.0,0.0,0.0,0.0,21881.25768776334,0.0
t7208,0.0,0.0,0.0,0.0,0.0,0.0,0.0,0.0,0.0,9990.88423404789,0.0
t7209,0.0,0.0,0.0,0.0,0.0,0.0,0.0,0.0,0.0,1.8189894035458565e-12,0.0
t7210,0.0,0.0,0.0,0.0,0.0,0.0,0.0,0.0,0.0,14275.309771315084,0.0
t7211,0.0,0.0,0.0,0.0,0.0,0.0,0.0,0.0,0.0,28832.09240447671,0.0
t7212,0.0,0.0,0.0,0.0,0.0,0.0,0.0,0.0,0.0,60916.91159671359,0.0
t7213,0.0,0.0,0.0,0.0,0.0,0.0,0.0,0.0,0.0,82786.11785544532,0.0
t7214,0.0,0.0,0.0,0.0,0.0,0.0,0.0,0.0,0.0,107414.3946870539,0.0
t7215,0.0,0.0,0.0,0.0,0.0,0.0,0.0,0.0,0.0,139499.21387929076,0.0
t7216,0.0,0.0,0.0,0.0,0.0,0.0,0.0,0.0,0.0,139499.21387929076,52329.51791552845
t7217,0.0,0.0,0.0,0.0,0.0,0.0,0.0,0.0,0.0,139499.21387929076,83011.09562397108
t7218,0.0,0.0,0.0,0.0,0.0,0.0,0.0,0.0,0.0,139499.21387929076,91712.09997590916
t7219,0.0,0.0,0.0,0.0,0.0,0.0,0.0,0.0,0.0,139499.21387929076,75064.80001693078
t7220,0.0,0.0,0.0,0.0,0.0,0.0,0.0,0.0,0.0,139499.21387929076,19215.086735390927
t7221,0.0,0.0,0.0,0.0,0.0,0.0,0.0,0.0,0.0,130385.717945344,0.0
t7222,0.0,0.0,0.0,0.0,0.0,0.0,0.0,0.0,0.0,115027.75502828349,0.0
t7223,0.0,0.0,0.0,0.0,0.0,0.0,0.0,0.0,0.0,102783.07347129333,0.0
t7224,0.0,0.0,0.0,0.0,0.0,0.0,0.0,0.0,0.0,94021.49742432957,0.0
t7225,0.0,0.0,0.0,0.0,0.0,0.0,0.0,0.0,0.0,87638.85975385047,0.0
t7226,0.0,0.0,0.0,0.0,0.0,0.0,0.0,0.0,0.0,82464.95983705575,0.0
t7227,0.0,0.0,0.0,0.0,0.0,0.0,0.0,0.0,0.0,77351.98667474266,0.0
t7228,0.0,0.0,0.0,0.0,0.0,0.0,0.0,0.0,0.0,71868.44274028704,0.0
t7229,0.0,0.0,0.0,0.0,0.0,0.0,0.0,0.0,0.0,64710.91348533507,0.0
t7230,0.0,0.0,0.0,0.0,0.0,0.0,0.0,0.0,0.0,53355.54025442238,0.0
t7231,0.0,0.0,0.0,0.0,0.0,0.0,0.0,0.0,0.0,35319.57295961164,0.0
t7232,0.0,0.0,0.0,0.0,0.0,0.0,0.0,0.0,0.0,14269.135256183723,0.0
t7233,0.0,0.0,0.0,0.0,0.0,0.0,0.0,0.0,0.0,0.0,0.0
t7234,0.0,0.0,0.0,0.0,0.0,0.0,0.0,0.0,0.0,0.0,0.0
t7235,0.0,0.0,0.0,0.0,0.0,0.0,0.0,0.0,0.0,18532.18945197814,0.0
t7236,0.0,0.0,0.0,0.0,0.0,0.0,0.0,0.0,0.0,50617.00864421502,0.0
t7237,0.0,0.0,0.0,0.0,0.0,0.0,0.0,0.0,0.0,78754.00051966809,0.0
t7238,0.0,0.0,0.0,0.0,0.0,0.0,0.0,0.0,0.0,107414.3946870539,0.0
t7239,0.0,0.0,0.0,0.0,0.0,0.0,0.0,0.0,0.0,139499.21387929076,0.0
t7240,0.0,0.0,0.0,0.0,0.0,0.0,0.0,0.0,0.0,139499.21387929076,46823.733061179155
t7241,0.0,0.0,0.0,0.0,0.0,0.0,0.0,0.0,0.0,139499.21387929076,73544.87115469581
t7242,0.0,0.0,0.0,0.0,0.0,0.0,0.0,0.0,0.0,139499.21387929076,79357.34706150938
t7243,0.0,0.0,0.0,0.0,0.0,0.0,0.0,0.0,0.0,139499.21387929076,61650.79185760186
t7244,0.0,0.0,0.0,0.0,0.0,0.0,0.0,0.0,0.0,139499.21387929076,3238.891034158107
t7245,0.0,0.0,0.0,0.0,0.0,0.0,0.0,0.0,0.0,122097.91189504287,0.0
t7246,0.0,0.0,0.0,0.0,0.0,0.0,0.0,0.0,0.0,106053.71630207915,0.0
t7247,0.0,0.0,0.0,0.0,0.0,0.0,0.0,0.0,0.0,94991.89504520968,0.0
t7248,0.0,0.0,0.0,0.0,0.0,0.0,0.0,0.0,0.0,86575.40595767203,0.0
t7249,0.0,0.0,0.0,0.0,0.0,0.0,0.0,0.0,0.0,80878.80137110574,0.0
t7250,0.0,0.0,0.0,0.0,0.0,0.0,0.0,0.0,0.0,76798.55552037939,0.0
t7251,0.0,0.0,0.0,0.0,0.0,0.0,0.0,0.0,0.0,72659.17719361956,0.0
t7252,0.0,0.0,0.0,0.0,0.0,0.0,0.0,0.0,0.0,68294.09434618367,0.0
t7253,0.0,0.0,0.0,0.0,0.0,0.0,0.0,0.0,0.0,62483.380375589964,0.0
t7254,0.0,0.0,0.0,0.0,0.0,0.0,0.0,0.0,0.0,52459.79449452819,0.0
t7255,0.0,0.0,0.0,0.0,0.0,0.0,0.0,0.0,0.0,35346.587327311005,0.0
t7256,0.0,0.0,0.0,0.0,0.0,0.0,0.0,0.0,0.0,15502.373484842432,0.0
t7257,0.0,0.0,0.0,0.0,0.0,0.0,0.0,0.0,0.0,0.0,0.0
t7258,0.0,0.0,0.0,0.0,0.0,0.0,0.0,0.0,0.0,11507.56692876041,0.0
t7259,0.0,0.0,0.0,0.0,0.0,0.0,0.0,0.0,0.0,22897.352015954202,0.0
t7260,0.0,0.0,0.0,0.0,0.0,0.0,0.0,0.0,0.0,48062.5755538888,0.0
t7261,0.0,0.0,0.0,0.0,0.0,0.0,0.0,0.0,0.0,75329.57549481702,0.0
t7262,0.0,0.0,0.0,0.0,0.0,0.0,0.0,0.0,0.0,107414.3946870539,0.0
t7263,0.0,0.0,0.0,0.0,0.0,0.0,0.0,0.0,0.0,139499.21387929076,0.0
t7264,0.0,0.0,0.0,0.0,0.0,0.0,0.0,0.0,0.0,139499.21387929076,43540.4362148612
t7265,0.0,0.0,0.0,0.0,0.0,0.0,0.0,0.0,0.0,139499.21387929076,67473.2737557494
t7266,0.0,0.0,0.0,0.0,0.0,0.0,0.0,0.0,0.0,139499.21387929076,72718.96551434738
t7267,0.0,0.0,0.0,0.0,0.0,0.0,0.0,0.0,0.0,139499.21387929076,55390.40700019751
t7268,0.0,0.0,0.0,0.0,0.0,0.0,0.0,0.0,0.0,139499.21387929076,0.0
t7269,0.0,0.0,0.0,0.0,0.0,0.0,0.0,0.0,0.0,118650.41204647129,0.0
t7270,0.0,0.0,0.0,0.0,0.0,0.0,0.0,0.0,0.0,100185.08587302042,0.0
t7271,0.0,0.0,0.0,0.0,0.0,0.0,0.0,0.0,0.0,85814.97821137405,0.0
t7272,0.0,0.0,0.0,0.0,0.0,0.0,0.0,0.0,0.0,77399.88151598154,0.0
t7273,0.0,0.0,0.0,0.0,0.0,0.0,0.0,0.0,0.0,72209.35432023152,0.0
t7274,0.0,0.0,0.0,0.0,0.0,0.0,0.0,0.0,0.0,69330.82610823172,0.0
t7275,0.0,0.0,0.0,0.0,0.0,0.0,0.0,0.0,0.0,67278.88166712786,0.0
t7276,0.0,0.0,0.0,0.0,0.0,0.0,0.0,0.0,0.0,64384.81325799203,0.0
t7277,0.0,0.0,0.0,0.0,0.0,0.0,0.0,0.0,0.0,60115.193646468106,0.0
t7278,0.0,0.0,0.0,0.0,0.0,0.0,0.0,0.0,0.0,51803.47147816808,0.0
t7279,0.0,0.0,0.0,0.0,0.0,0.0,0.0,0.0,0.0,36485.516318309295,0.0
t7280,0.0,0.0,0.0,0.0,0.0,0.0,0.0,0.0,0.0,18032.992219058102,0.0
t7281,0.0,0.0,0.0,0.0,0.0,0.0,0.0,0.0,0.0,0.0,0.0
t7282,0.0,0.0,0.0,0.0,0.0,0.0,0.0,0.0,0.0,10381.335471283131,0.0
t7283,0.0,0.0,0.0,0.0,0.0,0.0,0.0,0.0,0.0,32848.29734049931,0.0
t7284,0.0,0.0,0.0,0.0,0.0,0.0,0.0,0.0,0.0,64323.65390222679,0.0
t7285,0.0,0.0,0.0,0.0,0.0,0.0,0.0,0.0,0.0,96408.47309446367,0.0
t7286,0.0,0.0,0.0,0.0,0.0,0.0,0.0,0.0,0.0,128493.29228670054,0.0
t7287,0.0,0.0,0.0,0.0,0.0,0.0,0.0,0.0,0.0,139499.21387929076,26079.58184871912
t7288,0.0,0.0,0.0,0.0,0.0,0.0,0.0,0.0,0.0,139499.21387929076,55871.61768319117
t7289,0.0,0.0,0.0,0.0,0.0,0.0,0.0,0.0,0.0,139499.21387929076,69621.78152056166
t7290,0.0,0.0,0.0,0.0,0.0,0.0,0.0,0.0,0.0,139499.21387929076,66200.4349293192
t7291,0.0,0.0,0.0,0.0,0.0,0.0,0.0,0.0,0.0,139499.21387929076,42422.50475423096
t7292,0.0,0.0,0.0,0.0,0.0,0.0,0.0,0.0,0.0,134284.05538529472,0.0
t7293,0.0,0.0,0.0,0.0,0.0,0.0,0.0,0.0,0.0,114860.47742447049,0.0
t7294,0.0,0.0,0.0,0.0,0.0,0.0,0.0,0.0,0.0,97458.69298209492,0.0
t7295,0.0,0.0,0.0,0.0,0.0,0.0,0.0,0.0,0.0,83488.40886759391,0.0
t7296,0.0,0.0,0.0,0.0,0.0,0.0,0.0,0.0,0.0,73970.54215044662,0.0
t7297,0.0,0.0,0.0,0.0,0.0,0.0,0.0,0.0,0.0,67824.26088494553,0.0
t7298,0.0,0.0,0.0,0.0,0.0,0.0,0.0,0.0,0.0,63312.05138396198,0.0
t7299,0.0,0.0,0.0,0.0,0.0,0.0,0.0,0.0,0.0,59801.25092433056,0.0
t7300,0.0,0.0,0.0,0.0,0.0,0.0,0.0,0.0,0.0,56741.98300933222,0.0
t7301,0.0,0.0,0.0,0.0,0.0,0.0,0.0,0.0,0.0,52759.25956496977,0.0
t7302,0.0,0.0,0.0,0.0,0.0,0.0,0.0,0.0,0.0,45631.04955148565,0.0
t7303,0.0,0.0,0.0,0.0,0.0,0.0,0.0,0.0,0.0,32608.99709079114,0.0
t7304,0.0,0.0,0.0,0.0,0.0,0.0,0.0,0.0,0.0,16734.060233375734,0.0
t7305,0.0,0.0,0.0,0.0,0.0,0.0,0.0,0.0,0.0,0.0,0.0
t7306,0.0,0.0,0.0,0.0,0.0,0.0,0.0,0.0,0.0,8079.036856097053,0.0
t7307,0.0,0.0,0.0,0.0,0.0,0.0,0.0,0.0,0.0,27411.447025295332,0.0
t7308,0.0,0.0,0.0,0.0,0.0,0.0,0.0,0.0,0.0,54295.2117381304,0.0
t7309,0.0,0.0,0.0,0.0,0.0,0.0,0.0,0.0,0.0,86380.03093036727,0.0
t7310,0.0,0.0,0.0,0.0,0.0,0.0,0.0,0.0,0.0,118464.85012260414,0.0
t7311,0.0,0.0,0.0,0.0,0.0,0.0,0.0,0.0,0.0,139499.21387929076,12383.781919958823
t7312,0.0,0.0,0.0,0.0,0.0,0.0,0.0,0.0,0.0,139499.21387929076,40355.88967926504
t7313,0.0,0.0,0.0,0.0,0.0,0.0,0.0,0.0,0.0,139499.21387929076,53161.819623494346
t7314,0.0,0.0,0.0,0.0,0.0,0.0,0.0,0.0,0.0,139499.21387929076,48469.58625874994
t7315,0.0,0.0,0.0,0.0,0.0,0.0,0.0,0.0,0.0,139499.21387929076,14359.448769937226
t7316,0.0,0.0,0.0,0.0,0.0,0.0,0.0,0.0,0.0,120612.19893784814,0.0
t7317,0.0,0.0,0.0,0.0,0.0,0.0,0.0,0.0,0.0,98707.43075832869,0.0
t7318,0.0,0.0,0.0,0.0,0.0,0.0,0.0,0.0,0.0,80548.91998262363,0.0
t7319,0.0,0.0,0.0,0.0,0.0,0.0,0.0,0.0,0.0,65450.919467294574,0.0
t7320,0.0,0.0,0.0,0.0,0.0,0.0,0.0,0.0,0.0,56479.07854600601,0.0
t7321,0.0,0.0,0.0,0.0,0.0,0.0,0.0,0.0,0.0,51036.25704247196,0.0
t7322,0.0,0.0,0.0,0.0,0.0,0.0,0.0,0.0,0.0,48471.48273919992,0.0
t7323,0.0,0.0,0.0,0.0,0.0,0.0,0.0,0.0,0.0,47246.558118639725,0.0
t7324,0.0,0.0,0.0,0.0,0.0,0.0,0.0,0.0,0.0,46535.06537518747,0.0
t7325,0.0,0.0,0.0,0.0,0.0,0.0,0.0,0.0,0.0,45083.35524043087,0.0
t7326,0.0,0.0,0.0,0.0,0.0,0.0,0.0,0.0,0.0,40598.82870372025,0.0
t7327,0.0,0.0,0.0,0.0,0.0,0.0,0.0,0.0,0.0,29395.59478858232,0.0
t7328,0.0,0.0,0.0,0.0,0.0,0.0,0.0,0.0,0.0,15486.050002366872,0.0
t7329,0.0,0.0,0.0,0.0,0.0,0.0,0.0,0.0,0.0,0.0,0.0
t7330,0.0,0.0,0.0,0.0,0.0,0.0,0.0,0.0,0.0,9604.125223236602,0.0
t7331,0.0,0.0,0.0,0.0,0.0,0.0,0.0,0.0,0.0,29077.682734295453,0.0
t7332,0.0,0.0,0.0,0.0,0.0,0.0,0.0,0.0,0.0,56525.91124460825,0.0
t7333,0.0,0.0,0.0,0.0,0.0,0.0,0.0,0.0,0.0,88610.73043684513,0.0
t7334,0.0,0.0,0.0,0.0,0.0,0.0,0.0,0.0,0.0,120695.549629082,0.0
t7335,0.0,0.0,0.0,0.0,0.0,0.0,0.0,0.0,0.0,139499.21387929076,13648.846776779443
t7336,0.0,0.0,0.0,0.0,0.0,0.0,0.0,0.0,0.0,139499.21387929076,40573.26438587078
t7337,0.0,0.0,0.0,0.0,0.0,0.0,0.0,0.0,0.0,139499.21387929076,53204.54285005902
t7338,0.0,0.0,0.0,0.0,0.0,0.0,0.0,0.0,0.0,139499.21387929076,50740.673295356275
t7339,0.0,0.0,0.0,0.0,0.0,0.0,0.0,0.0,0.0,139499.21387929076,24858.02268840243
t7340,0.0,0.0,0.0,0.0,0.0,0.0,0.0,0.0,0.0,127531.34018355772,0.0
t7341,0.0,0.0,0.0,0.0,0.0,0.0,0.0,0.0,0.0,107143.48589415361,0.0
t7342,0.0,0.0,0.0,0.0,0.0,0.0,0.0,0.0,0.0,86976.72792477129,0.0
t7343,0.0,0.0,0.0,0.0,0.0,0.0,0.0,0.0,0.0,71877.8258183542,0.0
t7344,0.0,0.0,0.0,0.0,0.0,0.0,0.0,0.0,0.0,60519.72492188703,0.0
t7345,0.0,0.0,0.0,0.0,0.0,0.0,0.0,0.0,0.0,51531.775502206365,0.0
t7346,0.0,0.0,0.0,0.0,0.0,0.0,0.0,0.0,0.0,45069.11202884704,0.0
t7347,0.0,0.0,0.0,0.0,0.0,0.0,0.0,0.0,0.0,40846.92207810641,0.0
t7348,0.0,0.0,0.0,0.0,0.0,0.0,0.0,0.0,0.0,36744.335924015846,0.0
t7349,0.0,0.0,0.0,0.0,0.0,0.0,0.0,0.0,0.0,32560.94131572271,0.0
t7350,0.0,0.0,0.0,0.0,0.0,0.0,0.0,0.0,0.0,27052.883519513143,0.0
t7351,0.0,0.0,0.0,0.0,0.0,0.0,0.0,0.0,0.0,20027.56704698915,0.0
t7352,0.0,0.0,0.0,0.0,0.0,0.0,0.0,0.0,0.0,12163.659776568471,0.0
t7353,0.0,0.0,0.0,0.0,0.0,0.0,0.0,0.0,0.0,0.0,0.0
t7354,0.0,0.0,0.0,0.0,0.0,0.0,0.0,0.0,0.0,8749.496799212933,0.0
t7355,0.0,0.0,0.0,0.0,0.0,0.0,0.0,0.0,0.0,28305.44893756631,0.0
t7356,0.0,0.0,0.0,0.0,0.0,0.0,0.0,0.0,0.0,55530.788558007735,0.0
t7357,0.0,0.0,0.0,0.0,0.0,0.0,0.0,0.0,0.0,87615.60775024461,0.0
t7358,0.0,0.0,0.0,0.0,0.0,0.0,0.0,0.0,0.0,119700.42694248148,0.0
t7359,0.0,0.0,0.0,0.0,0.0,0.0,0.0,0.0,0.0,139499.21387929076,13483.353981400425
t7360,0.0,0.0,0.0,0.0,0.0,0.0,0.0,0.0,0.0,139499.21387929076,42531.46648224332
t7361,0.0,0.0,0.0,0.0,0.0,0.0,0.0,0.0,0.0,139499.21387929076,55625.573746977374
t7362,0.0,0.0,0.0,0.0,0.0,0.0,0.0,0.0,0.0,139499.21387929076,53309.923153727
t7363,0.0,0.0,0.0,0.0,0.0,0.0,0.0,0.0,0.0,139499.21387929076,24438.078599199154
t7364,0.0,0.0,0.0,0.0,0.0,0.0,0.0,0.0,0.0,125775.48958992807,0.0
t7365,0.0,0.0,0.0,0.0,0.0,0.0,0.0,0.0,0.0,106021.81374505769,0.0
t7366,0.0,0.0,0.0,0.0,0.0,0.0,0.0,0.0,0.0,88256.48205202271,0.0
t7367,0.0,0.0,0.0,0.0,0.0,0.0,0.0,0.0,0.0,71849.6130108516,0.0
t7368,0.0,0.0,0.0,0.0,0.0,0.0,0.0,0.0,0.0,59511.46327411057,0.0
t7369,0.0,0.0,0.0,0.0,0.0,0.0,0.0,0.0,0.0,51310.28514686244,0.0
t7370,0.0,0.0,0.0,0.0,0.0,0.0,0.0,0.0,0.0,43488.36323767646,0.0
t7371,0.0,0.0,0.0,0.0,0.0,0.0,0.0,0.0,0.0,36827.48526275104,0.0
t7372,0.0,0.0,0.0,0.0,0.0,0.0,0.0,0.0,0.0,31309.215423227724,0.0
t7373,0.0,0.0,0.0,0.0,0.0,0.0,0.0,0.0,0.0,26635.787983165275,0.0
t7374,0.0,0.0,0.0,0.0,0.0,0.0,0.0,0.0,0.0,21634.117562541833,0.0
t7375,0.0,0.0,0.0,0.0,0.0,0.0,0.0,0.0,0.0,16270.933407040226,0.0
t7376,0.0,0.0,0.0,0.0,0.0,0.0,0.0,0.0,0.0,9619.684722522517,0.0
t7377,0.0,0.0,0.0,0.0,0.0,0.0,0.0,0.0,0.0,0.0,0.0
t7378,0.0,0.0,0.0,0.0,0.0,0.0,0.0,0.0,0.0,9763.048892730912,0.0
t7379,0.0,0.0,0.0,0.0,0.0,0.0,0.0,0.0,0.0,33872.15192666188,0.0
t7380,0.0,0.0,0.0,0.0,0.0,0.0,0.0,0.0,0.0,65956.97111889876,0.0
t7381,0.0,0.0,0.0,0.0,0.0,0.0,0.0,0.0,0.0,98041.79031113564,0.0
t7382,0.0,0.0,0.0,0.0,0.0,0.0,0.0,0.0,0.0,130126.60950337251,0.0
t7383,0.0,0.0,0.0,0.0,0.0,0.0,0.0,0.0,0.0,139499.21387929076,28124.185014012306
t7384,0.0,0.0,0.0,0.0,0.0,0.0,0.0,0.0,0.0,139499.21387929076,55999.66702958415
t7385,0.0,0.0,0.0,0.0,0.0,0.0,0.0,0.0,0.0,139499.21387929076,67688.0939172577
t7386,0.0,0.0,0.0,0.0,0.0,0.0,0.0,0.0,0.0,139499.21387929076,63227.67319883601
t7387,0.0,0.0,0.0,0.0,0.0,0.0,0.0,0.0,0.0,139499.21387929076,33630.58779203342
t7388,0.0,0.0,0.0,0.0,0.0,0.0,0.0,0.0,0.0,129925.02024335375,0.0
t7389,0.0,0.0,0.0,0.0,0.0,0.0,0.0,0.0,0.0,108547.7291152462,0.0
t7390,0.0,0.0,0.0,0.0,0.0,0.0,0.0,0.0,0.0,88929.20835708038,0.0
t7391,0.0,0.0,0.0,0.0,0.0,0.0,0.0,0.0,0.0,72682.75197593075,0.0
t7392,0.0,0.0,0.0,0.0,0.0,0.0,0.0,0.0,0.0,60739.09578848116,0.0
t7393,0.0,0.0,0.0,0.0,0.0,0.0,0.0,0.0,0.0,52911.58430706769,0.0
t7394,0.0,0.0,0.0,0.0,0.0,0.0,0.0,0.0,0.0,48268.79228208417,0.0
t7395,0.0,0.0,0.0,0.0,0.0,0.0,0.0,0.0,0.0,45205.3329954338,0.0
t7396,0.0,0.0,0.0,0.0,0.0,0.0,0.0,0.0,0.0,43117.488063437195,0.0
t7397,0.0,0.0,0.0,0.0,0.0,0.0,0.0,0.0,0.0,41039.28118610006,0.0
t7398,0.0,0.0,0.0,0.0,0.0,0.0,0.0,0.0,0.0,37860.18909554162,0.0
t7399,0.0,0.0,0.0,0.0,0.0,0.0,0.0,0.0,0.0,30810.622361864356,0.0
t7400,0.0,0.0,0.0,0.0,0.0,0.0,0.0,0.0,0.0,17316.679867592797,0.0
t7401,0.0,0.0,0.0,0.0,0.0,0.0,0.0,0.0,0.0,0.0,0.0
t7402,0.0,0.0,0.0,0.0,0.0,0.0,0.0,0.0,0.0,5848.0182729697135,0.0
t7403,0.0,0.0,0.0,0.0,0.0,0.0,0.0,0.0,0.0,28969.210002477113,0.0
t7404,0.0,0.0,0.0,0.0,0.0,0.0,0.0,0.0,0.0,57602.05172602756,0.0
t7405,0.0,0.0,0.0,0.0,0.0,0.0,0.0,0.0,0.0,89686.87091826444,0.0
t7406,0.0,0.0,0.0,0.0,0.0,0.0,0.0,0.0,0.0,120528.4014122501,0.0
t7407,0.0,0.0,0.0,0.0,0.0,0.0,0.0,0.0,0.0,139499.21387929076,10570.320057327299
t7408,0.0,0.0,0.0,0.0,0.0,0.0,0.0,0.0,0.0,139499.21387929076,36013.21563453073
t7409,0.0,0.0,0.0,0.0,0.0,0.0,0.0,0.0,0.0,139499.21387929076,47309.691627375374
t7410,0.0,0.0,0.0,0.0,0.0,0.0,0.0,0.0,0.0,139499.21387929076,43252.39030193283
t7411,0.0,0.0,0.0,0.0,0.0,0.0,0.0,0.0,0.0,139499.21387929076,12654.921177843482
t7412,0.0,0.0,0.0,0.0,0.0,0.0,0.0,0.0,0.0,119304.52033956163,0.0
t7413,0.0,0.0,0.0,0.0,0.0,0.0,0.0,0.0,0.0,94575.07972082672,0.0
t7414,0.0,0.0,0.0,0.0,0.0,0.0,0.0,0.0,0.0,73340.80394688371,0.0
t7415,0.0,0.0,0.0,0.0,0.0,0.0,0.0,0.0,0.0,55967.44580266993,0.0
t7416,0.0,0.0,0.0,0.0,0.0,0.0,0.0,0.0,0.0,43937.186284730415,0.0
t7417,0.0,0.0,0.0,0.0,0.0,0.0,0.0,0.0,0.0,36540.97748055322,0.0
t7418,0.0,0.0,0.0,0.0,0.0,0.0,0.0,0.0,0.0,32949.69788035871,0.0
t7419,0.0,0.0,0.0,0.0,0.0,0.0,0.0,0.0,0.0,31113.02503881589,0.0
t7420,0.0,0.0,0.0,0.0,0.0,0.0,0.0,0.0,0.0,30541.38293303079,0.0
t7421,0.0,0.0,0.0,0.0,0.0,0.0,0.0,0.0,0.0,29571.986656806614,0.0
t7422,0.0,0.0,0.0,0.0,0.0,0.0,0.0,0.0,0.0,27773.718318114457,0.0
t7423,0.0,0.0,0.0,0.0,0.0,0.0,0.0,0.0,0.0,23558.76987975323,0.0
t7424,0.0,0.0,0.0,0.0,0.0,0.0,0.0,0.0,0.0,13392.075227455678,0.0
t7425,0.0,0.0,0.0,0.0,0.0,0.0,0.0,0.0,0.0,0.0,0.0
t7426,0.0,0.0,0.0,0.0,0.0,0.0,0.0,0.0,0.0,13715.59752784972,0.0
t7427,0.0,0.0,0.0,0.0,0.0,0.0,0.0,0.0,0.0,43705.942003566146,0.0
t7428,0.0,0.0,0.0,0.0,0.0,0.0,0.0,0.0,0.0,75790.76119580303,0.0
t7429,0.0,0.0,0.0,0.0,0.0,0.0,0.0,0.0,0.0,107414.3946870539,0.0
t7430,0.0,0.0,0.0,0.0,0.0,0.0,0.0,0.0,0.0,139499.21387929076,0.0
t7431,0.0,0.0,0.0,0.0,0.0,0.0,0.0,0.0,0.0,139499.21387929076,41139.426124514706
t7432,0.0,0.0,0.0,0.0,0.0,0.0,0.0,0.0,0.0,139499.21387929076,68622.04134864795
t7433,0.0,0.0,0.0,0.0,0.0,0.0,0.0,0.0,0.0,139499.21387929076,80492.31754414743
t7434,0.0,0.0,0.0,0.0,0.0,0.0,0.0,0.0,0.0,139499.21387929076,75117.97890654193
t7435,0.0,0.0,0.0,0.0,0.0,0.0,0.0,0.0,0.0,139499.21387929076,46848.06398231044
t7436,0.0,0.0,0.0,0.0,0.0,0.0,0.0,0.0,0.0,135498.73244493647,0.0
t7437,0.0,0.0,0.0,0.0,0.0,0.0,0.0,0.0,0.0,113489.64049543974,0.0
t7438,0.0,0.0,0.0,0.0,0.0,0.0,0.0,0.0,0.0,93452.39293015393,0.0
t7439,0.0,0.0,0.0,0.0,0.0,0.0,0.0,0.0,0.0,76571.34185741711,0.0
t7440,0.0,0.0,0.0,0.0,0.0,0.0,0.0,0.0,0.0,64593.08501537894,0.0
t7441,0.0,0.0,0.0,0.0,0.0,0.0,0.0,0.0,0.0,56661.56730377555,0.0
t7442,0.0,0.0,0.0,0.0,0.0,0.0,0.0,0.0,0.0,51546.173247453014,0.0
t7443,0.0,0.0,0.0,0.0,0.0,0.0,0.0,0.0,0.0,47820.189609233006,0.0
t7444,0.0,0.0,0.0,0.0,0.0,0.0,0.0,0.0,0.0,44892.45659532564,0.0
t7445,0.0,0.0,0.0,0.0,0.0,0.0,0.0,0.0,0.0,41952.14077902257,0.0
t7446,0.0,0.0,0.0,0.0,0.0,0.0,0.0,0.0,0.0,37900.566998655035,0.0
t7447,0.0,0.0,0.0,0.0,0.0,0.0,0.0,0.0,0.0,29935.561341179557,0.0
t7448,0.0,0.0,0.0,0.0,0.0,0.0,0.0,0.0,0.0,15958.174624608824,0.0
t7449,0.0,0.0,0.0,0.0,0.0,0.0,0.0,0.0,0.0,0.0,0.0
t7450,0.0,0.0,0.0,0.0,0.0,0.0,0.0,0.0,0.0,11923.327227155056,0.0
t7451,0.0,0.0,0.0,0.0,0.0,0.0,0.0,0.0,0.0,38433.99781359833,0.0
t7452,0.0,0.0,0.0,0.0,0.0,0.0,0.0,0.0,0.0,70518.81700583521,0.0
t7453,0.0,0.0,0.0,0.0,0.0,0.0,0.0,0.0,0.0,102603.63619807208,0.0
t7454,0.0,0.0,0.0,0.0,0.0,0.0,0.0,0.0,0.0,134688.45539030895,0.0
t7455,0.0,0.0,0.0,0.0,0.0,0.0,0.0,0.0,0.0,139499.21387929076,32703.168214983816
t7456,0.0,0.0,0.0,0.0,0.0,0.0,0.0,0.0,0.0,139499.21387929076,59126.04500945964
t7457,0.0,0.0,0.0,0.0,0.0,0.0,0.0,0.0,0.0,139499.21387929076,70926.29855075417
t7458,0.0,0.0,0.0,0.0,0.0,0.0,0.0,0.0,0.0,139499.21387929076,67150.4871273592
t7459,0.0,0.0,0.0,0.0,0.0,0.0,0.0,0.0,0.0,139499.21387929076,40564.54294947785
t7460,0.0,0.0,0.0,0.0,0.0,0.0,0.0,0.0,0.0,133721.4314550217,0.0
t7461,0.0,0.0,0.0,0.0,0.0,0.0,0.0,0.0,0.0,111732.46550645736,0.0
t7462,0.0,0.0,0.0,0.0,0.0,0.0,0.0,0.0,0.0,91463.10371504375,0.0
t7463,0.0,0.0,0.0,0.0,0.0,0.0,0.0,0.0,0.0,74949.36968528751,0.0
t7464,0.0,0.0,0.0,0.0,0.0,0.0,0.0,0.0,0.0,63483.51296875067,0.0
t7465,0.0,0.0,0.0,0.0,0.0,0.0,0.0,0.0,0.0,56430.51307492807,0.0
t7466,0.0,0.0,0.0,0.0,0.0,0.0,0.0,0.0,0.0,51713.35537206562,0.0
t7467,0.0,0.0,0.0,0.0,0.0,0.0,0.0,0.0,0.0,48134.0874686754,0.0
t7468,0.0,0.0,0.0,0.0,0.0,0.0,0.0,0.0,0.0,45135.817476284785,0.0
t7469,0.0,0.0,0.0,0.0,0.0,0.0,0.0,0.0,0.0,42423.56756614914,0.0
t7470,0.0,0.0,0.0,0.0,0.0,0.0,0.0,0.0,0.0,38204.24787624598,0.0
t7471,0.0,0.0,0.0,0.0,0.0,0.0,0.0,0.0,0.0,30222.092414383802,0.0
t7472,0.0,0.0,0.0,0.0,0.0,0.0,0.0,0.0,0.0,16476.818395992304,0.0
t7473,0.0,0.0,0.0,0.0,0.0,0.0,0.0,0.0,0.0,0.0,0.0
t7474,0.0,0.0,0.0,0.0,0.0,0.0,0.0,0.0,0.0,11535.474283606562,0.0
t7475,0.0,0.0,0.0,0.0,0.0,0.0,0.0,0.0,0.0,24720.62140954459,0.0
t7476,0.0,0.0,0.0,0.0,0.0,0.0,0.0,0.0,0.0,56805.44060178147,0.0
t7477,0.0,0.0,0.0,0.0,0.0,0.0,0.0,0.0,0.0,88890.25979401835,0.0
t7478,0.0,0.0,0.0,0.0,0.0,0.0,0.0,0.0,0.0,117754.32464557742,0.0
t7479,0.0,0.0,0.0,0.0,0.0,0.0,0.0,0.0,0.0,139499.21387929076,23273.489601581008
t7480,0.0,0.0,0.0,0.0,0.0,0.0,0.0,0.0,0.0,139499.21387929076,60367.79096659151
t7481,0.0,0.0,0.0,0.0,0.0,0.0,0.0,0.0,0.0,139499.21387929076,77396.1960794128
t7482,0.0,0.0,0.0,0.0,0.0,0.0,0.0,0.0,0.0,139499.21387929076,76237.99320642017
t7483,0.0,0.0,0.0,0.0,0.0,0.0,0.0,0.0,0.0,139499.21387929076,52338.53633982184
t7484,0.0,0.0,0.0,0.0,0.0,0.0,0.0,0.0,0.0,139499.21387929076,0.0
t7485,0.0,0.0,0.0,0.0,0.0,0.0,0.0,0.0,0.0,118847.72512807118,0.0
t7486,0.0,0.0,0.0,0.0,0.0,0.0,0.0,0.0,0.0,99461.93513427567,0.0
t7487,0.0,0.0,0.0,0.0,0.0,0.0,0.0,0.0,0.0,81960.96316668355,0.0
t7488,0.0,0.0,0.0,0.0,0.0,0.0,0.0,0.0,0.0,68506.19385439128,0.0
t7489,0.0,0.0,0.0,0.0,0.0,0.0,0.0,0.0,0.0,59383.92166047303,0.0
t7490,0.0,0.0,0.0,0.0,0.0,0.0,0.0,0.0,0.0,53635.70110106781,0.0
t7491,0.0,0.0,0.0,0.0,0.0,0.0,0.0,0.0,0.0,49376.79447024081,0.0
t7492,0.0,0.0,0.0,0.0,0.0,0.0,0.0,0.0,0.0,46040.346578278484,0.0
t7493,0.0,0.0,0.0,0.0,0.0,0.0,0.0,0.0,0.0,42335.700048265884,0.0
t7494,0.0,0.0,0.0,0.0,0.0,0.0,0.0,0.0,0.0,37814.43621034923,0.0
t7495,0.0,0.0,0.0,0.0,0.0,0.0,0.0,0.0,0.0,29567.31697421828,0.0
t7496,0.0,0.0,0.0,0.0,0.0,0.0,0.0,0.0,0.0,16433.42507064445,0.0
t7497,0.0,0.0,0.0,0.0,0.0,0.0,0.0,0.0,0.0,0.0,0.0
t7498,0.0,0.0,0.0,0.0,0.0,0.0,0.0,0.0,0.0,11441.037026163787,0.0
t7499,0.0,0.0,0.0,0.0,0.0,0.0,0.0,0.0,0.0,41346.77171575206,0.0
t7500,0.0,0.0,0.0,0.0,0.0,0.0,0.0,0.0,0.0,66754.52341233581,0.0
t7501,0.0,0.0,0.0,0.0,0.0,0.0,0.0,0.0,0.0,98839.34260457268,0.0
t7502,0.0,0.0,0.0,0.0,0.0,0.0,0.0,0.0,0.0,130924.16179680955,0.0
t7503,0.0,0.0,0.0,0.0,0.0,0.0,0.0,0.0,0.0,139499.21387929076,37241.152962613116
t7504,0.0,0.0,0.0,0.0,0.0,0.0,0.0,0.0,0.0,139499.21387929076,68441.58715870438
t7505,0.0,0.0,0.0,0.0,0.0,0.0,0.0,0.0,0.0,139499.21387929076,83576.66341811928
t7506,0.0,0.0,0.0,0.0,0.0,0.0,0.0,0.0,0.0,139499.21387929076,82432.81343603162
t7507,0.0,0.0,0.0,0.0,0.0,0.0,0.0,0.0,0.0,139499.21387929076,56735.04734325062
t7508,0.0,0.0,0.0,0.0,0.0,0.0,0.0,0.0,0.0,139499.21387929076,0.0
t7509,0.0,0.0,0.0,0.0,0.0,0.0,0.0,0.0,0.0,116250.89609318523,0.0
t7510,0.0,0.0,0.0,0.0,0.0,0.0,0.0,0.0,0.0,95198.87781240453,0.0
t7511,0.0,0.0,0.0,0.0,0.0,0.0,0.0,0.0,0.0,76423.80748886065,0.0
t7512,0.0,0.0,0.0,0.0,0.0,0.0,0.0,0.0,0.0,61343.597453781804,0.0
t7513,0.0,0.0,0.0,0.0,0.0,0.0,0.0,0.0,0.0,49656.55832199531,0.0
t7514,0.0,0.0,0.0,0.0,0.0,0.0,0.0,0.0,0.0,42193.98063482481,0.0
t7515,0.0,0.0,0.0,0.0,0.0,0.0,0.0,0.0,0.0,36635.76866274547,0.0
t7516,0.0,0.0,0.0,0.0,0.0,0.0,0.0,0.0,0.0,32006.63926068631,0.0
t7517,0.0,0.0,0.0,0.0,0.0,0.0,0.0,0.0,0.0,27244.846414460444,0.0
t7518,0.0,0.0,0.0,0.0,0.0,0.0,0.0,0.0,0.0,22888.407309573406,0.0
t7519,0.0,0.0,0.0,0.0,0.0,0.0,0.0,0.0,0.0,17596.170916487066,0.0
t7520,0.0,0.0,0.0,0.0,0.0,0.0,0.0,0.0,0.0,10137.349831754054,0.0
t7521,0.0,0.0,0.0,0.0,0.0,0.0,0.0,0.0,0.0,0.0,0.0
t7522,0.0,0.0,0.0,0.0,0.0,0.0,0.0,0.0,0.0,0.0,0.0
t7523,0.0,0.0,0.0,0.0,0.0,0.0,0.0,0.0,0.0,27657.483779191683,0.0
t7524,0.0,0.0,0.0,0.0,0.0,0.0,0.0,0.0,0.0,44750.681621094656,0.0
t7525,0.0,0.0,0.0,0.0,0.0,0.0,0.0,0.0,0.0,69632.28501573183,0.0
t7526,0.0,0.0,0.0,0.0,0.0,0.0,0.0,0.0,0.0,84420.09312023545,0.0
t7527,0.0,0.0,0.0,0.0,0.0,0.0,0.0,0.0,0.0,108275.96935108681,0.0
t7528,0.0,0.0,0.0,0.0,0.0,0.0,0.0,0.0,0.0,122392.90353272427,0.0
t7529,0.0,0.0,0.0,0.0,0.0,0.0,0.0,0.0,0.0,129031.97031975364,0.0
t7530,0.0,0.0,0.0,0.0,0.0,0.0,0.0,0.0,0.0,139499.21387929076,0.0
t7531,0.0,0.0,0.0,0.0,0.0,0.0,0.0,0.0,0.0,135067.3721100456,0.0
t7532,0.0,0.0,0.0,0.0,0.0,0.0,0.0,0.0,0.0,117291.39753542434,0.0
t7533,0.0,0.0,0.0,0.0,0.0,0.0,0.0,0.0,0.0,99173.58177734147,0.0
t7534,0.0,0.0,0.0,0.0,0.0,0.0,0.0,0.0,0.0,82271.04936407895,0.0
t7535,0.0,0.0,0.0,0.0,0.0,0.0,0.0,0.0,0.0,66518.40501303764,0.0
t7536,0.0,0.0,0.0,0.0,0.0,0.0,0.0,0.0,0.0,53968.9675040483,0.0
t7537,0.0,0.0,0.0,0.0,0.0,0.0,0.0,0.0,0.0,43979.426621782506,0.0
t7538,0.0,0.0,0.0,0.0,0.0,0.0,0.0,0.0,0.0,37035.69755521975,0.0
t7539,0.0,0.0,0.0,0.0,0.0,0.0,0.0,0.0,0.0,31080.29439098755,0.0
t7540,0.0,0.0,0.0,0.0,0.0,0.0,0.0,0.0,0.0,27781.9255890151,0.0
t7541,0.0,0.0,0.0,0.0,0.0,0.0,0.0,0.0,0.0,25066.27986122336,0.0
t7542,0.0,0.0,0.0,0.0,0.0,0.0,0.0,0.0,0.0,21896.529791654913,0.0
t7543,0.0,0.0,0.0,0.0,0.0,0.0,0.0,0.0,0.0,17336.061994156236,0.0
t7544,0.0,0.0,0.0,0.0,0.0,0.0,0.0,0.0,0.0,9353.308745334132,0.0
t7545,0.0,0.0,0.0,0.0,0.0,0.0,0.0,0.0,0.0,999.6058107754912,0.0
t7546,0.0,0.0,0.0,0.0,0.0,0.0,0.0,0.0,0.0,6984.582465762208,0.0
t7547,0.0,0.0,0.0,0.0,0.0,0.0,0.0,0.0,0.0,26780.95802248616,0.0
t7548,0.0,0.0,0.0,0.0,0.0,0.0,0.0,0.0,0.0,53377.828441872654,0.0
t7549,0.0,0.0,0.0,0.0,0.0,0.0,0.0,0.0,0.0,80315.67028478745,0.0
t7550,0.0,0.0,0.0,0.0,0.0,0.0,0.0,0.0,0.0,109476.33765985174,0.0
t7551,0.0,0.0,0.0,0.0,0.0,0.0,0.0,0.0,0.0,137575.00482152333,0.0
t7552,0.0,0.0,0.0,0.0,0.0,0.0,0.0,0.0,0.0,139499.21387929076,29799.395592364504
t7553,0.0,0.0,0.0,0.0,0.0,0.0,0.0,0.0,0.0,139499.21387929076,47482.543203372246
t7554,0.0,0.0,0.0,0.0,0.0,0.0,0.0,0.0,0.0,139499.21387929076,48664.692245619284
t7555,0.0,0.0,0.0,0.0,0.0,0.0,0.0,0.0,0.0,139499.21387929076,26946.15246302774
t7556,0.0,0.0,0.0,0.0,0.0,0.0,0.0,0.0,0.0,129497.01311192245,0.0
t7557,0.0,0.0,0.0,0.0,0.0,0.0,0.0,0.0,0.0,108425.86861138942,0.0
t7558,0.0,0.0,0.0,0.0,0.0,0.0,0.0,0.0,0.0,87843.12789270577,0.0
t7559,0.0,0.0,0.0,0.0,0.0,0.0,0.0,0.0,0.0,68751.87745639354,0.0
t7560,0.0,0.0,0.0,0.0,0.0,0.0,0.0,0.0,0.0,53668.16623996578,0.0
t7561,0.0,0.0,0.0,0.0,0.0,0.0,0.0,0.0,0.0,43287.3517067624,0.0
t7562,0.0,0.0,0.0,0.0,0.0,0.0,0.0,0.0,0.0,36725.371217018284,0.0
t7563,0.0,0.0,0.0,0.0,0.0,0.0,0.0,0.0,0.0,33388.61144108076,0.0
t7564,0.0,0.0,0.0,0.0,0.0,0.0,0.0,0.0,0.0,31730.80268863198,0.0
t7565,0.0,0.0,0.0,0.0,0.0,0.0,0.0,0.0,0.0,29872.259239999476,0.0
t7566,0.0,0.0,0.0,0.0,0.0,0.0,0.0,0.0,0.0,26114.40206253819,0.0
t7567,0.0,0.0,0.0,0.0,0.0,0.0,0.0,0.0,0.0,21200.341070278693,0.0
t7568,0.0,0.0,0.0,0.0,0.0,0.0,0.0,0.0,0.0,12620.703104127624,0.0
t7569,0.0,0.0,0.0,0.0,0.0,0.0,0.0,0.0,0.0,0.0,0.0
t7570,0.0,0.0,0.0,0.0,0.0,0.0,0.0,0.0,0.0,13951.219534146683,0.0
t7571,0.0,0.0,0.0,0.0,0.0,0.0,0.0,0.0,0.0,28483.9263172511,0.0
t7572,0.0,0.0,0.0,0.0,0.0,0.0,0.0,0.0,0.0,60568.74550948798,0.0
t7573,0.0,0.0,0.0,0.0,0.0,0.0,0.0,0.0,0.0,82743.2362392585,0.0
t7574,0.0,0.0,0.0,0.0,0.0,0.0,0.0,0.0,0.0,107414.3946870539,0.0
t7575,0.0,0.0,0.0,0.0,0.0,0.0,0.0,0.0,0.0,139499.21387929076,0.0
t7576,0.0,0.0,0.0,0.0,0.0,0.0,0.0,0.0,0.0,139499.21387929076,47862.71254410433
t7577,0.0,0.0,0.0,0.0,0.0,0.0,0.0,0.0,0.0,139499.21387929076,72992.36045302014
t7578,0.0,0.0,0.0,0.0,0.0,0.0,0.0,0.0,0.0,139499.21387929076,76274.69459845404
t7579,0.0,0.0,0.0,0.0,0.0,0.0,0.0,0.0,0.0,139499.21387929076,49471.01612210384
t7580,0.0,0.0,0.0,0.0,0.0,0.0,0.0,0.0,0.0,137869.63222879244,0.0
t7581,0.0,0.0,0.0,0.0,0.0,0.0,0.0,0.0,0.0,119312.72620953775,0.0
t7582,0.0,0.0,0.0,0.0,0.0,0.0,0.0,0.0,0.0,101359.68909100001,0.0
t7583,0.0,0.0,0.0,0.0,0.0,0.0,0.0,0.0,0.0,86445.81294325317,0.0
t7584,0.0,0.0,0.0,0.0,0.0,0.0,0.0,0.0,0.0,75718.05652903674,0.0
t7585,0.0,0.0,0.0,0.0,0.0,0.0,0.0,0.0,0.0,68516.83265945339,0.0
t7586,0.0,0.0,0.0,0.0,0.0,0.0,0.0,0.0,0.0,64314.13695675289,0.0
t7587,0.0,0.0,0.0,0.0,0.0,0.0,0.0,0.0,0.0,60989.98210693755,0.0
t7588,0.0,0.0,0.0,0.0,0.0,0.0,0.0,0.0,0.0,58364.89714114009,0.0
t7589,0.0,0.0,0.0,0.0,0.0,0.0,0.0,0.0,0.0,54371.474946257586,0.0
t7590,0.0,0.0,0.0,0.0,0.0,0.0,0.0,0.0,0.0,48431.56342875259,0.0
t7591,0.0,0.0,0.0,0.0,0.0,0.0,0.0,0.0,0.0,37923.42065693995,0.0
t7592,0.0,0.0,0.0,0.0,0.0,0.0,0.0,0.0,0.0,20589.93474954169,0.0
t7593,0.0,0.0,0.0,0.0,0.0,0.0,0.0,0.0,0.0,2176.8845662156727,0.0
t7594,0.0,0.0,0.0,0.0,0.0,0.0,0.0,0.0,0.0,2176.8845662156727,0.0
t7595,0.0,0.0,0.0,0.0,0.0,0.0,0.0,0.0,0.0,11907.41591788445,0.0
t7596,0.0,0.0,0.0,0.0,0.0,0.0,0.0,0.0,0.0,28816.27680412172,0.0
t7597,0.0,0.0,0.0,0.0,0.0,0.0,0.0,0.0,0.0,51689.764808520296,0.0
t7598,0.0,0.0,0.0,0.0,0.0,0.0,0.0,0.0,0.0,76293.10350006624,0.0
t7599,0.0,0.0,0.0,0.0,0.0,0.0,0.0,0.0,0.0,98819.31535306414,0.0
t7600,0.0,0.0,0.0,0.0,0.0,0.0,0.0,0.0,0.0,117296.08987184435,0.0
t7601,0.0,0.0,0.0,0.0,0.0,0.0,0.0,0.0,0.0,131584.5624666526,0.0
t7602,0.0,0.0,0.0,0.0,0.0,0.0,0.0,0.0,0.0,139499.21387929076,0.0
t7603,0.0,0.0,0.0,0.0,0.0,0.0,0.0,0.0,0.0,135340.42308543186,0.0
t7604,0.0,0.0,0.0,0.0,0.0,0.0,0.0,0.0,0.0,118961.25343399838,0.0
t7605,0.0,0.0,0.0,0.0,0.0,0.0,0.0,0.0,0.0,101136.07230381048,0.0
t7606,0.0,0.0,0.0,0.0,0.0,0.0,0.0,0.0,0.0,85624.21535620469,0.0
t7607,0.0,0.0,0.0,0.0,0.0,0.0,0.0,0.0,0.0,72181.36610010004,0.0
t7608,0.0,0.0,0.0,0.0,0.0,0.0,0.0,0.0,0.0,62630.54043975073,0.0
t7609,0.0,0.0,0.0,0.0,0.0,0.0,0.0,0.0,0.0,56858.11704125179,0.0
t7610,0.0,0.0,0.0,0.0,0.0,0.0,0.0,0.0,0.0,53306.8394692891,0.0
t7611,0.0,0.0,0.0,0.0,0.0,0.0,0.0,0.0,0.0,51093.00927043836,0.0
t7612,0.0,0.0,0.0,0.0,0.0,0.0,0.0,0.0,0.0,49792.59622144232,0.0
t7613,0.0,0.0,0.0,0.0,0.0,0.0,0.0,0.0,0.0,48162.77815709511,0.0
t7614,0.0,0.0,0.0,0.0,0.0,0.0,0.0,0.0,0.0,44242.974259751005,0.0
t7615,0.0,0.0,0.0,0.0,0.0,0.0,0.0,0.0,0.0,36085.03671812374,0.0
t7616,0.0,0.0,0.0,0.0,0.0,0.0,0.0,0.0,0.0,20882.539922106556,0.0
t7617,0.0,0.0,0.0,0.0,0.0,0.0,0.0,0.0,0.0,0.0,0.0
t7618,0.0,0.0,0.0,0.0,0.0,0.0,0.0,0.0,0.0,2436.9401869931426,0.0
t7619,0.0,0.0,0.0,0.0,0.0,0.0,0.0,0.0,0.0,20478.496974614915,0.0
t7620,0.0,0.0,0.0,0.0,0.0,0.0,0.0,0.0,0.0,47979.39052471797,0.0
t7621,0.0,0.0,0.0,0.0,0.0,0.0,0.0,0.0,0.0,80064.20971695485,0.0
t7622,0.0,0.0,0.0,0.0,0.0,0.0,0.0,0.0,0.0,112149.02890919174,600.0583245866343
t7623,0.0,0.0,0.0,0.0,0.0,0.0,0.0,0.0,0.0,139499.21387929076,8621.251728629732
t7624,0.0,0.0,0.0,0.0,0.0,0.0,0.0,0.0,0.0,139499.21387929076,39712.862989266076
t7625,0.0,0.0,0.0,0.0,0.0,0.0,0.0,0.0,0.0,139499.21387929076,56814.14861095579
t7626,0.0,0.0,0.0,0.0,0.0,0.0,0.0,0.0,0.0,139499.21387929076,56940.98848038518
t7627,0.0,0.0,0.0,0.0,0.0,0.0,0.0,0.0,0.0,139499.21387929076,39306.4340521544
t7628,0.0,0.0,0.0,0.0,0.0,0.0,0.0,0.0,0.0,139499.21387929076,0.0
t7629,0.0,0.0,0.0,0.0,0.0,0.0,0.0,0.0,0.0,122683.71095933202,0.0
t7630,0.0,0.0,0.0,0.0,0.0,0.0,0.0,0.0,0.0,106486.68630024281,0.0
t7631,0.0,0.0,0.0,0.0,0.0,0.0,0.0,0.0,0.0,92332.05294550146,0.0
t7632,0.0,0.0,0.0,0.0,0.0,0.0,0.0,0.0,0.0,81881.76741684705,0.0
t7633,0.0,0.0,0.0,0.0,0.0,0.0,0.0,0.0,0.0,74999.96014906222,0.0
t7634,0.0,0.0,0.0,0.0,0.0,0.0,0.0,0.0,0.0,70135.54418562542,0.0
t7635,0.0,0.0,0.0,0.0,0.0,0.0,0.0,0.0,0.0,66126.5630047971,0.0
t7636,0.0,0.0,0.0,0.0,0.0,0.0,0.0,0.0,0.0,62223.01660657748,0.0
t7637,0.0,0.0,0.0,0.0,0.0,0.0,0.0,0.0,0.0,57709.68759966221,0.0
t7638,0.0,0.0,0.0,0.0,0.0,0.0,0.0,0.0,0.0,51386.575984051284,0.0
t7639,0.0,0.0,0.0,0.0,0.0,0.0,0.0,0.0,0.0,40427.594803222964,0.0
t7640,0.0,0.0,0.0,0.0,0.0,0.0,0.0,0.0,0.0,22541.439709351172,0.0
t7641,0.0,0.0,0.0,0.0,0.0,0.0,0.0,0.0,0.0,0.0,0.0
t7642,0.0,0.0,0.0,0.0,0.0,0.0,0.0,0.0,0.0,264.99297443550637,0.0
t7643,0.0,0.0,0.0,0.0,0.0,0.0,0.0,0.0,0.0,15388.609705344794,0.0
t7644,0.0,0.0,0.0,0.0,0.0,0.0,0.0,0.0,0.0,38492.490577028446,0.0
t7645,0.0,0.0,0.0,0.0,0.0,0.0,0.0,0.0,0.0,64255.85988739901,0.0
t7646,0.0,0.0,0.0,0.0,0.0,0.0,0.0,0.0,0.0,90369.4552521326,0.0
t7647,0.0,0.0,0.0,0.0,0.0,0.0,0.0,0.0,0.0,114259.38295874742,0.0
t7648,0.0,0.0,0.0,0.0,0.0,0.0,0.0,0.0,0.0,139224.930542777,0.0
t7649,0.0,0.0,0.0,0.0,0.0,0.0,0.0,0.0,0.0,139499.21387929076,25172.248281893088
t7650,0.0,0.0,0.0,0.0,0.0,0.0,0.0,0.0,0.0,139499.21387929076,30963.007719826666
t7651,0.0,0.0,0.0,0.0,0.0,0.0,0.0,0.0,0.0,139499.21387929076,14385.47135041823
t7652,0.0,0.0,0.0,0.0,0.0,0.0,0.0,0.0,0.0,128304.56501024093,0.0
t7653,0.0,0.0,0.0,0.0,0.0,0.0,0.0,0.0,0.0,111400.80740933899,0.0
t7654,0.0,0.0,0.0,0.0,0.0,0.0,0.0,0.0,0.0,94759.23192548222,0.0
t7655,0.0,0.0,0.0,0.0,0.0,0.0,0.0,0.0,0.0,80417.06629947794,0.0
t7656,0.0,0.0,0.0,0.0,0.0,0.0,0.0,0.0,0.0,69927.93558723207,0.0
t7657,0.0,0.0,0.0,0.0,0.0,0.0,0.0,0.0,0.0,63288.762773475755,0.0
t7658,0.0,0.0,0.0,0.0,0.0,0.0,0.0,0.0,0.0,59039.03055332964,0.0
t7659,0.0,0.0,0.0,0.0,0.0,0.0,0.0,0.0,0.0,55787.51281898709,0.0
t7660,0.0,0.0,0.0,0.0,0.0,0.0,0.0,0.0,0.0,52922.57233228904,0.0
t7661,0.0,0.0,0.0,0.0,0.0,0.0,0.0,0.0,0.0,50693.75193962197,0.0
t7662,0.0,0.0,0.0,0.0,0.0,0.0,0.0,0.0,0.0,46433.88837269384,0.0
t7663,0.0,0.0,0.0,0.0,0.0,0.0,0.0,0.0,0.0,37349.307590336015,0.0
t7664,0.0,0.0,0.0,0.0,0.0,0.0,0.0,0.0,0.0,21417.04211330683,0.0
t7665,0.0,0.0,0.0,0.0,0.0,0.0,0.0,0.0,0.0,0.0,0.0
t7666,0.0,0.0,0.0,0.0,0.0,0.0,0.0,0.0,0.0,1072.7893478734004,0.0
t7667,0.0,0.0,0.0,0.0,0.0,0.0,0.0,0.0,0.0,19039.634031585276,0.0
t7668,0.0,0.0,0.0,0.0,0.0,0.0,0.0,0.0,0.0,46788.374194384196,0.0
t7669,0.0,0.0,0.0,0.0,0.0,0.0,0.0,0.0,0.0,78873.19338662107,0.0
t7670,0.0,0.0,0.0,0.0,0.0,0.0,0.0,0.0,0.0,110958.01257885795,0.0
t7671,0.0,0.0,0.0,0.0,0.0,0.0,0.0,0.0,0.0,139499.21387929076,12566.90104489843
t7672,0.0,0.0,0.0,0.0,0.0,0.0,0.0,0.0,0.0,139499.21387929076,48548.13003399449
t7673,0.0,0.0,0.0,0.0,0.0,0.0,0.0,0.0,0.0,139499.21387929076,67418.07890538934
t7674,0.0,0.0,0.0,0.0,0.0,0.0,0.0,0.0,0.0,139499.21387929076,67984.32745041227
t7675,0.0,0.0,0.0,0.0,0.0,0.0,0.0,0.0,0.0,139499.21387929076,42152.4810545136
t7676,0.0,0.0,0.0,0.0,0.0,0.0,0.0,0.0,0.0,139499.21387929076,0.0
t7677,0.0,0.0,0.0,0.0,0.0,0.0,0.0,0.0,0.0,123746.86705930193,0.0
t7678,0.0,0.0,0.0,0.0,0.0,0.0,0.0,0.0,0.0,108381.3862345293,0.0
t7679,0.0,0.0,0.0,0.0,0.0,0.0,0.0,0.0,0.0,94431.1077133072,0.0
t7680,0.0,0.0,0.0,0.0,0.0,0.0,0.0,0.0,0.0,82800.03302438595,0.0
t7681,0.0,0.0,0.0,0.0,0.0,0.0,0.0,0.0,0.0,73851.26599704172,0.0
t7682,0.0,0.0,0.0,0.0,0.0,0.0,0.0,0.0,0.0,66574.89139454546,0.0
t7683,0.0,0.0,0.0,0.0,0.0,0.0,0.0,0.0,0.0,60203.06636143659,0.0
t7684,0.0,0.0,0.0,0.0,0.0,0.0,0.0,0.0,0.0,54055.24769957929,0.0
t7685,0.0,0.0,0.0,0.0,0.0,0.0,0.0,0.0,0.0,47593.36491695609,0.0
t7686,0.0,0.0,0.0,0.0,0.0,0.0,0.0,0.0,0.0,40134.59844986194,0.0
t7687,0.0,0.0,0.0,0.0,0.0,0.0,0.0,0.0,0.0,30506.116248338898,0.0
t7688,0.0,0.0,0.0,0.0,0.0,0.0,0.0,0.0,0.0,17812.525071038683,0.0
t7689,0.0,0.0,0.0,0.0,0.0,0.0,0.0,0.0,0.0,0.0,0.0
t7690,0.0,0.0,0.0,0.0,0.0,0.0,0.0,0.0,0.0,0.0,0.0
t7691,0.0,0.0,0.0,0.0,0.0,0.0,0.0,0.0,0.0,21049.229214190687,0.0
t7692,0.0,0.0,0.0,0.0,0.0,0.0,0.0,0.0,0.0,49716.606224024166,0.0
t7693,0.0,0.0,0.0,0.0,0.0,0.0,0.0,0.0,0.0,81801.42541626105,0.0
t7694,0.0,0.0,0.0,0.0,0.0,0.0,0.0,0.0,0.0,107414.3946870539,0.0
t7695,0.0,0.0,0.0,0.0,0.0,0.0,0.0,0.0,0.0,139499.21387929076,0.0
t7696,0.0,0.0,0.0,0.0,0.0,0.0,0.0,0.0,0.0,139499.21387929076,40740.782045153464
t7697,0.0,0.0,0.0,0.0,0.0,0.0,0.0,0.0,0.0,139499.21387929076,65742.35764804643
t7698,0.0,0.0,0.0,0.0,0.0,0.0,0.0,0.0,0.0,139499.21387929076,71172.09090833043
t7699,0.0,0.0,0.0,0.0,0.0,0.0,0.0,0.0,0.0,139499.21387929076,47334.03549382118
t7700,0.0,0.0,0.0,0.0,0.0,0.0,0.0,0.0,0.0,139499.21387929076,0.0
t7701,0.0,0.0,0.0,0.0,0.0,0.0,0.0,0.0,0.0,123613.6154408491,0.0
t7702,0.0,0.0,0.0,0.0,0.0,0.0,0.0,0.0,0.0,108012.88381412398,0.0
t7703,0.0,0.0,0.0,0.0,0.0,0.0,0.0,0.0,0.0,93730.53712049512,0.0
t7704,0.0,0.0,0.0,0.0,0.0,0.0,0.0,0.0,0.0,81476.2285023758,0.0
t7705,0.0,0.0,0.0,0.0,0.0,0.0,0.0,0.0,0.0,71343.57164991934,0.0
t7706,0.0,0.0,0.0,0.0,0.0,0.0,0.0,0.0,0.0,63029.082899504865,0.0
t7707,0.0,0.0,0.0,0.0,0.0,0.0,0.0,0.0,0.0,55629.48033081193,0.0
t7708,0.0,0.0,0.0,0.0,0.0,0.0,0.0,0.0,0.0,48701.869862117084,0.0
t7709,0.0,0.0,0.0,0.0,0.0,0.0,0.0,0.0,0.0,41710.68296227812,0.0
t7710,0.0,0.0,0.0,0.0,0.0,0.0,0.0,0.0,0.0,34130.53123244795,0.0
t7711,0.0,0.0,0.0,0.0,0.0,0.0,0.0,0.0,0.0,24958.427823379905,0.0
t7712,0.0,0.0,0.0,0.0,0.0,0.0,0.0,0.0,0.0,14287.46259709647,0.0
t7713,0.0,0.0,0.0,0.0,0.0,0.0,0.0,0.0,0.0,0.0,0.0
t7714,0.0,0.0,0.0,0.0,0.0,0.0,0.0,0.0,0.0,9041.662414850163,0.0
t7715,0.0,0.0,0.0,0.0,0.0,0.0,0.0,0.0,0.0,33344.15334517788,0.0
t7716,0.0,0.0,0.0,0.0,0.0,0.0,0.0,0.0,0.0,65428.97253741476,0.0
t7717,0.0,0.0,0.0,0.0,0.0,0.0,0.0,0.0,0.0,97513.79172965164,0.0
t7718,0.0,0.0,0.0,0.0,0.0,0.0,0.0,0.0,0.0,129598.61092188851,0.0
t7719,0.0,0.0,0.0,0.0,0.0,0.0,0.0,0.0,0.0,139499.21387929076,30334.435089536826
t7720,0.0,0.0,0.0,0.0,0.0,0.0,0.0,0.0,0.0,139499.21387929076,58215.72201605783
t7721,0.0,0.0,0.0,0.0,0.0,0.0,0.0,0.0,0.0,139499.21387929076,74523.17063879909
t7722,0.0,0.0,0.0,0.0,0.0,0.0,0.0,0.0,0.0,139499.21387929076,71820.45118542705
t7723,0.0,0.0,0.0,0.0,0.0,0.0,0.0,0.0,0.0,139499.21387929076,41694.22220039006
t7724,0.0,0.0,0.0,0.0,0.0,0.0,0.0,0.0,0.0,138768.20959210035,0.0
t7725,0.0,0.0,0.0,0.0,0.0,0.0,0.0,0.0,0.0,120684.87642772608,0.0
t7726,0.0,0.0,0.0,0.0,0.0,0.0,0.0,0.0,0.0,103976.81132066899,0.0
t7727,0.0,0.0,0.0,0.0,0.0,0.0,0.0,0.0,0.0,89477.84851413769,0.0
t7728,0.0,0.0,0.0,0.0,0.0,0.0,0.0,0.0,0.0,77797.08082340499,0.0
t7729,0.0,0.0,0.0,0.0,0.0,0.0,0.0,0.0,0.0,69639.07606736314,0.0
t7730,0.0,0.0,0.0,0.0,0.0,0.0,0.0,0.0,0.0,63643.26851612028,0.0
t7731,0.0,0.0,0.0,0.0,0.0,0.0,0.0,0.0,0.0,58783.75506745094,0.0
t7732,0.0,0.0,0.0,0.0,0.0,0.0,0.0,0.0,0.0,54257.55483510983,0.0
t7733,0.0,0.0,0.0,0.0,0.0,0.0,0.0,0.0,0.0,49509.238999489666,0.0
t7734,0.0,0.0,0.0,0.0,0.0,0.0,0.0,0.0,0.0,43472.289543461105,0.0
t7735,0.0,0.0,0.0,0.0,0.0,0.0,0.0,0.0,0.0,33759.19594164654,0.0
t7736,0.0,0.0,0.0,0.0,0.0,0.0,0.0,0.0,0.0,18719.96415704738,0.0
t7737,0.0,0.0,0.0,0.0,0.0,0.0,0.0,0.0,0.0,0.0,0.0
t7738,0.0,0.0,0.0,0.0,0.0,0.0,0.0,0.0,0.0,1563.5323232086703,0.0
t7739,0.0,0.0,0.0,0.0,0.0,0.0,0.0,0.0,0.0,17117.848288152578,0.0
t7740,0.0,0.0,0.0,0.0,0.0,0.0,0.0,0.0,0.0,41950.18889223022,0.0
t7741,0.0,0.0,0.0,0.0,0.0,0.0,0.0,0.0,0.0,70447.7779580495,0.0
t7742,0.0,0.0,0.0,0.0,0.0,0.0,0.0,0.0,0.0,96406.86627265377,0.0
t7743,0.0,0.0,0.0,0.0,0.0,0.0,0.0,0.0,0.0,121240.37479224206,0.0
t7744,0.0,0.0,0.0,0.0,0.0,0.0,0.0,0.0,0.0,139499.21387929076,6293.1446747301625
t7745,0.0,0.0,0.0,0.0,0.0,0.0,0.0,0.0,0.0,139499.21387929076,25285.934952081025
t7746,0.0,0.0,0.0,0.0,0.0,0.0,0.0,0.0,0.0,139499.21387929076,28758.066203347284
t7747,0.0,0.0,0.0,0.0,0.0,0.0,0.0,0.0,0.0,139499.21387929076,940.699725121735
t7748,0.0,0.0,0.0,0.0,0.0,0.0,0.0,0.0,0.0,120679.01539066962,0.0
t7749,0.0,0.0,0.0,0.0,0.0,0.0,0.0,0.0,0.0,101537.87142946338,0.0
t7750,0.0,0.0,0.0,0.0,0.0,0.0,0.0,0.0,0.0,83676.70437625104,0.0
t7751,0.0,0.0,0.0,0.0,0.0,0.0,0.0,0.0,0.0,68390.42890751157,0.0
t7752,0.0,0.0,0.0,0.0,0.0,0.0,0.0,0.0,0.0,57003.692762907,0.0
t7753,0.0,0.0,0.0,0.0,0.0,0.0,0.0,0.0,0.0,49735.88959203568,0.0
t7754,0.0,0.0,0.0,0.0,0.0,0.0,0.0,0.0,0.0,45339.23540945162,0.0
t7755,0.0,0.0,0.0,0.0,0.0,0.0,0.0,0.0,0.0,42620.54106235761,0.0
t7756,0.0,0.0,0.0,0.0,0.0,0.0,0.0,0.0,0.0,40455.5801866968,0.0
t7757,0.0,0.0,0.0,0.0,0.0,0.0,0.0,0.0,0.0,38263.92712461289,0.0
t7758,0.0,0.0,0.0,0.0,0.0,0.0,0.0,0.0,0.0,34908.27309402873,0.0
t7759,0.0,0.0,0.0,0.0,0.0,0.0,0.0,0.0,0.0,28264.404017390894,0.0
t7760,0.0,0.0,0.0,0.0,0.0,0.0,0.0,0.0,0.0,16489.350374206835,0.0
t7761,0.0,0.0,0.0,0.0,0.0,0.0,0.0,0.0,0.0,0.0,0.0
t7762,0.0,0.0,0.0,0.0,0.0,0.0,0.0,0.0,0.0,6960.303401942117,0.0
t7763,0.0,0.0,0.0,0.0,0.0,0.0,0.0,0.0,0.0,29638.87505093146,0.0
t7764,0.0,0.0,0.0,0.0,0.0,0.0,0.0,0.0,0.0,60606.674056929594,0.0
t7765,0.0,0.0,0.0,0.0,0.0,0.0,0.0,0.0,0.0,92691.49324916647,0.0
t7766,0.0,0.0,0.0,0.0,0.0,0.0,0.0,0.0,0.0,124776.31244140334,0.0
t7767,0.0,0.0,0.0,0.0,0.0,0.0,0.0,0.0,0.0,139499.21387929076,20231.171180861664
t7768,0.0,0.0,0.0,0.0,0.0,0.0,0.0,0.0,0.0,139499.21387929076,46763.3141294783
t7769,0.0,0.0,0.0,0.0,0.0,0.0,0.0,0.0,0.0,139499.21387929076,57168.29719953077
t7770,0.0,0.0,0.0,0.0,0.0,0.0,0.0,0.0,0.0,139499.21387929076,45353.90369408849
t7771,0.0,0.0,0.0,0.0,0.0,0.0,0.0,0.0,0.0,139499.21387929076,0.0
t7772,0.0,0.0,0.0,0.0,0.0,0.0,0.0,0.0,0.0,117840.30953353317,0.0
t7773,0.0,0.0,0.0,0.0,0.0,0.0,0.0,0.0,0.0,97656.23045823176,0.0
t7774,0.0,0.0,0.0,0.0,0.0,0.0,0.0,0.0,0.0,78999.74667157893,0.0
t7775,0.0,0.0,0.0,0.0,0.0,0.0,0.0,0.0,0.0,63008.96200285084,0.0
t7776,0.0,0.0,0.0,0.0,0.0,0.0,0.0,0.0,0.0,50866.717066507816,0.0
t7777,0.0,0.0,0.0,0.0,0.0,0.0,0.0,0.0,0.0,42987.581922442296,0.0
t7778,0.0,0.0,0.0,0.0,0.0,0.0,0.0,0.0,0.0,38141.17581555888,0.0
t7779,0.0,0.0,0.0,0.0,0.0,0.0,0.0,0.0,0.0,35048.86456519911,0.0
t7780,0.0,0.0,0.0,0.0,0.0,0.0,0.0,0.0,0.0,32902.63002610847,0.0
t7781,0.0,0.0,0.0,0.0,0.0,0.0,0.0,0.0,0.0,30969.454053032554,0.0
t7782,0.0,0.0,0.0,0.0,0.0,0.0,0.0,0.0,0.0,27931.713422815377,0.0
t7783,0.0,0.0,0.0,0.0,0.0,0.0,0.0,0.0,0.0,22249.594230753522,0.0
t7784,0.0,0.0,0.0,0.0,0.0,0.0,0.0,0.0,0.0,12326.279106392722,0.0
t7785,0.0,0.0,0.0,0.0,0.0,0.0,0.0,0.0,0.0,0.0,0.0
t7786,0.0,0.0,0.0,0.0,0.0,0.0,0.0,0.0,0.0,0.0,0.0
t7787,0.0,0.0,0.0,0.0,0.0,0.0,0.0,0.0,0.0,13513.697682637918,0.0
t7788,0.0,0.0,0.0,0.0,0.0,0.0,0.0,0.0,0.0,37682.69516466646,0.0
t7789,0.0,0.0,0.0,0.0,0.0,0.0,0.0,0.0,0.0,66928.96808773183,0.0
t7790,0.0,0.0,0.0,0.0,0.0,0.0,0.0,0.0,0.0,99013.7872799687,0.0
t7791,0.0,0.0,0.0,0.0,0.0,0.0,0.0,0.0,0.0,131098.60647220557,452.32854800597187
t7792,0.0,0.0,0.0,0.0,0.0,0.0,0.0,0.0,0.0,139499.21387929076,21740.162050527608
t7793,0.0,0.0,0.0,0.0,0.0,0.0,0.0,0.0,0.0,139499.21387929076,39392.37385745444
t7794,0.0,0.0,0.0,0.0,0.0,0.0,0.0,0.0,0.0,139499.21387929076,37986.846141510105
t7795,0.0,0.0,0.0,0.0,0.0,0.0,0.0,0.0,0.0,139499.21387929076,7276.559893119909
t7796,0.0,0.0,0.0,0.0,0.0,0.0,0.0,0.0,0.0,120598.73420482579,0.0
t7797,0.0,0.0,0.0,0.0,0.0,0.0,0.0,0.0,0.0,99970.44118928487,0.0
t7798,0.0,0.0,0.0,0.0,0.0,0.0,0.0,0.0,0.0,81436.28605252877,0.0
t7799,0.0,0.0,0.0,0.0,0.0,0.0,0.0,0.0,0.0,64768.86260220525,0.0
t7800,0.0,0.0,0.0,0.0,0.0,0.0,0.0,0.0,0.0,51455.84416723297,0.0
t7801,0.0,0.0,0.0,0.0,0.0,0.0,0.0,0.0,0.0,41873.90188327978,0.0
t7802,0.0,0.0,0.0,0.0,0.0,0.0,0.0,0.0,0.0,35201.80852203893,0.0
t7803,0.0,0.0,0.0,0.0,0.0,0.0,0.0,0.0,0.0,30232.63253427705,0.0
t7804,0.0,0.0,0.0,0.0,0.0,0.0,0.0,0.0,0.0,26435.108312178036,0.0
t7805,0.0,0.0,0.0,0.0,0.0,0.0,0.0,0.0,0.0,23082.134219716503,0.0
t7806,0.0,0.0,0.0,0.0,0.0,0.0,0.0,0.0,0.0,19842.54393985107,0.0
t7807,0.0,0.0,0.0,0.0,0.0,0.0,0.0,0.0,0.0,15463.528154129268,0.0
t7808,0.0,0.0,0.0,0.0,0.0,0.0,0.0,0.0,0.0,9597.462518894958,0.0
t7809,0.0,0.0,0.0,0.0,0.0,0.0,0.0,0.0,0.0,1.8189894035458565e-12,0.0
t7810,0.0,0.0,0.0,0.0,0.0,0.0,0.0,0.0,0.0,1.8189894035458565e-12,0.0
t7811,0.0,0.0,0.0,0.0,0.0,0.0,0.0,0.0,0.0,18168.381761515462,0.0
t7812,0.0,0.0,0.0,0.0,0.0,0.0,0.0,0.0,0.0,43807.24027844694,0.0
t7813,0.0,0.0,0.0,0.0,0.0,0.0,0.0,0.0,0.0,75329.57549481702,0.0
t7814,0.0,0.0,0.0,0.0,0.0,0.0,0.0,0.0,0.0,107414.3946870539,0.0
t7815,0.0,0.0,0.0,0.0,0.0,0.0,0.0,0.0,0.0,139499.21387929076,0.0
t7816,0.0,0.0,0.0,0.0,0.0,0.0,0.0,0.0,0.0,139499.21387929076,35196.525330934186
t7817,0.0,0.0,0.0,0.0,0.0,0.0,0.0,0.0,0.0,139499.21387929076,56971.26549559746
t7818,0.0,0.0,0.0,0.0,0.0,0.0,0.0,0.0,0.0,139499.21387929076,63907.47354813559
t7819,0.0,0.0,0.0,0.0,0.0,0.0,0.0,0.0,0.0,139499.21387929076,44291.826518567264
t7820,0.0,0.0,0.0,0.0,0.0,0.0,0.0,0.0,0.0,139499.21387929076,2825.051946006188
t7821,0.0,0.0,0.0,0.0,0.0,0.0,0.0,0.0,0.0,123961.80518830272,0.0
t7822,0.0,0.0,0.0,0.0,0.0,0.0,0.0,0.0,0.0,107938.41110983575,0.0
t7823,0.0,0.0,0.0,0.0,0.0,0.0,0.0,0.0,0.0,92858.34161344975,0.0
t7824,0.0,0.0,0.0,0.0,0.0,0.0,0.0,0.0,0.0,79612.29897882047,0.0
t7825,0.0,0.0,0.0,0.0,0.0,0.0,0.0,0.0,0.0,68449.47307099517,0.0
t7826,0.0,0.0,0.0,0.0,0.0,0.0,0.0,0.0,0.0,59243.71378118628,0.0
t7827,0.0,0.0,0.0,0.0,0.0,0.0,0.0,0.0,0.0,51329.79179208673,0.0
t7828,0.0,0.0,0.0,0.0,0.0,0.0,0.0,0.0,0.0,44261.898449744505,0.0
t7829,0.0,0.0,0.0,0.0,0.0,0.0,0.0,0.0,0.0,37182.126825682644,0.0
t7830,0.0,0.0,0.0,0.0,0.0,0.0,0.0,0.0,0.0,29859.382879877827,0.0
t7831,0.0,0.0,0.0,0.0,0.0,0.0,0.0,0.0,0.0,21232.04130017377,0.0
t7832,0.0,0.0,0.0,0.0,0.0,0.0,0.0,0.0,0.0,11199.054430308803,0.0
t7833,0.0,0.0,0.0,0.0,0.0,0.0,0.0,0.0,0.0,0.0,0.0
t7834,0.0,0.0,0.0,0.0,0.0,0.0,0.0,0.0,0.0,10190.778148469639,0.0
t7835,0.0,0.0,0.0,0.0,0.0,0.0,0.0,0.0,0.0,32534.21960886663,0.0
t7836,0.0,0.0,0.0,0.0,0.0,0.0,0.0,0.0,0.0,62627.24865973318,0.0
t7837,0.0,0.0,0.0,0.0,0.0,0.0,0.0,0.0,0.0,94712.06785197006,0.0
t7838,0.0,0.0,0.0,0.0,0.0,0.0,0.0,0.0,0.0,125920.09925905772,0.0
t7839,0.0,0.0,0.0,0.0,0.0,0.0,0.0,0.0,0.0,139499.21387929076,16425.498334886088
t7840,0.0,0.0,0.0,0.0,0.0,0.0,0.0,0.0,0.0,139499.21387929076,42816.19611817673
t7841,0.0,0.0,0.0,0.0,0.0,0.0,0.0,0.0,0.0,139499.21387929076,52342.890652262286
t7842,0.0,0.0,0.0,0.0,0.0,0.0,0.0,0.0,0.0,139499.21387929076,50663.441808302356
t7843,0.0,0.0,0.0,0.0,0.0,0.0,0.0,0.0,0.0,139499.21387929076,23446.34431111185
t7844,0.0,0.0,0.0,0.0,0.0,0.0,0.0,0.0,0.0,132196.8034173551,0.0
t7845,0.0,0.0,0.0,0.0,0.0,0.0,0.0,0.0,0.0,115031.97240308247,0.0
t7846,0.0,0.0,0.0,0.0,0.0,0.0,0.0,0.0,0.0,98800.59915917425,0.0
t7847,0.0,0.0,0.0,0.0,0.0,0.0,0.0,0.0,0.0,85579.7983291606,0.0
t7848,0.0,0.0,0.0,0.0,0.0,0.0,0.0,0.0,0.0,73329.32686722832,0.0
t7849,0.0,0.0,0.0,0.0,0.0,0.0,0.0,0.0,0.0,63247.7669677735,0.0
t7850,0.0,0.0,0.0,0.0,0.0,0.0,0.0,0.0,0.0,55222.90037524192,0.0
t7851,0.0,0.0,0.0,0.0,0.0,0.0,0.0,0.0,0.0,48254.03449496032,0.0
t7852,0.0,0.0,0.0,0.0,0.0,0.0,0.0,0.0,0.0,41941.35318122494,0.0
t7853,0.0,0.0,0.0,0.0,0.0,0.0,0.0,0.0,0.0,35982.67059498951,0.0
t7854,0.0,0.0,0.0,0.0,0.0,0.0,0.0,0.0,0.0,29857.431051865322,0.0
t7855,0.0,0.0,0.0,0.0,0.0,0.0,0.0,0.0,0.0,22275.657843607896,0.0
t7856,0.0,0.0,0.0,0.0,0.0,0.0,0.0,0.0,0.0,12792.451741992758,0.0
t7857,0.0,0.0,0.0,0.0,0.0,0.0,0.0,0.0,0.0,0.0,0.0
t7858,0.0,0.0,0.0,0.0,0.0,0.0,0.0,0.0,0.0,9139.061747831216,0.0
t7859,0.0,0.0,0.0,0.0,0.0,0.0,0.0,0.0,0.0,34212.72556531799,0.0
t7860,0.0,0.0,0.0,0.0,0.0,0.0,0.0,0.0,0.0,54210.05679871061,0.0
t7861,0.0,0.0,0.0,0.0,0.0,0.0,0.0,0.0,0.0,82329.84528735378,0.0
t7862,0.0,0.0,0.0,0.0,0.0,0.0,0.0,0.0,0.0,107414.3946870539,0.0
t7863,0.0,0.0,0.0,0.0,0.0,0.0,0.0,0.0,0.0,139499.21387929076,0.0
t7864,0.0,0.0,0.0,0.0,0.0,0.0,0.0,0.0,0.0,139499.21387929076,45833.55310455901
t7865,0.0,0.0,0.0,0.0,0.0,0.0,0.0,0.0,0.0,139499.21387929076,70916.36512849577
t7866,0.0,0.0,0.0,0.0,0.0,0.0,0.0,0.0,0.0,139499.21387929076,74948.96492188043
t7867,0.0,0.0,0.0,0.0,0.0,0.0,0.0,0.0,0.0,139499.21387929076,50402.2205318624
t7868,0.0,0.0,0.0,0.0,0.0,0.0,0.0,0.0,0.0,139499.21387929076,292.907531085606
t7869,0.0,0.0,0.0,0.0,0.0,0.0,0.0,0.0,0.0,123159.07493927219,0.0
t7870,0.0,0.0,0.0,0.0,0.0,0.0,0.0,0.0,0.0,107034.49255604816,0.0
t7871,0.0,0.0,0.0,0.0,0.0,0.0,0.0,0.0,0.0,91962.06303511238,0.0
t7872,0.0,0.0,0.0,0.0,0.0,0.0,0.0,0.0,0.0,78697.13379430163,0.0
t7873,0.0,0.0,0.0,0.0,0.0,0.0,0.0,0.0,0.0,68193.62812234674,0.0
t7874,0.0,0.0,0.0,0.0,0.0,0.0,0.0,0.0,0.0,59775.95587710025,0.0
t7875,0.0,0.0,0.0,0.0,0.0,0.0,0.0,0.0,0.0,52504.87224525092,0.0
t7876,0.0,0.0,0.0,0.0,0.0,0.0,0.0,0.0,0.0,45603.88678367615,0.0
t7877,0.0,0.0,0.0,0.0,0.0,0.0,0.0,0.0,0.0,38853.01570062991,0.0
t7878,0.0,0.0,0.0,0.0,0.0,0.0,0.0,0.0,0.0,31832.455896911408,0.0
t7879,0.0,0.0,0.0,0.0,0.0,0.0,0.0,0.0,0.0,23516.90633844548,0.0
t7880,0.0,0.0,0.0,0.0,0.0,0.0,0.0,0.0,0.0,13588.79502833905,0.0
t7881,0.0,0.0,0.0,0.0,0.0,0.0,0.0,0.0,0.0,0.0,0.0
t7882,0.0,0.0,0.0,0.0,0.0,0.0,0.0,0.0,0.0,9578.286615308483,0.0
t7883,0.0,0.0,0.0,0.0,0.0,0.0,0.0,0.0,0.0,36465.600857307276,0.0
t7884,0.0,0.0,0.0,0.0,0.0,0.0,0.0,0.0,0.0,51769.07868105484,0.0
t7885,0.0,0.0,0.0,0.0,0.0,0.0,0.0,0.0,0.0,83853.89787329172,0.0
t7886,0.0,0.0,0.0,0.0,0.0,0.0,0.0,0.0,0.0,114362.33685299107,0.0
t7887,0.0,0.0,0.0,0.0,0.0,0.0,0.0,0.0,0.0,139499.21387929076,21868.129094543558
t7888,0.0,0.0,0.0,0.0,0.0,0.0,0.0,0.0,0.0,139499.21387929076,61020.95439285791
t7889,0.0,0.0,0.0,0.0,0.0,0.0,0.0,0.0,0.0,139499.21387929076,80889.72214494795
t7890,0.0,0.0,0.0,0.0,0.0,0.0,0.0,0.0,0.0,139499.21387929076,81534.62087167287
t7891,0.0,0.0,0.0,0.0,0.0,0.0,0.0,0.0,0.0,139499.21387929076,52896.433980744216
t7892,0.0,0.0,0.0,0.0,0.0,0.0,0.0,0.0,0.0,139499.21387929076,0.0
t7893,0.0,0.0,0.0,0.0,0.0,0.0,0.0,0.0,0.0,119381.77993310228,0.0
t7894,0.0,0.0,0.0,0.0,0.0,0.0,0.0,0.0,0.0,100999.39068992519,0.0
t7895,0.0,0.0,0.0,0.0,0.0,0.0,0.0,0.0,0.0,85031.08381701885,0.0
t7896,0.0,0.0,0.0,0.0,0.0,0.0,0.0,0.0,0.0,73215.20102546892,0.0
t7897,0.0,0.0,0.0,0.0,0.0,0.0,0.0,0.0,0.0,65228.37098893218,0.0
t7898,0.0,0.0,0.0,0.0,0.0,0.0,0.0,0.0,0.0,59929.454964373974,0.0
t7899,0.0,0.0,0.0,0.0,0.0,0.0,0.0,0.0,0.0,56133.51982606104,0.0
t7900,0.0,0.0,0.0,0.0,0.0,0.0,0.0,0.0,0.0,52352.88312032232,0.0
t7901,0.0,0.0,0.0,0.0,0.0,0.0,0.0,0.0,0.0,47920.62018167656,0.0
t7902,0.0,0.0,0.0,0.0,0.0,0.0,0.0,0.0,0.0,42472.71531437033,0.0
t7903,0.0,0.0,0.0,0.0,0.0,0.0,0.0,0.0,0.0,33576.0268698682,0.0
t7904,0.0,0.0,0.0,0.0,0.0,0.0,0.0,0.0,0.0,18554.78997647881,0.0
t7905,0.0,0.0,0.0,0.0,0.0,0.0,0.0,0.0,0.0,0.0,0.0
t7906,0.0,0.0,0.0,0.0,0.0,0.0,0.0,0.0,0.0,4144.233156030721,0.0
t7907,0.0,0.0,0.0,0.0,0.0,0.0,0.0,0.0,0.0,24196.09734080507,0.0
t7908,0.0,0.0,0.0,0.0,0.0,0.0,0.0,0.0,0.0,54252.28211850866,0.0
t7909,0.0,0.0,0.0,0.0,0.0,0.0,0.0,0.0,0.0,86337.10131074554,0.0
t7910,0.0,0.0,0.0,0.0,0.0,0.0,0.0,0.0,0.0,118146.42241808615,0.0
t7911,0.0,0.0,0.0,0.0,0.0,0.0,0.0,0.0,0.0,139499.21387929076,8796.107723127387
t7912,0.0,0.0,0.0,0.0,0.0,0.0,0.0,0.0,0.0,139499.21387929076,28944.616631782454
t7913,0.0,0.0,0.0,0.0,0.0,0.0,0.0,0.0,0.0,139499.21387929076,27470.616422245585
t7914,0.0,0.0,0.0,0.0,0.0,0.0,0.0,0.0,0.0,139499.21387929076,12025.388470476333
t7915,0.0,0.0,0.0,0.0,0.0,0.0,0.0,0.0,0.0,127512.8201985129,0.0
t7916,0.0,0.0,0.0,0.0,0.0,0.0,0.0,0.0,0.0,108165.99533236868,0.0
t7917,0.0,0.0,0.0,0.0,0.0,0.0,0.0,0.0,0.0,89121.8738098995,0.0
t7918,0.0,0.0,0.0,0.0,0.0,0.0,0.0,0.0,0.0,71139.1393572765,0.0
t7919,0.0,0.0,0.0,0.0,0.0,0.0,0.0,0.0,0.0,56664.594978201414,0.0
t7920,0.0,0.0,0.0,0.0,0.0,0.0,0.0,0.0,0.0,46109.44072647317,0.0
t7921,0.0,0.0,0.0,0.0,0.0,0.0,0.0,0.0,0.0,39863.8097903752,0.0
t7922,0.0,0.0,0.0,0.0,0.0,0.0,0.0,0.0,0.0,36709.25128329523,0.0
t7923,0.0,0.0,0.0,0.0,0.0,0.0,0.0,0.0,0.0,35288.51789467152,0.0
t7924,0.0,0.0,0.0,0.0,0.0,0.0,0.0,0.0,0.0,35730.46254529178,0.0
t7925,0.0,0.0,0.0,0.0,0.0,0.0,0.0,0.0,0.0,36337.637773325056,0.0
t7926,0.0,0.0,0.0,0.0,0.0,0.0,0.0,0.0,0.0,36528.292960474144,0.0
t7927,0.0,0.0,0.0,0.0,0.0,0.0,0.0,0.0,0.0,30895.693576634265,0.0
t7928,0.0,0.0,0.0,0.0,0.0,0.0,0.0,0.0,0.0,18418.989651268246,0.0
t7929,0.0,0.0,0.0,0.0,0.0,0.0,0.0,0.0,0.0,0.0,0.0
t7930,0.0,0.0,0.0,0.0,0.0,0.0,0.0,0.0,0.0,2688.216038220274,0.0
t7931,0.0,0.0,0.0,0.0,0.0,0.0,0.0,0.0,0.0,24586.286813999086,0.0
t7932,0.0,0.0,0.0,0.0,0.0,0.0,0.0,0.0,0.0,56671.10600623596,0.0
t7933,0.0,0.0,0.0,0.0,0.0,0.0,0.0,0.0,0.0,88755.92519847283,0.0
t7934,0.0,0.0,0.0,0.0,0.0,0.0,0.0,0.0,0.0,120840.7443907097,5110.259940477253
t7935,0.0,0.0,0.0,0.0,0.0,0.0,0.0,0.0,0.0,139499.21387929076,26521.787607238843
t7936,0.0,0.0,0.0,0.0,0.0,0.0,0.0,0.0,0.0,139499.21387929076,60658.662870534135
t7937,0.0,0.0,0.0,0.0,0.0,0.0,0.0,0.0,0.0,139499.21387929076,77707.97159722766
t7938,0.0,0.0,0.0,0.0,0.0,0.0,0.0,0.0,0.0,139499.21387929076,74646.89117017768
t7939,0.0,0.0,0.0,0.0,0.0,0.0,0.0,0.0,0.0,139499.21387929076,47015.302012091015
t7940,0.0,0.0,0.0,0.0,0.0,0.0,0.0,0.0,0.0,139499.21387929076,0.0
t7941,0.0,0.0,0.0,0.0,0.0,0.0,0.0,0.0,0.0,121551.10939630662,0.0
t7942,0.0,0.0,0.0,0.0,0.0,0.0,0.0,0.0,0.0,104252.94772405818,0.0
t7943,0.0,0.0,0.0,0.0,0.0,0.0,0.0,0.0,0.0,89216.95027985073,0.0
t7944,0.0,0.0,0.0,0.0,0.0,0.0,0.0,0.0,0.0,78315.62702881181,0.0
t7945,0.0,0.0,0.0,0.0,0.0,0.0,0.0,0.0,0.0,71364.80655514849,0.0
t7946,0.0,0.0,0.0,0.0,0.0,0.0,0.0,0.0,0.0,67061.74901617604,0.0
t7947,0.0,0.0,0.0,0.0,0.0,0.0,0.0,0.0,0.0,63670.964120771685,0.0
t7948,0.0,0.0,0.0,0.0,0.0,0.0,0.0,0.0,0.0,60492.90658179922,0.0
t7949,0.0,0.0,0.0,0.0,0.0,0.0,0.0,0.0,0.0,56631.36109695469,0.0
t7950,0.0,0.0,0.0,0.0,0.0,0.0,0.0,0.0,0.0,50869.60790580832,0.0
t7951,0.0,0.0,0.0,0.0,0.0,0.0,0.0,0.0,0.0,40335.95910418818,0.0
t7952,0.0,0.0,0.0,0.0,0.0,0.0,0.0,0.0,0.0,22418.915684469284,0.0
t7953,0.0,0.0,0.0,0.0,0.0,0.0,0.0,0.0,0.0,0.0,0.0
t7954,0.0,0.0,0.0,0.0,0.0,0.0,0.0,0.0,0.0,0.0,0.0
t7955,0.0,0.0,0.0,0.0,0.0,0.0,0.0,0.0,0.0,18088.00867050496,0.0
t7956,0.0,0.0,0.0,0.0,0.0,0.0,0.0,0.0,0.0,48465.77122764361,0.0
t7957,0.0,0.0,0.0,0.0,0.0,0.0,0.0,0.0,0.0,80550.5904198805,0.0
t7958,0.0,0.0,0.0,0.0,0.0,0.0,0.0,0.0,0.0,112635.40961211736,0.0
t7959,0.0,0.0,0.0,0.0,0.0,0.0,0.0,0.0,0.0,139499.21387929076,14361.057406037367
t7960,0.0,0.0,0.0,0.0,0.0,0.0,0.0,0.0,0.0,139499.21387929076,50833.39700590263
t7961,0.0,0.0,0.0,0.0,0.0,0.0,0.0,0.0,0.0,139499.21387929076,69428.98399899523
t7962,0.0,0.0,0.0,0.0,0.0,0.0,0.0,0.0,0.0,139499.21387929076,69345.57529919964
t7963,0.0,0.0,0.0,0.0,0.0,0.0,0.0,0.0,0.0,139499.21387929076,44903.9596652182
t7964,0.0,0.0,0.0,0.0,0.0,0.0,0.0,0.0,0.0,139499.21387929076,0.0
t7965,0.0,0.0,0.0,0.0,0.0,0.0,0.0,0.0,0.0,121462.34790782462,0.0
t7966,0.0,0.0,0.0,0.0,0.0,0.0,0.0,0.0,0.0,103925.64754114987,0.0
t7967,0.0,0.0,0.0,0.0,0.0,0.0,0.0,0.0,0.0,88610.5147371171,0.0
t7968,0.0,0.0,0.0,0.0,0.0,0.0,0.0,0.0,0.0,77914.50472411532,0.0
t7969,0.0,0.0,0.0,0.0,0.0,0.0,0.0,0.0,0.0,71112.57504013341,0.0
t7970,0.0,0.0,0.0,0.0,0.0,0.0,0.0,0.0,0.0,66582.88726396191,0.0
t7971,0.0,0.0,0.0,0.0,0.0,0.0,0.0,0.0,0.0,62795.473251858675,0.0
t7972,0.0,0.0,0.0,0.0,0.0,0.0,0.0,0.0,0.0,59095.762383681096,0.0
t7973,0.0,0.0,0.0,0.0,0.0,0.0,0.0,0.0,0.0,54859.04376750151,0.0
t7974,0.0,0.0,0.0,0.0,0.0,0.0,0.0,0.0,0.0,48798.55069887845,0.0
t7975,0.0,0.0,0.0,0.0,0.0,0.0,0.0,0.0,0.0,38029.50337036663,0.0
t7976,0.0,0.0,0.0,0.0,0.0,0.0,0.0,0.0,0.0,20483.72175392127,0.0
t7977,0.0,0.0,0.0,0.0,0.0,0.0,0.0,0.0,0.0,1384.664180156873,0.0
t7978,0.0,0.0,0.0,0.0,0.0,0.0,0.0,0.0,0.0,0.0,0.0
t7979,0.0,0.0,0.0,0.0,0.0,0.0,0.0,0.0,0.0,11608.011061678633,0.0
t7980,0.0,0.0,0.0,0.0,0.0,0.0,0.0,0.0,0.0,34990.751228451685,0.0
t7981,0.0,0.0,0.0,0.0,0.0,0.0,0.0,0.0,0.0,64835.7720999722,0.0
t7982,0.0,0.0,0.0,0.0,0.0,0.0,0.0,0.0,0.0,96920.59129220908,0.0
t7983,0.0,0.0,0.0,0.0,0.0,0.0,0.0,0.0,0.0,129005.41048444595,1915.7772262803583
t7984,0.0,0.0,0.0,0.0,0.0,0.0,0.0,0.0,0.0,139499.21387929076,22821.76953974776
t7985,0.0,0.0,0.0,0.0,0.0,0.0,0.0,0.0,0.0,139499.21387929076,42815.31662698371
t7986,0.0,0.0,0.0,0.0,0.0,0.0,0.0,0.0,0.0,139499.21387929076,45253.51893260388
t7987,0.0,0.0,0.0,0.0,0.0,0.0,0.0,0.0,0.0,139499.21387929076,16865.686497150004
t7988,0.0,0.0,0.0,0.0,0.0,0.0,0.0,0.0,0.0,126397.43828504957,0.0
t7989,0.0,0.0,0.0,0.0,0.0,0.0,0.0,0.0,0.0,106569.98122290624,0.0
t7990,0.0,0.0,0.0,0.0,0.0,0.0,0.0,0.0,0.0,87535.20141143206,0.0
t7991,0.0,0.0,0.0,0.0,0.0,0.0,0.0,0.0,0.0,71054.43225346063,0.0
t7992,0.0,0.0,0.0,0.0,0.0,0.0,0.0,0.0,0.0,59217.779563018135,0.0
t7993,0.0,0.0,0.0,0.0,0.0,0.0,0.0,0.0,0.0,51772.83470700263,0.0
t7994,0.0,0.0,0.0,0.0,0.0,0.0,0.0,0.0,0.0,47692.92971149728,0.0
t7995,0.0,0.0,0.0,0.0,0.0,0.0,0.0,0.0,0.0,45116.532592119045,0.0
t7996,0.0,0.0,0.0,0.0,0.0,0.0,0.0,0.0,0.0,43090.270902024575,0.0
t7997,0.0,0.0,0.0,0.0,0.0,0.0,0.0,0.0,0.0,41011.56407981846,0.0
t7998,0.0,0.0,0.0,0.0,0.0,0.0,0.0,0.0,0.0,37916.149423185314,0.0
t7999,0.0,0.0,0.0,0.0,0.0,0.0,0.0,0.0,0.0,31045.259002933177,0.0
t8000,0.0,0.0,0.0,0.0,0.0,0.0,0.0,0.0,0.0,17955.450696701577,0.0
t8001,0.0,0.0,0.0,0.0,0.0,0.0,0.0,0.0,0.0,6.139089236967266e-12,0.0
t8002,0.0,0.0,0.0,0.0,0.0,0.0,0.0,0.0,0.0,1131.267275868915,0.0
t8003,0.0,0.0,0.0,0.0,0.0,0.0,0.0,0.0,0.0,18547.682341549153,0.0
t8004,0.0,0.0,0.0,0.0,0.0,0.0,0.0,0.0,0.0,44361.73049179816,0.0
t8005,0.0,0.0,0.0,0.0,0.0,0.0,0.0,0.0,0.0,74898.56824664882,0.0
t8006,0.0,0.0,0.0,0.0,0.0,0.0,0.0,0.0,0.0,106904.63767224982,0.0
t8007,0.0,0.0,0.0,0.0,0.0,0.0,0.0,0.0,0.0,138989.45686448668,112.80888493028135
t8008,0.0,0.0,0.0,0.0,0.0,0.0,0.0,0.0,0.0,139499.21387929076,31587.185578280812
t8009,0.0,0.0,0.0,0.0,0.0,0.0,0.0,0.0,0.0,139499.21387929076,48477.09198711218
t8010,0.0,0.0,0.0,0.0,0.0,0.0,0.0,0.0,0.0,139499.21387929076,50141.41955270253
t8011,0.0,0.0,0.0,0.0,0.0,0.0,0.0,0.0,0.0,139499.21387929076,24283.19598163695
t8012,0.0,0.0,0.0,0.0,0.0,0.0,0.0,0.0,0.0,127945.58816890491,0.0
t8013,0.0,0.0,0.0,0.0,0.0,0.0,0.0,0.0,0.0,107627.93835518224,0.0
t8014,0.0,0.0,0.0,0.0,0.0,0.0,0.0,0.0,0.0,88051.95987687688,0.0
t8015,0.0,0.0,0.0,0.0,0.0,0.0,0.0,0.0,0.0,70410.3243821572,0.0
t8016,0.0,0.0,0.0,0.0,0.0,0.0,0.0,0.0,0.0,56577.61049541814,0.0
t8017,0.0,0.0,0.0,0.0,0.0,0.0,0.0,0.0,0.0,46171.73018738734,0.0
t8018,0.0,0.0,0.0,0.0,0.0,0.0,0.0,0.0,0.0,38762.724439075086,0.0
t8019,0.0,0.0,0.0,0.0,0.0,0.0,0.0,0.0,0.0,33321.49839395772,0.0
t8020,0.0,0.0,0.0,0.0,0.0,0.0,0.0,0.0,0.0,29300.271228340207,0.0
t8021,0.0,0.0,0.0,0.0,0.0,0.0,0.0,0.0,0.0,25600.0091967137,0.0
t8022,0.0,0.0,0.0,0.0,0.0,0.0,0.0,0.0,0.0,22009.761692590942,0.0
t8023,0.0,0.0,0.0,0.0,0.0,0.0,0.0,0.0,0.0,17422.552263977726,0.0
t8024,0.0,0.0,0.0,0.0,0.0,0.0,0.0,0.0,0.0,10633.491007151504,0.0
t8025,0.0,0.0,0.0,0.0,0.0,0.0,0.0,0.0,0.0,0.0,0.0
t8026,0.0,0.0,0.0,0.0,0.0,0.0,0.0,0.0,0.0,5313.19702788975,0.0
t8027,0.0,0.0,0.0,0.0,0.0,0.0,0.0,0.0,0.0,26349.153815367274,0.0
t8028,0.0,0.0,0.0,0.0,0.0,0.0,0.0,0.0,0.0,56448.63108762228,0.0
t8029,0.0,0.0,0.0,0.0,0.0,0.0,0.0,0.0,0.0,88533.45027985916,0.0
t8030,0.0,0.0,0.0,0.0,0.0,0.0,0.0,0.0,0.0,120618.26947209604,0.0
t8031,0.0,0.0,0.0,0.0,0.0,0.0,0.0,0.0,0.0,139499.21387929076,19382.294194192807
t8032,0.0,0.0,0.0,0.0,0.0,0.0,0.0,0.0,0.0,139499.21387929076,52995.404397668215
t8033,0.0,0.0,0.0,0.0,0.0,0.0,0.0,0.0,0.0,139499.21387929076,69932.15950361086
t8034,0.0,0.0,0.0,0.0,0.0,0.0,0.0,0.0,0.0,139499.21387929076,70445.62245139919
t8035,0.0,0.0,0.0,0.0,0.0,0.0,0.0,0.0,0.0,139499.21387929076,43604.34171910812
t8036,0.0,0.0,0.0,0.0,0.0,0.0,0.0,0.0,0.0,135607.02161442002,0.0
t8037,0.0,0.0,0.0,0.0,0.0,0.0,0.0,0.0,0.0,114623.00151707183,0.0
t8038,0.0,0.0,0.0,0.0,0.0,0.0,0.0,0.0,0.0,95383.9111839564,0.0
t8039,0.0,0.0,0.0,0.0,0.0,0.0,0.0,0.0,0.0,77443.82089859051,0.0
t8040,0.0,0.0,0.0,0.0,0.0,0.0,0.0,0.0,0.0,62553.65201270448,0.0
t8041,0.0,0.0,0.0,0.0,0.0,0.0,0.0,0.0,0.0,50759.7401701322,0.0
t8042,0.0,0.0,0.0,0.0,0.0,0.0,0.0,0.0,0.0,42402.04419011394,0.0
t8043,0.0,0.0,0.0,0.0,0.0,0.0,0.0,0.0,0.0,35968.42965961572,0.0
t8044,0.0,0.0,0.0,0.0,0.0,0.0,0.0,0.0,0.0,31152.019777918704,0.0
t8045,0.0,0.0,0.0,0.0,0.0,0.0,0.0,0.0,0.0,26538.56024645867,0.0
t8046,0.0,0.0,0.0,0.0,0.0,0.0,0.0,0.0,0.0,21671.47213684098,0.0
t8047,0.0,0.0,0.0,0.0,0.0,0.0,0.0,0.0,0.0,16164.437494486461,0.0
t8048,0.0,0.0,0.0,0.0,0.0,0.0,0.0,0.0,0.0,9359.396072630192,0.0
t8049,0.0,0.0,0.0,0.0,0.0,0.0,0.0,0.0,0.0,0.0,0.0
t8050,0.0,0.0,0.0,0.0,0.0,0.0,0.0,0.0,0.0,6535.742554584132,0.0
t8051,0.0,0.0,0.0,0.0,0.0,0.0,0.0,0.0,0.0,28497.947026367285,0.0
t8052,0.0,0.0,0.0,0.0,0.0,0.0,0.0,0.0,0.0,60582.76621860416,0.0
t8053,0.0,0.0,0.0,0.0,0.0,0.0,0.0,0.0,0.0,92667.58541084104,0.0
t8054,0.0,0.0,0.0,0.0,0.0,0.0,0.0,0.0,0.0,124752.40460307791,0.0
t8055,0.0,0.0,0.0,0.0,0.0,0.0,0.0,0.0,0.0,139499.21387929076,20184.90214233744
t8056,0.0,0.0,0.0,0.0,0.0,0.0,0.0,0.0,0.0,139499.21387929076,47101.2609419263
t8057,0.0,0.0,0.0,0.0,0.0,0.0,0.0,0.0,0.0,139499.21387929076,60839.44543247715
t8058,0.0,0.0,0.0,0.0,0.0,0.0,0.0,0.0,0.0,139499.21387929076,59897.232981051784
t8059,0.0,0.0,0.0,0.0,0.0,0.0,0.0,0.0,0.0,139499.21387929076,34140.33749897324
t8060,0.0,0.0,0.0,0.0,0.0,0.0,0.0,0.0,0.0,131194.71235503655,0.0
t8061,0.0,0.0,0.0,0.0,0.0,0.0,0.0,0.0,0.0,108536.85833658621,0.0
t8062,0.0,0.0,0.0,0.0,0.0,0.0,0.0,0.0,0.0,87906.83152559256,0.0
t8063,0.0,0.0,0.0,0.0,0.0,0.0,0.0,0.0,0.0,70752.90711937509,0.0
t8064,0.0,0.0,0.0,0.0,0.0,0.0,0.0,0.0,0.0,58135.60802531394,0.0
t8065,0.0,0.0,0.0,0.0,0.0,0.0,0.0,0.0,0.0,49502.654355588325,0.0
t8066,0.0,0.0,0.0,0.0,0.0,0.0,0.0,0.0,0.0,44534.62896909459,0.0
t8067,0.0,0.0,0.0,0.0,0.0,0.0,0.0,0.0,0.0,41638.47814231938,0.0
t8068,0.0,0.0,0.0,0.0,0.0,0.0,0.0,0.0,0.0,39702.37481980593,0.0
t8069,0.0,0.0,0.0,0.0,0.0,0.0,0.0,0.0,0.0,37910.366914066195,0.0
t8070,0.0,0.0,0.0,0.0,0.0,0.0,0.0,0.0,0.0,35396.76759367891,0.0
t8071,0.0,0.0,0.0,0.0,0.0,0.0,0.0,0.0,0.0,29322.936914733582,0.0
t8072,0.0,0.0,0.0,0.0,0.0,0.0,0.0,0.0,0.0,17157.521904642224,0.0
t8073,0.0,0.0,0.0,0.0,0.0,0.0,0.0,0.0,0.0,0.0,0.0
t8074,0.0,0.0,0.0,0.0,0.0,0.0,0.0,0.0,0.0,444.9756628628973,0.0
t8075,0.0,0.0,0.0,0.0,0.0,0.0,0.0,0.0,0.0,17893.14682527293,0.0
t8076,0.0,0.0,0.0,0.0,0.0,0.0,0.0,0.0,0.0,47727.48482099064,0.0
t8077,0.0,0.0,0.0,0.0,0.0,0.0,0.0,0.0,0.0,79812.30401322752,0.0
t8078,0.0,0.0,0.0,0.0,0.0,0.0,0.0,0.0,0.0,111897.12320546439,0.0
t8079,0.0,0.0,0.0,0.0,0.0,0.0,0.0,0.0,0.0,139499.21387929076,4324.265069575251
t8080,0.0,0.0,0.0,0.0,0.0,0.0,0.0,0.0,0.0,139499.21387929076,36072.28250090109
t8081,0.0,0.0,0.0,0.0,0.0,0.0,0.0,0.0,0.0,139499.21387929076,50165.190053331535
t8082,0.0,0.0,0.0,0.0,0.0,0.0,0.0,0.0,0.0,139499.21387929076,48968.96725103056
t8083,0.0,0.0,0.0,0.0,0.0,0.0,0.0,0.0,0.0,139499.21387929076,18564.225593957868
t8084,0.0,0.0,0.0,0.0,0.0,0.0,0.0,0.0,0.0,123923.5358281604,0.0
t8085,0.0,0.0,0.0,0.0,0.0,0.0,0.0,0.0,0.0,100925.80773985559,0.0
t8086,0.0,0.0,0.0,0.0,0.0,0.0,0.0,0.0,0.0,79401.0078305324,0.0
t8087,0.0,0.0,0.0,0.0,0.0,0.0,0.0,0.0,0.0,60686.84240586742,0.0
t8088,0.0,0.0,0.0,0.0,0.0,0.0,0.0,0.0,0.0,47444.861699748624,0.0
t8089,0.0,0.0,0.0,0.0,0.0,0.0,0.0,0.0,0.0,39525.60462806062,0.0
t8090,0.0,0.0,0.0,0.0,0.0,0.0,0.0,0.0,0.0,35370.10151831095,0.0
t8091,0.0,0.0,0.0,0.0,0.0,0.0,0.0,0.0,0.0,33377.1089339389,0.0
t8092,0.0,0.0,0.0,0.0,0.0,0.0,0.0,0.0,0.0,32198.875866256403,0.0
t8093,0.0,0.0,0.0,0.0,0.0,0.0,0.0,0.0,0.0,31310.670372580604,0.0
t8094,0.0,0.0,0.0,0.0,0.0,0.0,0.0,0.0,0.0,29749.855623002557,0.0
t8095,0.0,0.0,0.0,0.0,0.0,0.0,0.0,0.0,0.0,24900.091131187168,0.0
t8096,0.0,0.0,0.0,0.0,0.0,0.0,0.0,0.0,0.0,13862.009140792372,0.0
t8097,0.0,0.0,0.0,0.0,0.0,0.0,0.0,0.0,0.0,0.0,0.0
t8098,0.0,0.0,0.0,0.0,0.0,0.0,0.0,0.0,0.0,0.0,0.0
t8099,0.0,0.0,0.0,0.0,0.0,0.0,0.0,0.0,0.0,13200.400854166892,0.0
t8100,0.0,0.0,0.0,0.0,0.0,0.0,0.0,0.0,0.0,34961.351278579124,0.0
t8101,0.0,0.0,0.0,0.0,0.0,0.0,0.0,0.0,0.0,63306.09211848332,0.0
t8102,0.0,0.0,0.0,0.0,0.0,0.0,0.0,0.0,0.0,92089.05346279727,0.0
t8103,0.0,0.0,0.0,0.0,0.0,0.0,0.0,0.0,0.0,119176.76479980904,0.0
t8104,0.0,0.0,0.0,0.0,0.0,0.0,0.0,0.0,0.0,139499.21387929076,7207.314141617631
t8105,0.0,0.0,0.0,0.0,0.0,0.0,0.0,0.0,0.0,139499.21387929076,27970.639653654052
t8106,0.0,0.0,0.0,0.0,0.0,0.0,0.0,0.0,0.0,139499.21387929076,30843.895955946566
t8107,0.0,0.0,0.0,0.0,0.0,0.0,0.0,0.0,0.0,139499.21387929076,4694.557891573601
t8108,0.0,0.0,0.0,0.0,0.0,0.0,0.0,0.0,0.0,119696.3030616984,0.0
t8109,0.0,0.0,0.0,0.0,0.0,0.0,0.0,0.0,0.0,98579.39771364472,0.0
t8110,0.0,0.0,0.0,0.0,0.0,0.0,0.0,0.0,0.0,78709.07185423581,0.0
t8111,0.0,0.0,0.0,0.0,0.0,0.0,0.0,0.0,0.0,62838.029908648685,0.0
t8112,0.0,0.0,0.0,0.0,0.0,0.0,0.0,0.0,0.0,51497.539925449164,0.0
t8113,0.0,0.0,0.0,0.0,0.0,0.0,0.0,0.0,0.0,44668.75033267434,0.0
t8114,0.0,0.0,0.0,0.0,0.0,0.0,0.0,0.0,0.0,41356.485080531,0.0
t8115,0.0,0.0,0.0,0.0,0.0,0.0,0.0,0.0,0.0,40383.028538840525,0.0
t8116,0.0,0.0,0.0,0.0,0.0,0.0,0.0,0.0,0.0,39694.989650754054,0.0
t8117,0.0,0.0,0.0,0.0,0.0,0.0,0.0,0.0,0.0,38973.72771236164,0.0
t8118,0.0,0.0,0.0,0.0,0.0,0.0,0.0,0.0,0.0,37170.66721326993,0.0
t8119,0.0,0.0,0.0,0.0,0.0,0.0,0.0,0.0,0.0,31228.427854383102,0.0
t8120,0.0,0.0,0.0,0.0,0.0,0.0,0.0,0.0,0.0,18123.421838804345,0.0
t8121,0.0,0.0,0.0,0.0,0.0,0.0,0.0,0.0,0.0,0.0,0.0
t8122,0.0,0.0,0.0,0.0,0.0,0.0,0.0,0.0,0.0,1789.9932995014415,0.0
t8123,0.0,0.0,0.0,0.0,0.0,0.0,0.0,0.0,0.0,22880.869770728237,0.0
t8124,0.0,0.0,0.0,0.0,0.0,0.0,0.0,0.0,0.0,53981.778340690646,0.0
t8125,0.0,0.0,0.0,0.0,0.0,0.0,0.0,0.0,0.0,86066.59753292752,0.0
t8126,0.0,0.0,0.0,0.0,0.0,0.0,0.0,0.0,0.0,118151.4167251644,0.0
t8127,0.0,0.0,0.0,0.0,0.0,0.0,0.0,0.0,0.0,139499.21387929076,18965.744977031358
t8128,0.0,0.0,0.0,0.0,0.0,0.0,0.0,0.0,0.0,139499.21387929076,51429.0456554904
t8129,0.0,0.0,0.0,0.0,0.0,0.0,0.0,0.0,0.0,139499.21387929076,65204.31287663417
t8130,0.0,0.0,0.0,0.0,0.0,0.0,0.0,0.0,0.0,139499.21387929076,59412.9072351185
t8131,0.0,0.0,0.0,0.0,0.0,0.0,0.0,0.0,0.0,139499.21387929076,24410.337085649982
t8132,0.0,0.0,0.0,0.0,0.0,0.0,0.0,0.0,0.0,128555.43726383266,0.0
t8133,0.0,0.0,0.0,0.0,0.0,0.0,0.0,0.0,0.0,108358.13063229673,0.0
t8134,0.0,0.0,0.0,0.0,0.0,0.0,0.0,0.0,0.0,89088.27789712421,0.0
t8135,0.0,0.0,0.0,0.0,0.0,0.0,0.0,0.0,0.0,72366.69087401815,0.0
t8136,0.0,0.0,0.0,0.0,0.0,0.0,0.0,0.0,0.0,60242.87274860434,0.0
t8137,0.0,0.0,0.0,0.0,0.0,0.0,0.0,0.0,0.0,52846.797627626336,0.0
t8138,0.0,0.0,0.0,0.0,0.0,0.0,0.0,0.0,0.0,48266.34338455356,0.0
t8139,0.0,0.0,0.0,0.0,0.0,0.0,0.0,0.0,0.0,45172.62286916425,0.0
t8140,0.0,0.0,0.0,0.0,0.0,0.0,0.0,0.0,0.0,42842.61737595384,0.0
t8141,0.0,0.0,0.0,0.0,0.0,0.0,0.0,0.0,0.0,40638.325528171925,0.0
t8142,0.0,0.0,0.0,0.0,0.0,0.0,0.0,0.0,0.0,37376.12991366405,0.0
t8143,0.0,0.0,0.0,0.0,0.0,0.0,0.0,0.0,0.0,30645.973903416052,0.0
t8144,0.0,0.0,0.0,0.0,0.0,0.0,0.0,0.0,0.0,17902.783539659475,0.0
t8145,0.0,0.0,0.0,0.0,0.0,0.0,0.0,0.0,0.0,0.0,0.0
t8146,0.0,0.0,0.0,0.0,0.0,0.0,0.0,0.0,0.0,643.7378678093737,0.0
t8147,0.0,0.0,0.0,0.0,0.0,0.0,0.0,0.0,0.0,15434.33846674619,0.0
t8148,0.0,0.0,0.0,0.0,0.0,0.0,0.0,0.0,0.0,39798.41370981188,0.0
t8149,0.0,0.0,0.0,0.0,0.0,0.0,0.0,0.0,0.0,71883.23290204877,0.0
t8150,0.0,0.0,0.0,0.0,0.0,0.0,0.0,0.0,0.0,103968.05209428564,0.0
t8151,0.0,0.0,0.0,0.0,0.0,0.0,0.0,0.0,0.0,136052.8712865225,8773.25801661821
t8152,0.0,0.0,0.0,0.0,0.0,0.0,0.0,0.0,0.0,139499.21387929076,42612.699089903894
t8153,0.0,0.0,0.0,0.0,0.0,0.0,0.0,0.0,0.0,139499.21387929076,62400.02360127833
t8154,0.0,0.0,0.0,0.0,0.0,0.0,0.0,0.0,0.0,139499.21387929076,63528.5669435753
t8155,0.0,0.0,0.0,0.0,0.0,0.0,0.0,0.0,0.0,139499.21387929076,38560.15067683029
t8156,0.0,0.0,0.0,0.0,0.0,0.0,0.0,0.0,0.0,132865.85798605066,0.0
t8157,0.0,0.0,0.0,0.0,0.0,0.0,0.0,0.0,0.0,112281.24602457674,0.0
t8158,0.0,0.0,0.0,0.0,0.0,0.0,0.0,0.0,0.0,94351.44644780728,0.0
t8159,0.0,0.0,0.0,0.0,0.0,0.0,0.0,0.0,0.0,77754.23379493348,0.0
t8160,0.0,0.0,0.0,0.0,0.0,0.0,0.0,0.0,0.0,66040.99081455213,0.0
t8161,0.0,0.0,0.0,0.0,0.0,0.0,0.0,0.0,0.0,60323.76807717698,0.0
t8162,0.0,0.0,0.0,0.0,0.0,0.0,0.0,0.0,0.0,58203.778483360446,0.0
t8163,0.0,0.0,0.0,0.0,0.0,0.0,0.0,0.0,0.0,57398.46420321258,0.0
t8164,0.0,0.0,0.0,0.0,0.0,0.0,0.0,0.0,0.0,57327.787977724176,0.0
t8165,0.0,0.0,0.0,0.0,0.0,0.0,0.0,0.0,0.0,55883.72777888846,0.0
t8166,0.0,0.0,0.0,0.0,0.0,0.0,0.0,0.0,0.0,52797.519760015166,0.0
t8167,0.0,0.0,0.0,0.0,0.0,0.0,0.0,0.0,0.0,45289.99362581154,0.0
t8168,0.0,0.0,0.0,0.0,0.0,0.0,0.0,0.0,0.0,30966.79502693915,0.0
t8169,0.0,0.0,0.0,0.0,0.0,0.0,0.0,0.0,0.0,14241.01270492034,0.0
t8170,0.0,0.0,0.0,0.0,0.0,0.0,0.0,0.0,0.0,0.0,0.0
t8171,0.0,0.0,0.0,0.0,0.0,0.0,0.0,0.0,0.0,1472.175789304305,0.0
t8172,0.0,0.0,0.0,0.0,0.0,0.0,0.0,0.0,0.0,16958.076134841252,0.0
t8173,0.0,0.0,0.0,0.0,0.0,0.0,0.0,0.0,0.0,42527.56898910853,0.0
t8174,0.0,0.0,0.0,0.0,0.0,0.0,0.0,0.0,0.0,70285.07817959963,0.0
t8175,0.0,0.0,0.0,0.0,0.0,0.0,0.0,0.0,0.0,98211.49213277153,0.0
t8176,0.0,0.0,0.0,0.0,0.0,0.0,0.0,0.0,0.0,126905.56522595568,0.0
t8177,0.0,0.0,0.0,0.0,0.0,0.0,0.0,0.0,0.0,139499.21387929076,9725.519427287725
t8178,0.0,0.0,0.0,0.0,0.0,0.0,0.0,0.0,0.0,139499.21387929076,13212.439730231983
t8179,0.0,0.0,0.0,0.0,0.0,0.0,0.0,0.0,0.0,131201.06961299208,0.0
t8180,0.0,0.0,0.0,0.0,0.0,0.0,0.0,0.0,0.0,110062.05195077456,0.0
t8181,0.0,0.0,0.0,0.0,0.0,0.0,0.0,0.0,0.0,90083.71087472576,0.0
t8182,0.0,0.0,0.0,0.0,0.0,0.0,0.0,0.0,0.0,71272.50497171044,0.0
t8183,0.0,0.0,0.0,0.0,0.0,0.0,0.0,0.0,0.0,53972.40615522135,0.0
t8184,0.0,0.0,0.0,0.0,0.0,0.0,0.0,0.0,0.0,41991.46102627219,0.0
t8185,0.0,0.0,0.0,0.0,0.0,0.0,0.0,0.0,0.0,35166.86362791093,0.0
t8186,0.0,0.0,0.0,0.0,0.0,0.0,0.0,0.0,0.0,31286.24410604382,0.0
t8187,0.0,0.0,0.0,0.0,0.0,0.0,0.0,0.0,0.0,29044.164516311223,0.0
t8188,0.0,0.0,0.0,0.0,0.0,0.0,0.0,0.0,0.0,27447.99883430669,0.0
t8189,0.0,0.0,0.0,0.0,0.0,0.0,0.0,0.0,0.0,26333.764341034905,0.0
t8190,0.0,0.0,0.0,0.0,0.0,0.0,0.0,0.0,0.0,24870.99607837951,0.0
t8191,0.0,0.0,0.0,0.0,0.0,0.0,0.0,0.0,0.0,19782.651319327826,0.0
t8192,0.0,0.0,0.0,0.0,0.0,0.0,0.0,0.0,0.0,12428.240094259516,0.0
t8193,0.0,0.0,0.0,0.0,0.0,0.0,0.0,0.0,0.0,3108.4097345864084,0.0
t8194,0.0,0.0,0.0,0.0,0.0,0.0,0.0,0.0,0.0,0.0,0.0
t8195,0.0,0.0,0.0,0.0,0.0,0.0,0.0,0.0,0.0,6933.124975941355,0.0
t8196,0.0,0.0,0.0,0.0,0.0,0.0,0.0,0.0,0.0,22565.41156310241,0.0
t8197,0.0,0.0,0.0,0.0,0.0,0.0,0.0,0.0,0.0,47529.83804285314,0.0
t8198,0.0,0.0,0.0,0.0,0.0,0.0,0.0,0.0,0.0,77559.12845093873,0.0
t8199,0.0,0.0,0.0,0.0,0.0,0.0,0.0,0.0,0.0,108582.97807985282,0.0
t8200,0.0,0.0,0.0,0.0,0.0,0.0,0.0,0.0,0.0,139499.21387929076,0.0
t8201,0.0,0.0,0.0,0.0,0.0,0.0,0.0,0.0,0.0,139499.21387929076,18870.338512042894
t8202,0.0,0.0,0.0,0.0,0.0,0.0,0.0,0.0,0.0,139499.21387929076,19611.35623238212
t8203,0.0,0.0,0.0,0.0,0.0,0.0,0.0,0.0,0.0,135205.14020667522,0.0
t8204,0.0,0.0,0.0,0.0,0.0,0.0,0.0,0.0,0.0,118165.41942943669,0.0
t8205,0.0,0.0,0.0,0.0,0.0,0.0,0.0,0.0,0.0,103099.32014685433,0.0
t8206,0.0,0.0,0.0,0.0,0.0,0.0,0.0,0.0,0.0,88099.30766004245,0.0
t8207,0.0,0.0,0.0,0.0,0.0,0.0,0.0,0.0,0.0,74862.41092850953,0.0
t8208,0.0,0.0,0.0,0.0,0.0,0.0,0.0,0.0,0.0,64895.74183353354,0.0
t8209,0.0,0.0,0.0,0.0,0.0,0.0,0.0,0.0,0.0,57128.19873033777,0.0
t8210,0.0,0.0,0.0,0.0,0.0,0.0,0.0,0.0,0.0,52356.623922884,0.0
t8211,0.0,0.0,0.0,0.0,0.0,0.0,0.0,0.0,0.0,50456.026896425356,0.0
t8212,0.0,0.0,0.0,0.0,0.0,0.0,0.0,0.0,0.0,49949.16706340099,0.0
t8213,0.0,0.0,0.0,0.0,0.0,0.0,0.0,0.0,0.0,49949.16706340099,0.0
t8214,0.0,0.0,0.0,0.0,0.0,0.0,0.0,0.0,0.0,49626.785282745455,0.0
t8215,0.0,0.0,0.0,0.0,0.0,0.0,0.0,0.0,0.0,48514.52608462018,0.0
t8216,0.0,0.0,0.0,0.0,0.0,0.0,0.0,0.0,0.0,45861.30251250339,0.0
t8217,0.0,0.0,0.0,0.0,0.0,0.0,0.0,0.0,0.0,41116.38267146177,0.0
t8218,0.0,0.0,0.0,0.0,0.0,0.0,0.0,0.0,0.0,35072.451602976165,0.0
t8219,0.0,0.0,0.0,0.0,0.0,0.0,0.0,0.0,0.0,36920.55460044009,0.0
t8220,0.0,0.0,0.0,0.0,0.0,0.0,0.0,0.0,0.0,48753.967442196226,0.0
t8221,0.0,0.0,0.0,0.0,0.0,0.0,0.0,0.0,0.0,67662.0176579907,0.0
t8222,0.0,0.0,0.0,0.0,0.0,0.0,0.0,0.0,0.0,85349.65995871695,0.0
t8223,0.0,0.0,0.0,0.0,0.0,0.0,0.0,0.0,0.0,104549.42427775438,0.0
t8224,0.0,0.0,0.0,0.0,0.0,0.0,0.0,0.0,0.0,124854.26352530833,0.0
t8225,0.0,0.0,0.0,0.0,0.0,0.0,0.0,0.0,0.0,137093.02765126806,0.0
t8226,0.0,0.0,0.0,0.0,0.0,0.0,0.0,0.0,0.0,139499.21387929076,0.0
t8227,0.0,0.0,0.0,0.0,0.0,0.0,0.0,0.0,0.0,127177.31724943759,0.0
t8228,0.0,0.0,0.0,0.0,0.0,0.0,0.0,0.0,0.0,108073.56435963279,0.0
t8229,0.0,0.0,0.0,0.0,0.0,0.0,0.0,0.0,0.0,89652.51981675552,0.0
t8230,0.0,0.0,0.0,0.0,0.0,0.0,0.0,0.0,0.0,72434.95297449773,0.0
t8231,0.0,0.0,0.0,0.0,0.0,0.0,0.0,0.0,0.0,57434.50341626924,0.0
t8232,0.0,0.0,0.0,0.0,0.0,0.0,0.0,0.0,0.0,45889.33776311121,0.0
t8233,0.0,0.0,0.0,0.0,0.0,0.0,0.0,0.0,0.0,39107.65837507502,0.0
t8234,0.0,0.0,0.0,0.0,0.0,0.0,0.0,0.0,0.0,36474.50435267131,0.0
t8235,0.0,0.0,0.0,0.0,0.0,0.0,0.0,0.0,0.0,35627.430763537865,0.0
t8236,0.0,0.0,0.0,0.0,0.0,0.0,0.0,0.0,0.0,34566.994052062895,0.0
t8237,0.0,0.0,0.0,0.0,0.0,0.0,0.0,0.0,0.0,33085.14941973592,0.0
t8238,0.0,0.0,0.0,0.0,0.0,0.0,0.0,0.0,0.0,30344.624583489538,0.0
t8239,0.0,0.0,0.0,0.0,0.0,0.0,0.0,0.0,0.0,23733.866868686127,0.0
t8240,0.0,0.0,0.0,0.0,0.0,0.0,0.0,0.0,0.0,11634.24821841982,0.0
t8241,0.0,0.0,0.0,0.0,0.0,0.0,0.0,0.0,0.0,0.0,0.0
t8242,0.0,0.0,0.0,0.0,0.0,0.0,0.0,0.0,0.0,0.0,0.0
t8243,0.0,0.0,0.0,0.0,0.0,0.0,0.0,0.0,0.0,17115.086477716646,0.0
t8244,0.0,0.0,0.0,0.0,0.0,0.0,0.0,0.0,0.0,49199.90566995353,0.0
t8245,0.0,0.0,0.0,0.0,0.0,0.0,0.0,0.0,0.0,81284.7248621904,0.0
t8246,0.0,0.0,0.0,0.0,0.0,0.0,0.0,0.0,0.0,113369.54405442727,0.0
t8247,0.0,0.0,0.0,0.0,0.0,0.0,0.0,0.0,0.0,139499.21387929076,19898.86383786834
t8248,0.0,0.0,0.0,0.0,0.0,0.0,0.0,0.0,0.0,139499.21387929076,61511.39564161352
t8249,0.0,0.0,0.0,0.0,0.0,0.0,0.0,0.0,0.0,139499.21387929076,81754.01149038185
t8250,0.0,0.0,0.0,0.0,0.0,0.0,0.0,0.0,0.0,139499.21387929076,79204.35048236394
t8251,0.0,0.0,0.0,0.0,0.0,0.0,0.0,0.0,0.0,139499.21387929076,49974.706183850074
t8252,0.0,0.0,0.0,0.0,0.0,0.0,0.0,0.0,0.0,139499.21387929076,0.0
t8253,0.0,0.0,0.0,0.0,0.0,0.0,0.0,0.0,0.0,123237.74836204614,0.0
t8254,0.0,0.0,0.0,0.0,0.0,0.0,0.0,0.0,0.0,108335.97284672516,0.0
t8255,0.0,0.0,0.0,0.0,0.0,0.0,0.0,0.0,0.0,94852.56997799697,0.0
t8256,0.0,0.0,0.0,0.0,0.0,0.0,0.0,0.0,0.0,85392.47456234506,0.0
t8257,0.0,0.0,0.0,0.0,0.0,0.0,0.0,0.0,0.0,79941.82142105355,0.0
t8258,0.0,0.0,0.0,0.0,0.0,0.0,0.0,0.0,0.0,74723.54397510418,0.0
t8259,0.0,0.0,0.0,0.0,0.0,0.0,0.0,0.0,0.0,70613.05907910332,0.0
t8260,0.0,0.0,0.0,0.0,0.0,0.0,0.0,0.0,0.0,66504.28145727928,0.0
t8261,0.0,0.0,0.0,0.0,0.0,0.0,0.0,0.0,0.0,61479.00370733011,0.0
t8262,0.0,0.0,0.0,0.0,0.0,0.0,0.0,0.0,0.0,54517.31467502852,0.0
t8263,0.0,0.0,0.0,0.0,0.0,0.0,0.0,0.0,0.0,43075.59470721979,0.0
t8264,0.0,0.0,0.0,0.0,0.0,0.0,0.0,0.0,0.0,23346.710150869396,0.0
t8265,0.0,0.0,0.0,0.0,0.0,0.0,0.0,0.0,0.0,1645.9717250550689,0.0
t8266,0.0,0.0,0.0,0.0,0.0,0.0,0.0,0.0,0.0,0.0,0.0
t8267,0.0,0.0,0.0,0.0,0.0,0.0,0.0,0.0,0.0,6969.679875970669,0.0
t8268,0.0,0.0,0.0,0.0,0.0,0.0,0.0,0.0,0.0,25640.815452965435,0.0
t8269,0.0,0.0,0.0,0.0,0.0,0.0,0.0,0.0,0.0,51806.38183125088,0.0
t8270,0.0,0.0,0.0,0.0,0.0,0.0,0.0,0.0,0.0,81510.24256519256,0.0
t8271,0.0,0.0,0.0,0.0,0.0,0.0,0.0,0.0,0.0,111497.77707507953,0.0
t8272,0.0,0.0,0.0,0.0,0.0,0.0,0.0,0.0,0.0,139499.21387929076,0.0
t8273,0.0,0.0,0.0,0.0,0.0,0.0,0.0,0.0,0.0,139499.21387929076,22416.49217982991
t8274,0.0,0.0,0.0,0.0,0.0,0.0,0.0,0.0,0.0,139499.21387929076,25118.14180682597
t8275,0.0,0.0,0.0,0.0,0.0,0.0,0.0,0.0,0.0,139499.21387929076,8056.9267363304925
t8276,0.0,0.0,0.0,0.0,0.0,0.0,0.0,0.0,0.0,128177.65833538468,0.0
t8277,0.0,0.0,0.0,0.0,0.0,0.0,0.0,0.0,0.0,112217.94330124593,0.0
t8278,0.0,0.0,0.0,0.0,0.0,0.0,0.0,0.0,0.0,95794.66692371678,0.0
t8279,0.0,0.0,0.0,0.0,0.0,0.0,0.0,0.0,0.0,81076.31342666829,0.0
t8280,0.0,0.0,0.0,0.0,0.0,0.0,0.0,0.0,0.0,70830.71373955824,0.0
t8281,0.0,0.0,0.0,0.0,0.0,0.0,0.0,0.0,0.0,64599.51850754933,0.0
t8282,0.0,0.0,0.0,0.0,0.0,0.0,0.0,0.0,0.0,60505.66819612654,0.0
t8283,0.0,0.0,0.0,0.0,0.0,0.0,0.0,0.0,0.0,57053.32397583038,0.0
t8284,0.0,0.0,0.0,0.0,0.0,0.0,0.0,0.0,0.0,53313.32467612043,0.0
t8285,0.0,0.0,0.0,0.0,0.0,0.0,0.0,0.0,0.0,51056.59793323085,0.0
t8286,0.0,0.0,0.0,0.0,0.0,0.0,0.0,0.0,0.0,46091.92812335526,0.0
t8287,0.0,0.0,0.0,0.0,0.0,0.0,0.0,0.0,0.0,36039.32641249697,0.0
t8288,0.0,0.0,0.0,0.0,0.0,0.0,0.0,0.0,0.0,18750.349557795293,0.0
t8289,0.0,0.0,0.0,0.0,0.0,0.0,0.0,0.0,0.0,0.0,0.0
t8290,0.0,0.0,0.0,0.0,0.0,0.0,0.0,0.0,0.0,0.0,0.0
t8291,0.0,0.0,0.0,0.0,0.0,0.0,0.0,0.0,0.0,10243.418298519398,0.0
t8292,0.0,0.0,0.0,0.0,0.0,0.0,0.0,0.0,0.0,35839.77034190398,0.0
t8293,0.0,0.0,0.0,0.0,0.0,0.0,0.0,0.0,0.0,67924.58953414086,0.0
t8294,0.0,0.0,0.0,0.0,0.0,0.0,0.0,0.0,0.0,100009.40872637773,0.0
t8295,0.0,0.0,0.0,0.0,0.0,0.0,0.0,0.0,0.0,132094.2279186146,11758.60225421009
t8296,0.0,0.0,0.0,0.0,0.0,0.0,0.0,0.0,0.0,139499.21387929076,44612.03202799677
t8297,0.0,0.0,0.0,0.0,0.0,0.0,0.0,0.0,0.0,139499.21387929076,68535.41087781449
t8298,0.0,0.0,0.0,0.0,0.0,0.0,0.0,0.0,0.0,139499.21387929076,71694.45750870681
t8299,0.0,0.0,0.0,0.0,0.0,0.0,0.0,0.0,0.0,139499.21387929076,48745.54103835303
t8300,0.0,0.0,0.0,0.0,0.0,0.0,0.0,0.0,0.0,139499.21387929076,0.0
t8301,0.0,0.0,0.0,0.0,0.0,0.0,0.0,0.0,0.0,122936.89285369194,0.0
t8302,0.0,0.0,0.0,0.0,0.0,0.0,0.0,0.0,0.0,107705.39292929981,0.0
t8303,0.0,0.0,0.0,0.0,0.0,0.0,0.0,0.0,0.0,92880.51051256117,0.0
t8304,0.0,0.0,0.0,0.0,0.0,0.0,0.0,0.0,0.0,81796.91699539415,0.0
t8305,0.0,0.0,0.0,0.0,0.0,0.0,0.0,0.0,0.0,74466.40961824851,0.0
t8306,0.0,0.0,0.0,0.0,0.0,0.0,0.0,0.0,0.0,70071.75111606569,0.0
t8307,0.0,0.0,0.0,0.0,0.0,0.0,0.0,0.0,0.0,66516.83424156821,0.0
t8308,0.0,0.0,0.0,0.0,0.0,0.0,0.0,0.0,0.0,62969.57728898578,0.0
t8309,0.0,0.0,0.0,0.0,0.0,0.0,0.0,0.0,0.0,58743.58686497017,0.0
t8310,0.0,0.0,0.0,0.0,0.0,0.0,0.0,0.0,0.0,51674.08168107531,0.0
t8311,0.0,0.0,0.0,0.0,0.0,0.0,0.0,0.0,0.0,39542.77049247889,0.0
t8312,0.0,0.0,0.0,0.0,0.0,0.0,0.0,0.0,0.0,20206.92202099851,0.0
t8313,0.0,0.0,0.0,0.0,0.0,0.0,0.0,0.0,0.0,0.0,0.0
t8314,0.0,0.0,0.0,0.0,0.0,0.0,0.0,0.0,0.0,0.0,0.0
t8315,0.0,0.0,0.0,0.0,0.0,0.0,0.0,0.0,0.0,13222.97928761649,0.0
t8316,0.0,0.0,0.0,0.0,0.0,0.0,0.0,0.0,0.0,39196.83069001133,0.0
t8317,0.0,0.0,0.0,0.0,0.0,0.0,0.0,0.0,0.0,71281.64988224821,0.0
t8318,0.0,0.0,0.0,0.0,0.0,0.0,0.0,0.0,0.0,103366.4690744851,4358.924085914565
t8319,0.0,0.0,0.0,0.0,0.0,0.0,0.0,0.0,0.0,135451.28826672197,8398.898791782003
t8320,0.0,0.0,0.0,0.0,0.0,0.0,0.0,0.0,0.0,139499.21387929076,39287.1824694702
t8321,0.0,0.0,0.0,0.0,0.0,0.0,0.0,0.0,0.0,139499.21387929076,58763.91504285022
t8322,0.0,0.0,0.0,0.0,0.0,0.0,0.0,0.0,0.0,139499.21387929076,56596.51183688175
t8323,0.0,0.0,0.0,0.0,0.0,0.0,0.0,0.0,0.0,139499.21387929076,25575.975377923125
t8324,0.0,0.0,0.0,0.0,0.0,0.0,0.0,0.0,0.0,133466.89125220943,0.0
t8325,0.0,0.0,0.0,0.0,0.0,0.0,0.0,0.0,0.0,116732.0530159908,0.0
t8326,0.0,0.0,0.0,0.0,0.0,0.0,0.0,0.0,0.0,97454.59291586402,0.0
t8327,0.0,0.0,0.0,0.0,0.0,0.0,0.0,0.0,0.0,79102.88187867348,0.0
t8328,0.0,0.0,0.0,0.0,0.0,0.0,0.0,0.0,0.0,65795.86868690762,0.0
t8329,0.0,0.0,0.0,0.0,0.0,0.0,0.0,0.0,0.0,56804.572502070696,0.0
t8330,0.0,0.0,0.0,0.0,0.0,0.0,0.0,0.0,0.0,50974.70901084207,0.0
t8331,0.0,0.0,0.0,0.0,0.0,0.0,0.0,0.0,0.0,48690.36334574466,0.0
t8332,0.0,0.0,0.0,0.0,0.0,0.0,0.0,0.0,0.0,47935.44726900538,0.0
t8333,0.0,0.0,0.0,0.0,0.0,0.0,0.0,0.0,0.0,47935.44726900538,0.0
t8334,0.0,0.0,0.0,0.0,0.0,0.0,0.0,0.0,0.0,45961.00807638533,0.0
t8335,0.0,0.0,0.0,0.0,0.0,0.0,0.0,0.0,0.0,39444.29756044665,0.0
t8336,0.0,0.0,0.0,0.0,0.0,0.0,0.0,0.0,0.0,28155.830746070274,0.0
t8337,0.0,0.0,0.0,0.0,0.0,0.0,0.0,0.0,0.0,15642.851981816339,0.0
t8338,0.0,0.0,0.0,0.0,0.0,0.0,0.0,0.0,0.0,3552.750465695679,0.0
t8339,0.0,0.0,0.0,0.0,0.0,0.0,0.0,0.0,0.0,0.0,0.0
t8340,0.0,0.0,0.0,0.0,0.0,0.0,0.0,0.0,0.0,0.0,0.0
t8341,0.0,0.0,0.0,0.0,0.0,0.0,0.0,0.0,0.0,6104.536394974388,0.0
t8342,0.0,0.0,0.0,0.0,0.0,0.0,0.0,0.0,0.0,16108.32047319109,0.0
t8343,0.0,0.0,0.0,0.0,0.0,0.0,0.0,0.0,0.0,29344.097607559735,0.0
t8344,0.0,0.0,0.0,0.0,0.0,0.0,0.0,0.0,0.0,42726.983481291325,0.0
t8345,0.0,0.0,0.0,0.0,0.0,0.0,0.0,0.0,0.0,50460.78204144361,0.0
t8346,0.0,0.0,0.0,0.0,0.0,0.0,0.0,0.0,0.0,50460.78204144361,0.0
t8347,0.0,0.0,0.0,0.0,0.0,0.0,0.0,0.0,0.0,42739.295768618475,0.0
t8348,0.0,0.0,0.0,0.0,0.0,0.0,0.0,0.0,0.0,34012.53155372427,0.0
t8349,0.0,0.0,0.0,0.0,0.0,0.0,0.0,0.0,0.0,25435.601013037372,0.0
t8350,0.0,0.0,0.0,0.0,0.0,0.0,0.0,0.0,0.0,18397.984761429332,0.0
t8351,0.0,0.0,0.0,0.0,0.0,0.0,0.0,0.0,0.0,11542.431245085467,0.0
t8352,0.0,0.0,0.0,0.0,0.0,0.0,0.0,0.0,0.0,7133.360367361395,0.0
t8353,0.0,0.0,0.0,0.0,0.0,0.0,0.0,0.0,0.0,3147.0653490781215,0.0
t8354,0.0,0.0,0.0,0.0,0.0,0.0,0.0,0.0,0.0,3147.0653490781215,0.0
t8355,0.0,0.0,0.0,0.0,0.0,0.0,0.0,0.0,0.0,3147.0653490781215,0.0
t8356,0.0,0.0,0.0,0.0,0.0,0.0,0.0,0.0,0.0,3147.0653490781215,0.0
t8357,0.0,0.0,0.0,0.0,0.0,0.0,0.0,0.0,0.0,3637.315579383713,0.0
t8358,0.0,0.0,0.0,0.0,0.0,0.0,0.0,0.0,0.0,4012.644802316637,0.0
t8359,0.0,0.0,0.0,0.0,0.0,0.0,0.0,0.0,0.0,8021.909022504295,0.0
t8360,0.0,0.0,0.0,0.0,0.0,0.0,0.0,0.0,0.0,5145.157289104591,0.0
t8361,0.0,0.0,0.0,0.0,0.0,0.0,0.0,0.0,0.0,4132.354659695772,0.0
t8362,0.0,0.0,0.0,0.0,0.0,0.0,0.0,0.0,0.0,0.0,0.0
t8363,0.0,0.0,0.0,0.0,0.0,0.0,0.0,0.0,0.0,0.0,0.0
t8364,0.0,0.0,0.0,0.0,0.0,0.0,0.0,0.0,0.0,11376.095498713506,0.0
t8365,0.0,0.0,0.0,0.0,0.0,0.0,0.0,0.0,0.0,25083.9047817382,0.0
t8366,0.0,0.0,0.0,0.0,0.0,0.0,0.0,0.0,0.0,44751.25142156711,0.0
t8367,0.0,0.0,0.0,0.0,0.0,0.0,0.0,0.0,0.0,61512.02591522246,0.0
t8368,0.0,0.0,0.0,0.0,0.0,0.0,0.0,0.0,0.0,83022.69187653337,0.0
t8369,0.0,0.0,0.0,0.0,0.0,0.0,0.0,0.0,0.0,98143.32262647264,0.0
t8370,0.0,0.0,0.0,0.0,0.0,0.0,0.0,0.0,0.0,99844.64546301943,0.0
t8371,0.0,0.0,0.0,0.0,0.0,0.0,0.0,0.0,0.0,90497.95438059,0.0
t8372,0.0,0.0,0.0,0.0,0.0,0.0,0.0,0.0,0.0,73976.50444126496,0.0
t8373,0.0,0.0,0.0,0.0,0.0,0.0,0.0,0.0,0.0,58648.54504931293,0.0
t8374,0.0,0.0,0.0,0.0,0.0,0.0,0.0,0.0,0.0,45306.5611973557,0.0
t8375,0.0,0.0,0.0,0.0,0.0,0.0,0.0,0.0,0.0,33915.261175819964,0.0
t8376,0.0,0.0,0.0,0.0,0.0,0.0,0.0,0.0,0.0,26029.013861547963,0.0
t8377,0.0,0.0,0.0,0.0,0.0,0.0,0.0,0.0,0.0,21989.481825705072,0.0
t8378,0.0,0.0,0.0,0.0,0.0,0.0,0.0,0.0,0.0,18126.251774934957,0.0
t8379,0.0,0.0,0.0,0.0,0.0,0.0,0.0,0.0,0.0,17841.741189346147,0.0
t8380,0.0,0.0,0.0,0.0,0.0,0.0,0.0,0.0,0.0,17841.741189346147,0.0
t8381,0.0,0.0,0.0,0.0,0.0,0.0,0.0,0.0,0.0,17841.741189346147,0.0
t8382,0.0,0.0,0.0,0.0,0.0,0.0,0.0,0.0,0.0,17841.741189346147,0.0
t8383,0.0,0.0,0.0,0.0,0.0,0.0,0.0,0.0,0.0,17841.741189346147,0.0
t8384,0.0,0.0,0.0,0.0,0.0,0.0,0.0,0.0,0.0,17720.0786622198,0.0
t8385,0.0,0.0,0.0,0.0,0.0,0.0,0.0,0.0,0.0,14580.972883481467,0.0
t8386,0.0,0.0,0.0,0.0,0.0,0.0,0.0,0.0,0.0,8664.614196432029,0.0
t8387,0.0,0.0,0.0,0.0,0.0,0.0,0.0,0.0,0.0,8307.716189702965,0.0
t8388,0.0,0.0,0.0,0.0,0.0,0.0,0.0,0.0,0.0,11468.677056150966,0.0
t8389,0.0,0.0,0.0,0.0,0.0,0.0,0.0,0.0,0.0,23072.31560176507,0.0
t8390,0.0,0.0,0.0,0.0,0.0,0.0,0.0,0.0,0.0,41140.485171492764,0.0
t8391,0.0,0.0,0.0,0.0,0.0,0.0,0.0,0.0,0.0,61101.56922486574,0.0
t8392,0.0,0.0,0.0,0.0,0.0,0.0,0.0,0.0,0.0,81162.85933269578,0.0
t8393,0.0,0.0,0.0,0.0,0.0,0.0,0.0,0.0,0.0,97345.49525632238,0.0
t8394,0.0,0.0,0.0,0.0,0.0,0.0,0.0,0.0,0.0,102691.30399081,0.0
t8395,0.0,0.0,0.0,0.0,0.0,0.0,0.0,0.0,0.0,96146.96763268314,0.0
t8396,0.0,0.0,0.0,0.0,0.0,0.0,0.0,0.0,0.0,80159.32160765558,0.0
t8397,0.0,0.0,0.0,0.0,0.0,0.0,0.0,0.0,0.0,63878.968156451214,0.0
t8398,0.0,0.0,0.0,0.0,0.0,0.0,0.0,0.0,0.0,48398.081752363585,0.0
t8399,0.0,0.0,0.0,0.0,0.0,0.0,0.0,0.0,0.0,34449.8791221966,0.0
t8400,0.0,0.0,0.0,0.0,0.0,0.0,0.0,0.0,0.0,25109.942004346667,0.0
t8401,0.0,0.0,0.0,0.0,0.0,0.0,0.0,0.0,0.0,20887.809162698526,0.0
t8402,0.0,0.0,0.0,0.0,0.0,0.0,0.0,0.0,0.0,20369.735399565623,0.0
t8403,0.0,0.0,0.0,0.0,0.0,0.0,0.0,0.0,0.0,20369.735399565623,0.0
t8404,0.0,0.0,0.0,0.0,0.0,0.0,0.0,0.0,0.0,20369.735399565623,0.0
t8405,0.0,0.0,0.0,0.0,0.0,0.0,0.0,0.0,0.0,20369.735399565623,0.0
t8406,0.0,0.0,0.0,0.0,0.0,0.0,0.0,0.0,0.0,20369.735399565623,0.0
t8407,0.0,0.0,0.0,0.0,0.0,0.0,0.0,0.0,0.0,20369.735399565623,0.0
t8408,0.0,0.0,0.0,0.0,0.0,0.0,0.0,0.0,0.0,13988.885937743144,0.0
t8409,0.0,0.0,0.0,0.0,0.0,0.0,0.0,0.0,0.0,0.0,0.0
t8410,0.0,0.0,0.0,0.0,0.0,0.0,0.0,0.0,0.0,0.0,0.0
t8411,0.0,0.0,0.0,0.0,0.0,0.0,0.0,0.0,0.0,16502.044344005702,0.0
t8412,0.0,0.0,0.0,0.0,0.0,0.0,0.0,0.0,0.0,48488.447300917986,0.0
t8413,0.0,0.0,0.0,0.0,0.0,0.0,0.0,0.0,0.0,80573.26649315486,0.0
t8414,0.0,0.0,0.0,0.0,0.0,0.0,0.0,0.0,0.0,112658.08568539175,0.0
t8415,0.0,0.0,0.0,0.0,0.0,0.0,0.0,0.0,0.0,139499.21387929076,17824.898724787443
t8416,0.0,0.0,0.0,0.0,0.0,0.0,0.0,0.0,0.0,139499.21387929076,55992.38252417246
t8417,0.0,0.0,0.0,0.0,0.0,0.0,0.0,0.0,0.0,139499.21387929076,75324.49511390261
t8418,0.0,0.0,0.0,0.0,0.0,0.0,0.0,0.0,0.0,139499.21387929076,75008.53864451812
t8419,0.0,0.0,0.0,0.0,0.0,0.0,0.0,0.0,0.0,139499.21387929076,50923.07522115379
t8420,0.0,0.0,0.0,0.0,0.0,0.0,0.0,0.0,0.0,138507.96555157113,0.0
t8421,0.0,0.0,0.0,0.0,0.0,0.0,0.0,0.0,0.0,117130.88007032263,0.0
t8422,0.0,0.0,0.0,0.0,0.0,0.0,0.0,0.0,0.0,96298.56751276727,0.0
t8423,0.0,0.0,0.0,0.0,0.0,0.0,0.0,0.0,0.0,77275.78459434424,0.0
t8424,0.0,0.0,0.0,0.0,0.0,0.0,0.0,0.0,0.0,63343.1531137095,0.0
t8425,0.0,0.0,0.0,0.0,0.0,0.0,0.0,0.0,0.0,54698.77037688777,0.0
t8426,0.0,0.0,0.0,0.0,0.0,0.0,0.0,0.0,0.0,49549.9468467064,0.0
t8427,0.0,0.0,0.0,0.0,0.0,0.0,0.0,0.0,0.0,45972.04670950624,0.0
t8428,0.0,0.0,0.0,0.0,0.0,0.0,0.0,0.0,0.0,43080.22700557635,0.0
t8429,0.0,0.0,0.0,0.0,0.0,0.0,0.0,0.0,0.0,40797.26015486064,0.0
t8430,0.0,0.0,0.0,0.0,0.0,0.0,0.0,0.0,0.0,37963.36354866346,0.0
t8431,0.0,0.0,0.0,0.0,0.0,0.0,0.0,0.0,0.0,31676.09837837522,0.0
t8432,0.0,0.0,0.0,0.0,0.0,0.0,0.0,0.0,0.0,18350.34134046439,0.0
t8433,0.0,0.0,0.0,0.0,0.0,0.0,0.0,0.0,0.0,0.0,0.0
t8434,0.0,0.0,0.0,0.0,0.0,0.0,0.0,0.0,0.0,0.0,0.0
t8435,0.0,0.0,0.0,0.0,0.0,0.0,0.0,0.0,0.0,21273.456520964108,0.0
t8436,0.0,0.0,0.0,0.0,0.0,0.0,0.0,0.0,0.0,43489.64932748126,0.0
t8437,0.0,0.0,0.0,0.0,0.0,0.0,0.0,0.0,0.0,75574.46851971814,0.0
t8438,0.0,0.0,0.0,0.0,0.0,0.0,0.0,0.0,0.0,107414.3946870539,0.0
t8439,0.0,0.0,0.0,0.0,0.0,0.0,0.0,0.0,0.0,139499.21387929076,0.0
t8440,0.0,0.0,0.0,0.0,0.0,0.0,0.0,0.0,0.0,139499.21387929076,46450.89296991624
t8441,0.0,0.0,0.0,0.0,0.0,0.0,0.0,0.0,0.0,139499.21387929076,73033.70457352059
t8442,0.0,0.0,0.0,0.0,0.0,0.0,0.0,0.0,0.0,139499.21387929076,76962.83973462411
t8443,0.0,0.0,0.0,0.0,0.0,0.0,0.0,0.0,0.0,139499.21387929076,60116.989561113645
t8444,0.0,0.0,0.0,0.0,0.0,0.0,0.0,0.0,0.0,138368.98653776542,0.0
t8445,0.0,0.0,0.0,0.0,0.0,0.0,0.0,0.0,0.0,116907.53036443722,0.0
t8446,0.0,0.0,0.0,0.0,0.0,0.0,0.0,0.0,0.0,98306.98097633738,0.0
t8447,0.0,0.0,0.0,0.0,0.0,0.0,0.0,0.0,0.0,81428.07703039836,0.0
t8448,0.0,0.0,0.0,0.0,0.0,0.0,0.0,0.0,0.0,67172.25105947723,0.0
t8449,0.0,0.0,0.0,0.0,0.0,0.0,0.0,0.0,0.0,57686.213100003086,0.0
t8450,0.0,0.0,0.0,0.0,0.0,0.0,0.0,0.0,0.0,51574.81375543849,0.0
t8451,0.0,0.0,0.0,0.0,0.0,0.0,0.0,0.0,0.0,50459.625552679674,0.0
t8452,0.0,0.0,0.0,0.0,0.0,0.0,0.0,0.0,0.0,51075.878543480925,0.0
t8453,0.0,0.0,0.0,0.0,0.0,0.0,0.0,0.0,0.0,51720.682121916245,0.0
t8454,0.0,0.0,0.0,0.0,0.0,0.0,0.0,0.0,0.0,51513.20262658561,0.0
t8455,0.0,0.0,0.0,0.0,0.0,0.0,0.0,0.0,0.0,46841.549873960634,0.0
t8456,0.0,0.0,0.0,0.0,0.0,0.0,0.0,0.0,0.0,35065.97031035315,0.0
t8457,0.0,0.0,0.0,0.0,0.0,0.0,0.0,0.0,0.0,22316.893836872398,0.0
t8458,0.0,0.0,0.0,0.0,0.0,0.0,0.0,0.0,0.0,12367.01305904719,0.0
t8459,0.0,0.0,0.0,0.0,0.0,0.0,0.0,0.0,0.0,13246.490888314425,0.0
t8460,0.0,0.0,0.0,0.0,0.0,0.0,0.0,0.0,0.0,25033.34091003564,0.0
t8461,0.0,0.0,0.0,0.0,0.0,0.0,0.0,0.0,0.0,48239.448345360695,0.0
t8462,0.0,0.0,0.0,0.0,0.0,0.0,0.0,0.0,0.0,74644.3774691463,0.0
t8463,0.0,0.0,0.0,0.0,0.0,0.0,0.0,0.0,0.0,99587.23894438664,0.0
t8464,0.0,0.0,0.0,0.0,0.0,0.0,0.0,0.0,0.0,119514.30963826763,0.0
t8465,0.0,0.0,0.0,0.0,0.0,0.0,0.0,0.0,0.0,136617.12565529736,0.0
t8466,0.0,0.0,0.0,0.0,0.0,0.0,0.0,0.0,0.0,139499.21387929076,0.0
t8467,0.0,0.0,0.0,0.0,0.0,0.0,0.0,0.0,0.0,128283.9620289914,0.0
t8468,0.0,0.0,0.0,0.0,0.0,0.0,0.0,0.0,0.0,102077.53668589605,0.0
t8469,0.0,0.0,0.0,0.0,0.0,0.0,0.0,0.0,0.0,78476.51423015332,0.0
t8470,0.0,0.0,0.0,0.0,0.0,0.0,0.0,0.0,0.0,57002.482554159105,0.0
t8471,0.0,0.0,0.0,0.0,0.0,0.0,0.0,0.0,0.0,40679.912587782484,0.0
t8472,0.0,0.0,0.0,0.0,0.0,0.0,0.0,0.0,0.0,27202.180417113104,0.0
t8473,0.0,0.0,0.0,0.0,0.0,0.0,0.0,0.0,0.0,19175.968865074014,0.0
t8474,0.0,0.0,0.0,0.0,0.0,0.0,0.0,0.0,0.0,14553.234653153764,0.0
t8475,0.0,0.0,0.0,0.0,0.0,0.0,0.0,0.0,0.0,10916.84821081963,0.0
t8476,0.0,0.0,0.0,0.0,0.0,0.0,0.0,0.0,0.0,10086.77372106497,0.0
t8477,0.0,0.0,0.0,0.0,0.0,0.0,0.0,0.0,0.0,11515.508476557405,0.0
t8478,0.0,0.0,0.0,0.0,0.0,0.0,0.0,0.0,0.0,15007.247067340613,0.0
t8479,0.0,0.0,0.0,0.0,0.0,0.0,0.0,0.0,0.0,16868.703520725918,0.0
t8480,0.0,0.0,0.0,0.0,0.0,0.0,0.0,0.0,0.0,11722.681990492283,0.0
t8481,0.0,0.0,0.0,0.0,0.0,0.0,0.0,0.0,0.0,1.8189894035458565e-12,0.0
t8482,0.0,0.0,0.0,0.0,0.0,0.0,0.0,0.0,0.0,1709.0373375672903,0.0
t8483,0.0,0.0,0.0,0.0,0.0,0.0,0.0,0.0,0.0,28078.708901892052,0.0
t8484,0.0,0.0,0.0,0.0,0.0,0.0,0.0,0.0,0.0,60163.52809412893,0.0
t8485,0.0,0.0,0.0,0.0,0.0,0.0,0.0,0.0,0.0,92248.34728636581,0.0
t8486,0.0,0.0,0.0,0.0,0.0,0.0,0.0,0.0,0.0,124333.16647860268,0.0
t8487,0.0,0.0,0.0,0.0,0.0,0.0,0.0,0.0,0.0,139499.21387929076,39193.66856062858
t8488,0.0,0.0,0.0,0.0,0.0,0.0,0.0,0.0,0.0,139499.21387929076,85429.12730510472
t8489,0.0,0.0,0.0,0.0,0.0,0.0,0.0,0.0,0.0,139499.21387929076,108236.58831844416
t8490,0.0,0.0,0.0,0.0,0.0,0.0,0.0,0.0,0.0,139499.21387929076,104949.97023834498
t8491,0.0,0.0,0.0,0.0,0.0,0.0,0.0,0.0,0.0,139499.21387929076,75145.1127326127
t8492,0.0,0.0,0.0,0.0,0.0,0.0,0.0,0.0,0.0,139499.21387929076,20160.610408075845
t8493,0.0,0.0,0.0,0.0,0.0,0.0,0.0,0.0,0.0,134546.92181389494,0.0
t8494,0.0,0.0,0.0,0.0,0.0,0.0,0.0,0.0,0.0,120692.13158904688,0.0
t8495,0.0,0.0,0.0,0.0,0.0,0.0,0.0,0.0,0.0,106315.78220530796,0.0
t8496,0.0,0.0,0.0,0.0,0.0,0.0,0.0,0.0,0.0,95289.21599051481,0.0
t8497,0.0,0.0,0.0,0.0,0.0,0.0,0.0,0.0,0.0,87816.39553365826,0.0
t8498,0.0,0.0,0.0,0.0,0.0,0.0,0.0,0.0,0.0,83091.51274103633,0.0
t8499,0.0,0.0,0.0,0.0,0.0,0.0,0.0,0.0,0.0,79039.66970467412,0.0
t8500,0.0,0.0,0.0,0.0,0.0,0.0,0.0,0.0,0.0,75035.63170451326,0.0
t8501,0.0,0.0,0.0,0.0,0.0,0.0,0.0,0.0,0.0,69902.19149025159,0.0
t8502,0.0,0.0,0.0,0.0,0.0,0.0,0.0,0.0,0.0,62451.438211661545,0.0
t8503,0.0,0.0,0.0,0.0,0.0,0.0,0.0,0.0,0.0,50854.87347786911,0.0
t8504,0.0,0.0,0.0,0.0,0.0,0.0,0.0,0.0,0.0,32506.09869252416,0.0
t8505,0.0,0.0,0.0,0.0,0.0,0.0,0.0,0.0,0.0,11399.976584841488,0.0
t8506,0.0,0.0,0.0,0.0,0.0,0.0,0.0,0.0,0.0,0.0,0.0
t8507,0.0,0.0,0.0,0.0,0.0,0.0,0.0,0.0,0.0,834.3214475242025,0.0
t8508,0.0,0.0,0.0,0.0,0.0,0.0,0.0,0.0,0.0,16419.445338996145,0.0
t8509,0.0,0.0,0.0,0.0,0.0,0.0,0.0,0.0,0.0,37594.20853646945,0.0
t8510,0.0,0.0,0.0,0.0,0.0,0.0,0.0,0.0,0.0,68594.05099049835,0.0
t8511,0.0,0.0,0.0,0.0,0.0,0.0,0.0,0.0,0.0,100678.87018273523,3522.853858696402
t8512,0.0,0.0,0.0,0.0,0.0,0.0,0.0,0.0,0.0,132763.6893749721,5584.729263611157
t8513,0.0,0.0,0.0,0.0,0.0,0.0,0.0,0.0,0.0,139499.21387929076,29945.81207522893
t8514,0.0,0.0,0.0,0.0,0.0,0.0,0.0,0.0,0.0,139499.21387929076,43430.57142877519
t8515,0.0,0.0,0.0,0.0,0.0,0.0,0.0,0.0,0.0,139499.21387929076,32268.031028904104
t8516,0.0,0.0,0.0,0.0,0.0,0.0,0.0,0.0,0.0,136982.29605614662,0.0
t8517,0.0,0.0,0.0,0.0,0.0,0.0,0.0,0.0,0.0,121814.01841666769,0.0
t8518,0.0,0.0,0.0,0.0,0.0,0.0,0.0,0.0,0.0,104933.0456765136,0.0
t8519,0.0,0.0,0.0,0.0,0.0,0.0,0.0,0.0,0.0,88655.0538226048,0.0
t8520,0.0,0.0,0.0,0.0,0.0,0.0,0.0,0.0,0.0,77133.48269730328,0.0
t8521,0.0,0.0,0.0,0.0,0.0,0.0,0.0,0.0,0.0,68213.01957927879,0.0
t8522,0.0,0.0,0.0,0.0,0.0,0.0,0.0,0.0,0.0,61491.58072151008,0.0
t8523,0.0,0.0,0.0,0.0,0.0,0.0,0.0,0.0,0.0,56286.35008254369,0.0
t8524,0.0,0.0,0.0,0.0,0.0,0.0,0.0,0.0,0.0,52053.21715785218,0.0
t8525,0.0,0.0,0.0,0.0,0.0,0.0,0.0,0.0,0.0,48060.22970794756,0.0
t8526,0.0,0.0,0.0,0.0,0.0,0.0,0.0,0.0,0.0,43262.84636744414,0.0
t8527,0.0,0.0,0.0,0.0,0.0,0.0,0.0,0.0,0.0,32501.69777724608,0.0
t8528,0.0,0.0,0.0,0.0,0.0,0.0,0.0,0.0,0.0,18549.566924052324,0.0
t8529,0.0,0.0,0.0,0.0,0.0,0.0,0.0,0.0,0.0,2468.666460916335,0.0
t8530,0.0,0.0,0.0,0.0,0.0,0.0,0.0,0.0,0.0,0.0,0.0
t8531,0.0,0.0,0.0,0.0,0.0,0.0,0.0,0.0,0.0,10160.515843312922,0.0
t8532,0.0,0.0,0.0,0.0,0.0,0.0,0.0,0.0,0.0,36362.699983680875,0.0
t8533,0.0,0.0,0.0,0.0,0.0,0.0,0.0,0.0,0.0,68447.51917591775,0.0
t8534,0.0,0.0,0.0,0.0,0.0,0.0,0.0,0.0,0.0,100532.33836815463,0.0
t8535,0.0,0.0,0.0,0.0,0.0,0.0,0.0,0.0,0.0,132617.1575603915,0.0
t8536,0.0,0.0,0.0,0.0,0.0,0.0,0.0,0.0,0.0,139499.21387929076,26764.540954708224
t8537,0.0,0.0,0.0,0.0,0.0,0.0,0.0,0.0,0.0,139499.21387929076,43095.151386091326
t8538,0.0,0.0,0.0,0.0,0.0,0.0,0.0,0.0,0.0,139499.21387929076,41565.910331477426
t8539,0.0,0.0,0.0,0.0,0.0,0.0,0.0,0.0,0.0,139499.21387929076,18571.382881788104
t8540,0.0,0.0,0.0,0.0,0.0,0.0,0.0,0.0,0.0,131476.84476277148,0.0
t8541,0.0,0.0,0.0,0.0,0.0,0.0,0.0,0.0,0.0,113160.22888724181,0.0
t8542,0.0,0.0,0.0,0.0,0.0,0.0,0.0,0.0,0.0,98363.63158271943,0.0
t8543,0.0,0.0,0.0,0.0,0.0,0.0,0.0,0.0,0.0,84802.51544456737,0.0
t8544,0.0,0.0,0.0,0.0,0.0,0.0,0.0,0.0,0.0,73843.29603738937,0.0
t8545,0.0,0.0,0.0,0.0,0.0,0.0,0.0,0.0,0.0,66515.63170660032,0.0
t8546,0.0,0.0,0.0,0.0,0.0,0.0,0.0,0.0,0.0,61214.73428000218,0.0
t8547,0.0,0.0,0.0,0.0,0.0,0.0,0.0,0.0,0.0,57929.84613015636,0.0
t8548,0.0,0.0,0.0,0.0,0.0,0.0,0.0,0.0,0.0,56344.274870890345,0.0
t8549,0.0,0.0,0.0,0.0,0.0,0.0,0.0,0.0,0.0,55182.77313514157,0.0
t8550,0.0,0.0,0.0,0.0,0.0,0.0,0.0,0.0,0.0,53269.097125848675,0.0
t8551,0.0,0.0,0.0,0.0,0.0,0.0,0.0,0.0,0.0,50588.61995435548,0.0
t8552,0.0,0.0,0.0,0.0,0.0,0.0,0.0,0.0,0.0,47096.548006714256,0.0
t8553,0.0,0.0,0.0,0.0,0.0,0.0,0.0,0.0,0.0,42123.896722428166,0.0
t8554,0.0,0.0,0.0,0.0,0.0,0.0,0.0,0.0,0.0,35336.89018860861,0.0
t8555,0.0,0.0,0.0,0.0,0.0,0.0,0.0,0.0,0.0,41991.63146783498,0.0
t8556,0.0,0.0,0.0,0.0,0.0,0.0,0.0,0.0,0.0,61862.53823236161,0.0
t8557,0.0,0.0,0.0,0.0,0.0,0.0,0.0,0.0,0.0,76118.47965179083,0.0
t8558,0.0,0.0,0.0,0.0,0.0,0.0,0.0,0.0,0.0,94395.0172240678,0.0
t8559,0.0,0.0,0.0,0.0,0.0,0.0,0.0,0.0,0.0,111082.24871946234,0.0
t8560,0.0,0.0,0.0,0.0,0.0,0.0,0.0,0.0,0.0,125389.13197479698,0.0
t8561,0.0,0.0,0.0,0.0,0.0,0.0,0.0,0.0,0.0,134983.48573614916,0.0
t8562,0.0,0.0,0.0,0.0,0.0,0.0,0.0,0.0,0.0,139499.21387929076,0.0
t8563,0.0,0.0,0.0,0.0,0.0,0.0,0.0,0.0,0.0,130540.67210692631,0.0
t8564,0.0,0.0,0.0,0.0,0.0,0.0,0.0,0.0,0.0,115345.42265458452,0.0
t8565,0.0,0.0,0.0,0.0,0.0,0.0,0.0,0.0,0.0,99125.65736961283,0.0
t8566,0.0,0.0,0.0,0.0,0.0,0.0,0.0,0.0,0.0,84557.3109717469,0.0
t8567,0.0,0.0,0.0,0.0,0.0,0.0,0.0,0.0,0.0,70982.53616252395,0.0
t8568,0.0,0.0,0.0,0.0,0.0,0.0,0.0,0.0,0.0,59693.86880032787,0.0
t8569,0.0,0.0,0.0,0.0,0.0,0.0,0.0,0.0,0.0,51103.993779579476,0.0
t8570,0.0,0.0,0.0,0.0,0.0,0.0,0.0,0.0,0.0,45925.24761711383,0.0
t8571,0.0,0.0,0.0,0.0,0.0,0.0,0.0,0.0,0.0,44130.189063571626,0.0
t8572,0.0,0.0,0.0,0.0,0.0,0.0,0.0,0.0,0.0,42249.934929479794,0.0
t8573,0.0,0.0,0.0,0.0,0.0,0.0,0.0,0.0,0.0,40026.69618714156,0.0
t8574,0.0,0.0,0.0,0.0,0.0,0.0,0.0,0.0,0.0,35680.51029531558,0.0
t8575,0.0,0.0,0.0,0.0,0.0,0.0,0.0,0.0,0.0,28304.47027777536,0.0
t8576,0.0,0.0,0.0,0.0,0.0,0.0,0.0,0.0,0.0,17132.27494844584,0.0
t8577,0.0,0.0,0.0,0.0,0.0,0.0,0.0,0.0,0.0,3190.8182370505565,0.0
t8578,0.0,0.0,0.0,0.0,0.0,0.0,0.0,0.0,0.0,0.0,0.0
t8579,0.0,0.0,0.0,0.0,0.0,0.0,0.0,0.0,0.0,11723.968023586334,0.0
t8580,0.0,0.0,0.0,0.0,0.0,0.0,0.0,0.0,0.0,39196.49671687456,0.0
t8581,0.0,0.0,0.0,0.0,0.0,0.0,0.0,0.0,0.0,71281.31590911144,0.0
t8582,0.0,0.0,0.0,0.0,0.0,0.0,0.0,0.0,0.0,103366.1351013483,0.0
t8583,0.0,0.0,0.0,0.0,0.0,0.0,0.0,0.0,0.0,135450.95429358518,11193.716785362954
t8584,0.0,0.0,0.0,0.0,0.0,0.0,0.0,0.0,0.0,139499.21387929076,44507.382594021066
t8585,0.0,0.0,0.0,0.0,0.0,0.0,0.0,0.0,0.0,139499.21387929076,66875.42880854293
t8586,0.0,0.0,0.0,0.0,0.0,0.0,0.0,0.0,0.0,139499.21387929076,69431.69482830234
t8587,0.0,0.0,0.0,0.0,0.0,0.0,0.0,0.0,0.0,139499.21387929076,45925.48752380535
t8588,0.0,0.0,0.0,0.0,0.0,0.0,0.0,0.0,0.0,136763.62236922106,0.0
t8589,0.0,0.0,0.0,0.0,0.0,0.0,0.0,0.0,0.0,118079.2816431039,0.0
t8590,0.0,0.0,0.0,0.0,0.0,0.0,0.0,0.0,0.0,101320.31775033165,0.0
t8591,0.0,0.0,0.0,0.0,0.0,0.0,0.0,0.0,0.0,83597.44197357954,0.0
t8592,0.0,0.0,0.0,0.0,0.0,0.0,0.0,0.0,0.0,68350.88543265789,0.0
t8593,0.0,0.0,0.0,0.0,0.0,0.0,0.0,0.0,0.0,55215.625795560125,0.0
t8594,0.0,0.0,0.0,0.0,0.0,0.0,0.0,0.0,0.0,45337.6531297848,0.0
t8595,0.0,0.0,0.0,0.0,0.0,0.0,0.0,0.0,0.0,39153.60855624338,0.0
t8596,0.0,0.0,0.0,0.0,0.0,0.0,0.0,0.0,0.0,35257.32819864415,0.0
t8597,0.0,0.0,0.0,0.0,0.0,0.0,0.0,0.0,0.0,32959.93739301823,0.0
t8598,0.0,0.0,0.0,0.0,0.0,0.0,0.0,0.0,0.0,28549.974629497436,0.0
t8599,0.0,0.0,0.0,0.0,0.0,0.0,0.0,0.0,0.0,20242.193101269313,0.0
t8600,0.0,0.0,0.0,0.0,0.0,0.0,0.0,0.0,0.0,11315.74421587527,0.0
t8601,0.0,0.0,0.0,0.0,0.0,0.0,0.0,0.0,0.0,1906.5821020542353,0.0
t8602,0.0,0.0,0.0,0.0,0.0,0.0,0.0,0.0,0.0,0.0,0.0
t8603,0.0,0.0,0.0,0.0,0.0,0.0,0.0,0.0,0.0,12544.803728221308,0.0
t8604,0.0,0.0,0.0,0.0,0.0,0.0,0.0,0.0,0.0,39114.38916180592,0.0
t8605,0.0,0.0,0.0,0.0,0.0,0.0,0.0,0.0,0.0,71199.2083540428,0.0
t8606,0.0,0.0,0.0,0.0,0.0,0.0,0.0,0.0,0.0,103284.02754627969,0.0
t8607,0.0,0.0,0.0,0.0,0.0,0.0,0.0,0.0,0.0,135368.84673851656,0.0
t8608,0.0,0.0,0.0,0.0,0.0,0.0,0.0,0.0,0.0,139499.21387929076,39987.95284820501
t8609,0.0,0.0,0.0,0.0,0.0,0.0,0.0,0.0,0.0,139499.21387929076,65887.64959642974
t8610,0.0,0.0,0.0,0.0,0.0,0.0,0.0,0.0,0.0,139499.21387929076,74653.50656771868
t8611,0.0,0.0,0.0,0.0,0.0,0.0,0.0,0.0,0.0,139499.21387929076,60895.031569669845
t8612,0.0,0.0,0.0,0.0,0.0,0.0,0.0,0.0,0.0,139499.21387929076,21481.763403767513
t8613,0.0,0.0,0.0,0.0,0.0,0.0,0.0,0.0,0.0,139499.21387929076,0.0
t8614,0.0,0.0,0.0,0.0,0.0,0.0,0.0,0.0,0.0,132615.04294751902,0.0
t8615,0.0,0.0,0.0,0.0,0.0,0.0,0.0,0.0,0.0,125949.19379657786,0.0
t8616,0.0,0.0,0.0,0.0,0.0,0.0,0.0,0.0,0.0,118798.77462474236,0.0
t8617,0.0,0.0,0.0,0.0,0.0,0.0,0.0,0.0,0.0,113027.8081722692,0.0
t8618,0.0,0.0,0.0,0.0,0.0,0.0,0.0,0.0,0.0,106646.13351611716,0.0
t8619,0.0,0.0,0.0,0.0,0.0,0.0,0.0,0.0,0.0,100083.39427444819,0.0
t8620,0.0,0.0,0.0,0.0,0.0,0.0,0.0,0.0,0.0,91521.60827976567,0.0
t8621,0.0,0.0,0.0,0.0,0.0,0.0,0.0,0.0,0.0,81231.60911952911,0.0
t8622,0.0,0.0,0.0,0.0,0.0,0.0,0.0,0.0,0.0,68766.4864560116,0.0
t8623,0.0,0.0,0.0,0.0,0.0,0.0,0.0,0.0,0.0,52158.96616464419,0.0
t8624,0.0,0.0,0.0,0.0,0.0,0.0,0.0,0.0,0.0,31121.914553394225,0.0
t8625,0.0,0.0,0.0,0.0,0.0,0.0,0.0,0.0,0.0,7292.568127320909,0.0
t8626,0.0,0.0,0.0,0.0,0.0,0.0,0.0,0.0,0.0,0.0,0.0
t8627,0.0,0.0,0.0,0.0,0.0,0.0,0.0,0.0,0.0,4489.576310045223,0.0
t8628,0.0,0.0,0.0,0.0,0.0,0.0,0.0,0.0,0.0,23479.622918316527,0.0
t8629,0.0,0.0,0.0,0.0,0.0,0.0,0.0,0.0,0.0,49018.6913092083,0.0
t8630,0.0,0.0,0.0,0.0,0.0,0.0,0.0,0.0,0.0,80166.14187215305,0.0
t8631,0.0,0.0,0.0,0.0,0.0,0.0,0.0,0.0,0.0,111638.85440618386,0.0
t8632,0.0,0.0,0.0,0.0,0.0,0.0,0.0,0.0,0.0,139499.21387929076,689.7900450072678
t8633,0.0,0.0,0.0,0.0,0.0,0.0,0.0,0.0,0.0,139499.21387929076,35323.38923709915
t8634,0.0,0.0,0.0,0.0,0.0,0.0,0.0,0.0,0.0,139499.21387929076,56521.72095637547
t8635,0.0,0.0,0.0,0.0,0.0,0.0,0.0,0.0,0.0,139499.21387929076,47333.60812457425
t8636,0.0,0.0,0.0,0.0,0.0,0.0,0.0,0.0,0.0,139499.21387929076,0.0
t8637,0.0,0.0,0.0,0.0,0.0,0.0,0.0,0.0,0.0,120810.12203635377,0.0
t8638,0.0,0.0,0.0,0.0,0.0,0.0,0.0,0.0,0.0,103469.92188734135,0.0
t8639,0.0,0.0,0.0,0.0,0.0,0.0,0.0,0.0,0.0,88958.57627229329,0.0
t8640,0.0,0.0,0.0,0.0,0.0,0.0,0.0,0.0,0.0,78301.27780975767,0.0
t8641,0.0,0.0,0.0,0.0,0.0,0.0,0.0,0.0,0.0,70619.36458431811,0.0
t8642,0.0,0.0,0.0,0.0,0.0,0.0,0.0,0.0,0.0,65337.92115949616,0.0
t8643,0.0,0.0,0.0,0.0,0.0,0.0,0.0,0.0,0.0,60431.78156999974,0.0
t8644,0.0,0.0,0.0,0.0,0.0,0.0,0.0,0.0,0.0,55680.12523587403,0.0
t8645,0.0,0.0,0.0,0.0,0.0,0.0,0.0,0.0,0.0,50955.54072276669,0.0
t8646,0.0,0.0,0.0,0.0,0.0,0.0,0.0,0.0,0.0,44619.58070531531,0.0
t8647,0.0,0.0,0.0,0.0,0.0,0.0,0.0,0.0,0.0,34951.10215823405,0.0
t8648,0.0,0.0,0.0,0.0,0.0,0.0,0.0,0.0,0.0,21571.12180227742,0.0
t8649,0.0,0.0,0.0,0.0,0.0,0.0,0.0,0.0,0.0,6283.29486885915,0.0
t8650,0.0,0.0,0.0,0.0,0.0,0.0,0.0,0.0,0.0,0.0,0.0
t8651,0.0,0.0,0.0,0.0,0.0,0.0,0.0,0.0,0.0,3249.3041559942208,0.0
t8652,0.0,0.0,0.0,0.0,0.0,0.0,0.0,0.0,0.0,14725.482547842937,0.0
t8653,0.0,0.0,0.0,0.0,0.0,0.0,0.0,0.0,0.0,37496.515442350195,0.0
t8654,0.0,0.0,0.0,0.0,0.0,0.0,0.0,0.0,0.0,59383.50828406199,0.0
t8655,0.0,0.0,0.0,0.0,0.0,0.0,0.0,0.0,0.0,83745.71764293502,0.0
t8656,0.0,0.0,0.0,0.0,0.0,0.0,0.0,0.0,0.0,107962.5097976569,0.0
t8657,0.0,0.0,0.0,0.0,0.0,0.0,0.0,0.0,0.0,129566.89647778557,0.0
t8658,0.0,0.0,0.0,0.0,0.0,0.0,0.0,0.0,0.0,139499.21387929076,0.0
t8659,0.0,0.0,0.0,0.0,0.0,0.0,0.0,0.0,0.0,132378.540415982,0.0
t8660,0.0,0.0,0.0,0.0,0.0,0.0,0.0,0.0,0.0,111678.15375523809,0.0
t8661,0.0,0.0,0.0,0.0,0.0,0.0,0.0,0.0,0.0,92339.13067283542,0.0
t8662,0.0,0.0,0.0,0.0,0.0,0.0,0.0,0.0,0.0,74805.31361598437,0.0
t8663,0.0,0.0,0.0,0.0,0.0,0.0,0.0,0.0,0.0,60027.15097404667,0.0
t8664,0.0,0.0,0.0,0.0,0.0,0.0,0.0,0.0,0.0,48825.7885735585,0.0
t8665,0.0,0.0,0.0,0.0,0.0,0.0,0.0,0.0,0.0,41883.77828140846,0.0
t8666,0.0,0.0,0.0,0.0,0.0,0.0,0.0,0.0,0.0,37832.473070184664,0.0
t8667,0.0,0.0,0.0,0.0,0.0,0.0,0.0,0.0,0.0,35560.85285763192,0.0
t8668,0.0,0.0,0.0,0.0,0.0,0.0,0.0,0.0,0.0,33834.30660284749,0.0
t8669,0.0,0.0,0.0,0.0,0.0,0.0,0.0,0.0,0.0,32377.795366071965,0.0
t8670,0.0,0.0,0.0,0.0,0.0,0.0,0.0,0.0,0.0,30142.27067454331,0.0
t8671,0.0,0.0,0.0,0.0,0.0,0.0,0.0,0.0,0.0,25668.016233582384,0.0
t8672,0.0,0.0,0.0,0.0,0.0,0.0,0.0,0.0,0.0,17707.088415953473,0.0
t8673,0.0,0.0,0.0,0.0,0.0,0.0,0.0,0.0,0.0,7903.173549328455,0.0
t8674,0.0,0.0,0.0,0.0,0.0,0.0,0.0,0.0,0.0,0.0,0.0
t8675,0.0,0.0,0.0,0.0,0.0,0.0,0.0,0.0,0.0,8562.95291831566,0.0
t8676,0.0,0.0,0.0,0.0,0.0,0.0,0.0,0.0,0.0,31341.66349406225,0.0
t8677,0.0,0.0,0.0,0.0,0.0,0.0,0.0,0.0,0.0,61736.1450611649,0.0
t8678,0.0,0.0,0.0,0.0,0.0,0.0,0.0,0.0,0.0,93820.96425340176,3468.6644420003754
t8679,0.0,0.0,0.0,0.0,0.0,0.0,0.0,0.0,0.0,125905.78344563865,7591.872049263833
t8680,0.0,0.0,0.0,0.0,0.0,0.0,0.0,0.0,0.0,139499.21387929076,30559.97719037437
t8681,0.0,0.0,0.0,0.0,0.0,0.0,0.0,0.0,0.0,139499.21387929076,57521.13930781462
t8682,0.0,0.0,0.0,0.0,0.0,0.0,0.0,0.0,0.0,139499.21387929076,61812.78749709117
t8683,0.0,0.0,0.0,0.0,0.0,0.0,0.0,0.0,0.0,139499.21387929076,46359.59062281838
t8684,0.0,0.0,0.0,0.0,0.0,0.0,0.0,0.0,0.0,138481.81977231358,0.0
t8685,0.0,0.0,0.0,0.0,0.0,0.0,0.0,0.0,0.0,120888.40036382475,0.0
t8686,0.0,0.0,0.0,0.0,0.0,0.0,0.0,0.0,0.0,105225.6908397651,0.0
t8687,0.0,0.0,0.0,0.0,0.0,0.0,0.0,0.0,0.0,92565.30682728847,0.0
t8688,0.0,0.0,0.0,0.0,0.0,0.0,0.0,0.0,0.0,82386.71577301041,0.0
t8689,0.0,0.0,0.0,0.0,0.0,0.0,0.0,0.0,0.0,75838.59039784991,0.0
t8690,0.0,0.0,0.0,0.0,0.0,0.0,0.0,0.0,0.0,70904.62247122872,0.0
t8691,0.0,0.0,0.0,0.0,0.0,0.0,0.0,0.0,0.0,66135.97999093837,0.0
t8692,0.0,0.0,0.0,0.0,0.0,0.0,0.0,0.0,0.0,60342.84869177475,0.0
t8693,0.0,0.0,0.0,0.0,0.0,0.0,0.0,0.0,0.0,52745.453048543786,0.0
t8694,0.0,0.0,0.0,0.0,0.0,0.0,0.0,0.0,0.0,44598.00653955061,0.0
t8695,0.0,0.0,0.0,0.0,0.0,0.0,0.0,0.0,0.0,34877.60167606817,0.0
t8696,0.0,0.0,0.0,0.0,0.0,0.0,0.0,0.0,0.0,22184.698773460976,0.0
t8697,0.0,0.0,0.0,0.0,0.0,0.0,0.0,0.0,0.0,7735.617627809609,0.0
t8698,0.0,0.0,0.0,0.0,0.0,0.0,0.0,0.0,0.0,0.0,0.0
t8699,0.0,0.0,0.0,0.0,0.0,0.0,0.0,0.0,0.0,5075.215398563209,0.0
t8700,0.0,0.0,0.0,0.0,0.0,0.0,0.0,0.0,0.0,18809.442681720306,0.0
t8701,0.0,0.0,0.0,0.0,0.0,0.0,0.0,0.0,0.0,41106.98607116354,0.0
t8702,0.0,0.0,0.0,0.0,0.0,0.0,0.0,0.0,0.0,66104.43820034375,0.0
t8703,0.0,0.0,0.0,0.0,0.0,0.0,0.0,0.0,0.0,90019.71131938146,0.0
t8704,0.0,0.0,0.0,0.0,0.0,0.0,0.0,0.0,0.0,113039.49106992327,0.0
t8705,0.0,0.0,0.0,0.0,0.0,0.0,0.0,0.0,0.0,132334.21213903307,0.0
t8706,0.0,0.0,0.0,0.0,0.0,0.0,0.0,0.0,0.0,139499.21387929076,1293.800796299906
t8707,0.0,0.0,0.0,0.0,0.0,0.0,0.0,0.0,0.0,139499.21387929076,0.0
t8708,0.0,0.0,0.0,0.0,0.0,0.0,0.0,0.0,0.0,127548.7778337028,0.0
t8709,0.0,0.0,0.0,0.0,0.0,0.0,0.0,0.0,0.0,114432.12760631104,0.0
t8710,0.0,0.0,0.0,0.0,0.0,0.0,0.0,0.0,0.0,100895.27395486861,0.0
t8711,0.0,0.0,0.0,0.0,0.0,0.0,0.0,0.0,0.0,88151.30562089782,0.0
t8712,0.0,0.0,0.0,0.0,0.0,0.0,0.0,0.0,0.0,76678.30838391901,0.0
t8713,0.0,0.0,0.0,0.0,0.0,0.0,0.0,0.0,0.0,67505.57920425778,0.0
t8714,0.0,0.0,0.0,0.0,0.0,0.0,0.0,0.0,0.0,59964.44404074515,0.0
t8715,0.0,0.0,0.0,0.0,0.0,0.0,0.0,0.0,0.0,54028.804371357146,0.0
t8716,0.0,0.0,0.0,0.0,0.0,0.0,0.0,0.0,0.0,48136.70611510447,0.0
t8717,0.0,0.0,0.0,0.0,0.0,0.0,0.0,0.0,0.0,42214.88988342252,0.0
t8718,0.0,0.0,0.0,0.0,0.0,0.0,0.0,0.0,0.0,36389.89770619746,0.0
t8719,0.0,0.0,0.0,0.0,0.0,0.0,0.0,0.0,0.0,29010.407185847867,0.0
t8720,0.0,0.0,0.0,0.0,0.0,0.0,0.0,0.0,0.0,16592.751043204247,0.0
t8721,0.0,0.0,0.0,0.0,0.0,0.0,0.0,0.0,0.0,6367.2564491042285,0.0
t8722,0.0,0.0,0.0,0.0,0.0,0.0,0.0,0.0,0.0,-1.1368683772161603e-11,0.0
t8723,0.0,0.0,0.0,0.0,0.0,0.0,0.0,0.0,0.0,1730.5007186773037,0.0
t8724,0.0,0.0,0.0,0.0,0.0,0.0,0.0,0.0,0.0,13842.41311575595,0.0
t8725,0.0,0.0,0.0,0.0,0.0,0.0,0.0,0.0,0.0,36126.16443593095,0.0
t8726,0.0,0.0,0.0,0.0,0.0,0.0,0.0,0.0,0.0,62066.362869883975,0.0
t8727,0.0,0.0,0.0,0.0,0.0,0.0,0.0,0.0,0.0,87454.68811848742,0.0
t8728,0.0,0.0,0.0,0.0,0.0,0.0,0.0,0.0,0.0,110108.23542634616,0.0
t8729,0.0,0.0,0.0,0.0,0.0,0.0,0.0,0.0,0.0,130059.3966931529,0.0
t8730,0.0,0.0,0.0,0.0,0.0,0.0,0.0,0.0,0.0,137714.76754632217,0.0
t8731,0.0,0.0,0.0,0.0,0.0,0.0,0.0,0.0,0.0,128601.17290205875,0.0
t8732,0.0,0.0,0.0,0.0,0.0,0.0,0.0,0.0,0.0,113342.54497105902,0.0
t8733,0.0,0.0,0.0,0.0,0.0,0.0,0.0,0.0,0.0,98645.03677358963,0.0
t8734,0.0,0.0,0.0,0.0,0.0,0.0,0.0,0.0,0.0,85002.30093956331,0.0
t8735,0.0,0.0,0.0,0.0,0.0,0.0,0.0,0.0,0.0,73115.98755389272,0.0
t8736,0.0,0.0,0.0,0.0,0.0,0.0,0.0,0.0,0.0,65132.13474858823,0.0
t8737,0.0,0.0,0.0,0.0,0.0,0.0,0.0,0.0,0.0,58896.167299753615,0.0
t8738,0.0,0.0,0.0,0.0,0.0,0.0,0.0,0.0,0.0,54806.36040470835,0.0
t8739,0.0,0.0,0.0,0.0,0.0,0.0,0.0,0.0,0.0,53199.88217424579,0.0
t8740,0.0,0.0,0.0,0.0,0.0,0.0,0.0,0.0,0.0,51174.04571169248,0.0
t8741,0.0,0.0,0.0,0.0,0.0,0.0,0.0,0.0,0.0,49609.169340879496,0.0
t8742,0.0,0.0,0.0,0.0,0.0,0.0,0.0,0.0,0.0,48146.33497607797,0.0
t8743,0.0,0.0,0.0,0.0,0.0,0.0,0.0,0.0,0.0,45044.66560806824,0.0
t8744,0.0,0.0,0.0,0.0,0.0,0.0,0.0,0.0,0.0,34890.03388106393,0.0
t8745,0.0,0.0,0.0,0.0,0.0,0.0,0.0,0.0,0.0,27987.723505144455,0.0
t8746,0.0,0.0,0.0,0.0,0.0,0.0,0.0,0.0,0.0,18238.58507196998,0.0
t8747,0.0,0.0,0.0,0.0,0.0,0.0,0.0,0.0,0.0,9742.328390932076,0.0
t8748,0.0,0.0,0.0,0.0,0.0,0.0,0.0,0.0,0.0,5996.3070943790535,0.0
t8749,0.0,0.0,0.0,0.0,0.0,0.0,0.0,0.0,0.0,7257.803543942069,0.0
t8750,0.0,0.0,0.0,0.0,0.0,0.0,0.0,0.0,0.0,12768.346971591656,0.0
t8751,0.0,0.0,0.0,0.0,0.0,0.0,0.0,0.0,0.0,19715.523343326164,0.0
t8752,0.0,0.0,0.0,0.0,0.0,0.0,0.0,0.0,0.0,28422.248703858702,0.0
t8753,0.0,0.0,0.0,0.0,0.0,0.0,0.0,0.0,0.0,32877.5273641645,0.0
t8754,0.0,0.0,0.0,0.0,0.0,0.0,0.0,0.0,0.0,30986.991328841425,0.0
t8755,0.0,0.0,0.0,0.0,0.0,0.0,0.0,0.0,0.0,18108.784794526822,0.0
t8756,0.0,0.0,0.0,0.0,0.0,0.0,0.0,0.0,0.0,10391.962386862833,0.0
t8757,0.0,0.0,0.0,0.0,0.0,0.0,0.0,0.0,0.0,4633.498819289217,0.0
t8758,0.0,0.0,0.0,0.0,0.0,0.0,0.0,0.0,0.0,1608.848804669697,0.0
t8759,0.0,0.0,0.0,0.0,0.0,0.0,0.0,0.0,0.0,0.0,0.0
t8760,0.0,0.0,0.0,0.0,0.0,0.0,0.0,0.0,0.0,0.0,0.0
